0,WFAgent6,FEMALE_OLD_LOW_INCOME,15,13.185413818067508,0,0.0
0,WFAgent7,FEMALE_OLD,17,16.785034909576865,0,0.0
0,WFAgent8,YOUNG_HIGH_INCOME,5,4.505797697878626,59,0.0
0,WFAgent9,FEMALE_YOUNG_HIGH_INCOME,2,1.762455353495362,0,0.0
0,WFAgent16,MALE_OLD,16,15.406923120263135,132,0.0
0,WFAgent15,OLD_LOW_INCOME,26,23.635455140986156,325,0.0
0,WFAgent14,FEMALE_OLD_LOW_INCOME,15,15.717512092310004,436,0.0
0,WFAgent13,MALE_LOW_INCOME,22,22.37480907710753,25,21.929214414255057
0,WFAgent12,MALE_OLD_HIGH_INCOME,5,5.310059915414561,5,5.277524476761224
0,WFAgent11,FEMALE_OLD,17,16.943043253349845,74,0.0
0,WFAgent10,OLD_HIGH_INCOME,8,8.922101086457033,8,8.454235298982788
0,SIAgent7,FEMALE_OLD,17,18.470199520269244,18,18.17511402534415
0,SIAgent5,OLD_HIGH_INCOME,8,8.444039162817958,8,8.20682709963318
0,SIAgent6,MALE_OLD,16,17.0512165042732,16,16.354442105419416
0,SIAgent3,YOUNG_HIGH_INCOME,5,5.29433150733376,5,4.626233254025282
0,SIAgent4,MALE_LOW_INCOME,22,19.29770868454445,22,19.29770868454445
0,SIAgent1,MALE_HIGH_INCOME,8,7.636741068079788,8,7.209276316605802
0,SIAgent2,MALE_OLD_LOW_INCOME,11,10.579937176895026,11,9.999615636571066
0,SIAgent0,MALE_OLD,16,16.354442105419412,17,16.350812000655953
0,WFAgent0,MALE_YOUNG,15,14.437179259124443,320,7.0173486125616185
0,WFAgent1,MALE_YOUNG_HIGH_INCOME,4,3.6668794361028083,87,0.0
0,WFAgent2,FEMALE_OLD_LOW_INCOME,15,17.258985741495902,15,16.2972348708258
0,WFAgent3,MALE_OLD_LOW_INCOME,11,10.033516706860972,11,9.648854342272225
0,WFAgent4,FEMALE_LOW_INCOME,27,29.52012823269126,398,0.0
0,WFAgent5,MALE_HIGH_INCOME,8,7.058433616571248,0,0.0
1,WFAgent6,FEMALE_OLD_HIGH_INCOME,3,3.1884689731381544,3,3.1681882819389457
1,WFAgent7,MALE_LOW_INCOME,22,23.51143786209599,24,22.78449736661872
1,WFAgent8,MALE_OLD_LOW_INCOME,11,12.262488528948515,12,12.101489610634983
1,WFAgent9,FEMALE_OLD_LOW_INCOME,15,14.883155736081571,16,14.384980855508358
1,WFAgent16,MALE_LOW_INCOME,22,22.186064286164132,24,21.678056790208874
1,WFAgent15,FEMALE_OLD,17,18.661092319338128,17,17.900468858242515
1,WFAgent14,YOUNG_LOW_INCOME,23,19.115173653304904,0,0.0
1,WFAgent13,FEMALE_LOW_INCOME,27,27.525681940629557,373,0.0
1,WFAgent12,MALE_YOUNG_LOW_INCOME,12,10.408429419100512,13,10.267214387063502
1,WFAgent11,FEMALE_YOUNG,14,13.27559034872675,0,0.0
1,WFAgent10,MALE_YOUNG_LOW_INCOME,12,9.728955442094513,322,0.0
1,SIAgent7,OLD_HIGH_INCOME,8,8.448502085170523,24,8.411564630777427
1,SIAgent5,FEMALE_LOW_INCOME,27,31.077990071212405,29,30.033608111712883
1,SIAgent6,MALE_HIGH_INCOME,8,8.664713580212167,20,8.448502085170523
1,SIAgent3,FEMALE_HIGH_INCOME,4,4.199626072989863,97,0.0
1,SIAgent4,MALE_OLD_LOW_INCOME,11,9.656446675855822,285,0.0
1,SIAgent1,OLD_LOW_INCOME,26,23.37559389020108,81,23.03635365411936
1,SIAgent2,MALE_LOW_INCOME,22,20.885789252733822,22,20.557849497997545
1,SIAgent0,FEMALE_OLD_LOW_INCOME,15,15.794531345508101,15,15.02499408101843
1,WFAgent0,MALE_YOUNG_LOW_INCOME,12,14.021880335659421,13,13.893122373056718
1,WFAgent1,MALE_YOUNG_LOW_INCOME,12,9.477428664981694,0,0.0
1,WFAgent2,FEMALE_YOUNG_LOW_INCOME,12,13.341654358225917,14,13.27559034872675
1,WFAgent3,MALE_YOUNG_LOW_INCOME,12,11.326959197062628,13,10.804228586650595
1,WFAgent4,MALE_YOUNG_LOW_INCOME,12,13.295798989567281,14,13.290956797194253
1,WFAgent5,MALE_YOUNG_LOW_INCOME,12,11.768411619946914,12,11.39224868330936
2,WFAgent6,FEMALE_LOW_INCOME,27,28.831152125353725,29,28.066181017000694
2,WFAgent7,FEMALE_OLD_HIGH_INCOME,3,3.0055027824124005,60,1.773197532866612
2,WFAgent8,MALE_YOUNG_HIGH_INCOME,4,4.6679689711403345,5,4.57665310070226
2,WFAgent9,MALE_OLD_HIGH_INCOME,5,4.9055817837412,182,0.0
2,WFAgent16,FEMALE_OLD_LOW_INCOME,15,17.00107319814566,17,16.779380258898286
2,WFAgent15,FEMALE_HIGH_INCOME,4,4.198078279279414,4,3.52239715394409
2,WFAgent14,FEMALE_OLD_HIGH_INCOME,3,2.629493641859648,0,0.0
2,WFAgent13,MALE_LOW_INCOME,22,20.80176813125997,323,0.0
2,WFAgent12,MALE_YOUNG,15,13.041906137001783,0,0.0
2,WFAgent11,YOUNG_HIGH_INCOME,5,4.279372834234115,0,0.0
2,WFAgent10,YOUNG_LOW_INCOME,23,22.933910919185543,26,22.605970637469763
2,SIAgent7,FEMALE_OLD_LOW_INCOME,15,13.344234253019096,16,13.087096688307694
2,SIAgent5,FEMALE_YOUNG_HIGH_INCOME,2,1.7252017092883434,2,1.654792954342338
2,SIAgent6,FEMALE_YOUNG_HIGH_INCOME,2,1.654792954342338,45,0.0
2,SIAgent3,FEMALE_HIGH_INCOME,4,4.682620353598305,5,4.43299383216653
2,SIAgent4,OLD_LOW_INCOME,26,25.162782980759257,26,24.943252855557418
2,SIAgent1,FEMALE_HIGH_INCOME,4,3.546395065733224,4,3.546395065733224
2,SIAgent2,OLD_LOW_INCOME,26,24.687134376155296,36,24.01962165543436
2,SIAgent0,FEMALE_OLD_LOW_INCOME,15,12.269153145288463,411,0.0
2,WFAgent0,MALE_OLD,16,15.019297381652454,317,0.0
2,WFAgent1,MALE_OLD_LOW_INCOME,11,12.396519493231612,12,11.613592144965812
2,WFAgent2,FEMALE_LOW_INCOME,27,26.64960394060316,366,0.0
2,WFAgent3,MALE_YOUNG_HIGH_INCOME,4,3.661322480561808,89,0.0
2,WFAgent4,MALE_HIGH_INCOME,8,7.622675731178847,8,6.955683273067619
2,WFAgent5,MALE_OLD,16,16.90912842580124,17,16.324529632333835
3,WFAgent6,MALE_HIGH_INCOME,8,6.916900281090017,0,0.0
3,WFAgent7,MALE_HIGH_INCOME,8,7.524775713522286,80,0.0
3,WFAgent8,MALE_OLD_HIGH_INCOME,5,5.09857569470828,179,0.0
3,WFAgent9,FEMALE_YOUNG,14,14.568248256161555,16,14.483507645844751
3,WFAgent16,FEMALE_OLD_LOW_INCOME,15,14.920827980938268,15,14.106231667181792
3,WFAgent15,MALE_YOUNG,15,16.312404085120743,311,10.771645611524097
3,WFAgent14,MALE_OLD,16,13.046683402835656,0,0.0
3,WFAgent13,FEMALE_HIGH_INCOME,4,4.037762258618635,4,3.759870085334734
3,WFAgent12,FEMALE_OLD_LOW_INCOME,15,17.695650252994426,17,17.365412704841656
3,WFAgent11,FEMALE_OLD,17,17.672799055458853,17,17.051029222257924
3,WFAgent10,MALE_HIGH_INCOME,8,8.50136722177547,9,7.781512816226268
3,SIAgent7,MALE_YOUNG,15,18.044901653742965,16,17.10559972476602
3,SIAgent5,OLD_LOW_INCOME,26,24.45080155644844,747,0.0
3,SIAgent6,MALE_OLD_LOW_INCOME,11,11.217860417024832,11,10.344569889266648
3,SIAgent3,FEMALE_HIGH_INCOME,4,4.0456827077584245,4,4.007837622695298
3,SIAgent4,MALE_LOW_INCOME,22,24.17259956217642,23,23.717671887335936
3,SIAgent1,MALE_YOUNG_LOW_INCOME,12,11.750886121662651,12,11.750886121662651
3,SIAgent2,FEMALE_OLD_LOW_INCOME,15,15.322422974860284,15,14.878051150292908
3,SIAgent0,FEMALE_OLD_HIGH_INCOME,3,3.001233811038347,53,0.0
3,WFAgent0,FEMALE_YOUNG_LOW_INCOME,12,11.12230743954694,404,0.0
3,WFAgent1,FEMALE_HIGH_INCOME,4,3.9952225943409228,44,0.0
3,WFAgent2,FEMALE_YOUNG_HIGH_INCOME,2,1.879935042667367,0,0.0
3,WFAgent3,MALE_LOW_INCOME,22,25.279205016758528,23,24.87660892224655
3,WFAgent4,FEMALE_OLD,17,16.861791303665296,0,0.0
3,WFAgent5,FEMALE_YOUNG_LOW_INCOME,12,10.86263073438356,0,0.0
4,WFAgent6,MALE_LOW_INCOME,22,21.486533818815722,318,0.0
4,WFAgent7,FEMALE_OLD_HIGH_INCOME,3,2.362273394224525,0,0.0
4,WFAgent8,YOUNG_LOW_INCOME,23,23.244199044204958,31,22.875313612991903
4,WFAgent9,OLD_HIGH_INCOME,8,8.821662344035405,8,8.586377034264762
4,WFAgent16,MALE_OLD_HIGH_INCOME,5,5.3355409663076925,5,4.893993801465995
4,WFAgent15,OLD_HIGH_INCOME,8,7.467419851264825,8,7.204581926148661
4,WFAgent14,FEMALE_OLD_LOW_INCOME,15,15.372643179324815,341,0.0
4,WFAgent13,FEMALE_OLD_HIGH_INCOME,3,2.8507430095133897,3,2.727003284560014
4,WFAgent12,FEMALE_YOUNG_LOW_INCOME,12,11.71956612710055,291,0.0
4,WFAgent11,MALE_OLD_HIGH_INCOME,5,4.5028637038429125,134,0.0
4,WFAgent10,MALE_OLD,16,17.23590614221909,19,16.63750722610603
4,SIAgent7,MALE_LOW_INCOME,22,23.984128674403372,26,23.95597907635628
4,SIAgent5,FEMALE_YOUNG_HIGH_INCOME,2,2.292625531042262,2,1.5362159382893597
4,SIAgent6,OLD_HIGH_INCOME,8,7.977351462030793,7,6.980182529276945
4,SIAgent3,FEMALE_OLD,17,18.24605119781262,192,18.200391144095775
4,SIAgent4,MALE_YOUNG_HIGH_INCOME,4,3.227241322404681,106,0.0
4,SIAgent1,MALE_OLD_LOW_INCOME,11,11.86508633207963,12,11.71992753753585
4,SIAgent2,YOUNG_LOW_INCOME,23,16.97200687415529,23,16.972006874155284
4,SIAgent0,FEMALE_OLD_HIGH_INCOME,3,2.727003284560014,65,0.0
4,WFAgent0,FEMALE_YOUNG_HIGH_INCOME,2,1.5362159382893597,0,0.0
4,WFAgent1,MALE_OLD_HIGH_INCOME,5,4.526590352252994,5,4.37829137529106
4,WFAgent2,YOUNG_LOW_INCOME,23,24.286756106124916,24,23.439132254201095
4,WFAgent3,YOUNG_HIGH_INCOME,5,4.5998451669477936,56,0.0
4,WFAgent4,MALE_OLD,16,14.010532400931393,0,0.0
4,WFAgent5,MALE_YOUNG,15,14.640482620218032,324,8.854960108254932
5,WFAgent6,OLD_HIGH_INCOME,8,8.014477040148387,0,0.0
5,WFAgent7,FEMALE_OLD_HIGH_INCOME,3,3.5820586573013062,3,3.5660559995388583
5,WFAgent8,FEMALE_YOUNG_HIGH_INCOME,2,1.930868839007287,23,1.63488883512361
5,WFAgent9,OLD_HIGH_INCOME,8,9.963764491345739,9,9.417830129034275
5,WFAgent16,FEMALE_YOUNG_LOW_INCOME,12,10.914376288036811,328,0.0
5,WFAgent15,FEMALE_YOUNG_LOW_INCOME,12,12.104578923905958,13,11.823907645373215
5,WFAgent14,FEMALE_YOUNG_LOW_INCOME,12,11.78022417759652,13,11.492222722662163
5,WFAgent13,FEMALE_YOUNG,14,16.756468327142013,20,16.348888351236106
5,WFAgent12,YOUNG_LOW_INCOME,23,22.99425400801632,26,22.984445445324337
5,WFAgent11,YOUNG_LOW_INCOME,23,20.33239404778691,0,0.0
5,WFAgent10,FEMALE_OLD_HIGH_INCOME,3,3.0737315549887625,95,0.0
5,SIAgent7,MALE_OLD_LOW_INCOME,11,11.725089047941703,12,11.253979867100478
5,SIAgent5,MALE_OLD_LOW_INCOME,11,11.89411246818944,11,11.762250827474906
5,SIAgent6,FEMALE_YOUNG_LOW_INCOME,12,12.714656272149686,11,11.65510158280388
5,SIAgent3,YOUNG_HIGH_INCOME,5,4.087222087809025,65,4.087222087809025
5,SIAgent4,FEMALE_OLD_HIGH_INCOME,3,3.5660559995388583,3,3.5660559995388583
5,SIAgent1,MALE_OLD,16,15.005306489467307,24,14.971862085431049
5,SIAgent2,MALE_OLD,16,17.108728476327133,16,17.068188353200007
5,SIAgent0,MALE_OLD_HIGH_INCOME,5,5.217834124539894,5,4.6891582779585335
5,WFAgent0,MALE_OLD_LOW_INCOME,11,10.789130773671388,11,10.316148211508771
5,WFAgent1,FEMALE_OLD_LOW_INCOME,15,15.507628107772032,468,0.0
5,WFAgent2,FEMALE_YOUNG_LOW_INCOME,12,12.890048648214979,12,12.535242726897
5,WFAgent3,OLD_LOW_INCOME,26,24.17137899603668,288,0.0
5,WFAgent4,MALE_YOUNG_LOW_INCOME,12,10.720436496407897,362,0.0
5,WFAgent5,OLD_LOW_INCOME,26,22.279191582857113,0,0.0
6,WFAgent6,FEMALE_YOUNG,14,13.081803340001304,38,3.4973942041425277
6,WFAgent7,MALE_YOUNG_LOW_INCOME,12,11.955453919844345,13,11.866833020474234
6,WFAgent8,MALE_OLD_LOW_INCOME,11,11.469552459813453,11,11.17505233113936
6,WFAgent9,FEMALE_YOUNG_HIGH_INCOME,2,2.35264714011649,2,1.9804300870356653
6,WFAgent16,OLD_HIGH_INCOME,8,9.006547909152157,10,8.420979509650818
6,WFAgent15,MALE_HIGH_INCOME,8,7.419590231410377,0,0.0
6,WFAgent14,FEMALE_OLD_HIGH_INCOME,3,2.5262938528952454,0,0.0
6,WFAgent13,OLD_HIGH_INCOME,8,9.305720395117092,9,8.6907815386628
6,WFAgent12,MALE_OLD_HIGH_INCOME,5,5.876126539626906,5,5.606259209742688
6,WFAgent11,MALE_OLD_LOW_INCOME,11,11.156830916577755,303,0.0
6,WFAgent10,FEMALE_OLD_HIGH_INCOME,3,2.8969271795542664,44,0.0
6,SIAgent7,OLD_LOW_INCOME,26,29.5959537569395,28,28.821787582126944
6,SIAgent5,MALE_OLD_HIGH_INCOME,5,5.606259209742688,168,0.0
6,SIAgent6,MALE_YOUNG_LOW_INCOME,12,11.01907832937876,11,10.100821801930532
6,SIAgent3,MALE_YOUNG_LOW_INCOME,12,10.942167235175756,352,0.0
6,SIAgent4,FEMALE_OLD_LOW_INCOME,15,14.975345497487842,427,0.0
6,SIAgent1,FEMALE_YOUNG_HIGH_INCOME,2,1.7486971020712638,2,1.7486971020712638
6,SIAgent2,FEMALE_LOW_INCOME,27,27.719089916747826,54,26.955621895478096
6,SIAgent0,FEMALE_YOUNG_HIGH_INCOME,2,1.9804300870356653,2,1.7486971020712638
6,WFAgent0,MALE_YOUNG,15,15.578387675103023,104,0.0
6,WFAgent1,YOUNG_HIGH_INCOME,5,4.3530976022912675,0,0.0
6,WFAgent2,OLD_LOW_INCOME,26,26.93966724974188,26,26.37069125736562
6,WFAgent3,OLD_LOW_INCOME,26,26.34429952043097,0,0.0
6,WFAgent4,MALE_OLD_LOW_INCOME,11,11.175052331139359,11,11.145665181720792
6,WFAgent5,FEMALE_LOW_INCOME,27,23.95666499522609,380,0.0
7,WFAgent6,OLD_LOW_INCOME,26,25.33121649119097,424,0.0
7,WFAgent7,MALE_LOW_INCOME,22,19.874413979257092,0,0.0
7,WFAgent8,MALE_YOUNG_LOW_INCOME,12,12.255504725987647,357,0.0
7,WFAgent9,MALE_YOUNG_HIGH_INCOME,4,3.7643239939957787,103,0.0
7,WFAgent16,FEMALE_YOUNG_LOW_INCOME,12,9.8938545925187,0,0.0
7,WFAgent15,MALE_HIGH_INCOME,8,9.411641637581345,9,8.722534578174978
7,WFAgent14,MALE_YOUNG_LOW_INCOME,12,9.9829025070783,0,0.0
7,WFAgent13,FEMALE_OLD_LOW_INCOME,15,14.096443269506752,0,0.0
7,WFAgent12,MALE_OLD_LOW_INCOME,11,10.187647221699462,328,0.0
7,WFAgent11,FEMALE_YOUNG_HIGH_INCOME,2,2.1789717926246372,2,1.9068688237897142
7,WFAgent10,FEMALE_LOW_INCOME,27,26.779404425261507,392,0.9534344118948571
7,SIAgent7,MALE_OLD,16,15.506728138977737,16,14.651483422892056
7,SIAgent5,FEMALE_OLD,17,19.685778725417332,25,18.795257692675666
7,SIAgent6,MALE_YOUNG_HIGH_INCOME,4,3.991220257728062,4,3.7828127666768556
7,SIAgent3,MALE_OLD_LOW_INCOME,11,11.875908576781525,11,11.544535945535797
7,SIAgent4,FEMALE_OLD_LOW_INCOME,15,18.646569232938294,16,18.527791741569253
7,SIAgent1,MALE_YOUNG_HIGH_INCOME,4,3.7828127666768556,4,3.3309233244066823
7,SIAgent2,FEMALE_YOUNG,14,13.348081766527999,13,12.394647354633145
7,SIAgent0,MALE_OLD_LOW_INCOME,11,12.169273183871919,11,11.875908576781523
7,WFAgent0,YOUNG_HIGH_INCOME,5,5.439091447505839,35,0.0
7,WFAgent1,MALE_YOUNG_LOW_INCOME,12,14.100363000292802,15,13.550736804038921
7,WFAgent2,MALE_HIGH_INCOME,8,6.6618466488133645,0,0.0
7,WFAgent3,MALE_OLD_LOW_INCOME,11,12.083884754592843,11,11.875908576781523
7,WFAgent4,MALE_OLD_HIGH_INCOME,5,4.522741259331548,141,0.0
7,WFAgent5,MALE_HIGH_INCOME,8,8.307616906029367,9,7.767456835083912
8,WFAgent6,FEMALE_OLD_HIGH_INCOME,3,2.9956147476444155,3,2.711302683049768
8,WFAgent7,FEMALE_HIGH_INCOME,4,3.7591613092038174,4,3.2648997963927684
8,WFAgent8,MALE_LOW_INCOME,22,24.465124166233394,367,11.881122260310203
8,WFAgent9,FEMALE_YOUNG_HIGH_INCOME,2,2.118563772779603,2,1.8795806546019087
8,WFAgent16,OLD_HIGH_INCOME,8,8.925674617437778,132,0.0
8,WFAgent15,FEMALE_OLD,17,18.716932711358933,19,17.856016218718135
8,WFAgent14,MALE_LOW_INCOME,22,23.42414216865954,0,0.0
8,WFAgent13,FEMALE_HIGH_INCOME,4,3.579302213939458,46,0.0
8,WFAgent12,MALE_OLD,16,13.313567799855452,0,0.0
8,WFAgent11,FEMALE_YOUNG_HIGH_INCOME,2,1.9477057800503519,2,1.8075351220331788
8,WFAgent10,YOUNG_HIGH_INCOME,5,5.087347687026736,0,0.0
8,SIAgent7,OLD_HIGH_INCOME,8,8.984741929305214,8,8.186879311503079
8,SIAgent5,FEMALE_OLD_LOW_INCOME,15,14.474209408543409,427,11.579367526834725
8,SIAgent6,MALE_YOUNG_HIGH_INCOME,4,4.617321016245002,110,0.0
8,SIAgent3,FEMALE_OLD,17,18.47050359024763,18,17.967748276125146
8,SIAgent4,FEMALE_YOUNG_LOW_INCOME,12,9.531941615963184,380,0.0
8,SIAgent1,FEMALE_HIGH_INCOME,4,3.6150702440663576,23,3.6150702440663576
8,SIAgent2,OLD_HIGH_INCOME,8,9.528643873304784,8,8.984741929305214
8,SIAgent0,YOUNG_LOW_INCOME,23,24.842346544284972,29,24.464393350249203
8,WFAgent0,MALE_OLD,16,15.216763630439365,316,0.0
8,WFAgent1,FEMALE_OLD_LOW_INCOME,15,15.09352819405246,15,14.474209408543405
8,WFAgent2,FEMALE_HIGH_INCOME,4,3.2648997963927684,0,0.0
8,WFAgent3,FEMALE_OLD_LOW_INCOME,15,14.973123563437621,15,14.474209408543405
8,WFAgent4,OLD_LOW_INCOME,26,28.809599156221598,30,28.531431807073798
8,WFAgent5,MALE_OLD,16,16.037010370989343,19,15.809861762328355
9,WFAgent6,FEMALE_HIGH_INCOME,4,3.945994303890413,4,3.3731766458311268
9,WFAgent7,MALE_YOUNG,15,15.029259878550585,86,0.0
9,WFAgent8,FEMALE_YOUNG_LOW_INCOME,12,11.321528960455835,12,10.661179733662557
9,WFAgent9,OLD_LOW_INCOME,26,23.568618400046475,0,0.0
9,WFAgent16,MALE_YOUNG,15,15.246517061160935,17,14.542611237206186
9,WFAgent15,OLD_LOW_INCOME,26,25.673973753581347,457,0.0
9,WFAgent14,FEMALE_OLD_LOW_INCOME,15,16.555415634091084,18,16.31673581541679
9,WFAgent13,FEMALE_LOW_INCOME,27,29.923307641033514,31,29.24728314784423
9,WFAgent12,MALE_YOUNG_HIGH_INCOME,4,4.412672367339797,4,4.050284324819517
9,WFAgent11,YOUNG_LOW_INCOME,23,20.89449406709011,0,0.0
9,WFAgent10,OLD_HIGH_INCOME,8,9.315577855601799,9,8.932592350359247
9,SIAgent7,FEMALE_HIGH_INCOME,4,3.3731766458311268,106,0.0
9,SIAgent5,FEMALE_YOUNG_LOW_INCOME,12,10.661179733662559,338,0.0
9,SIAgent6,OLD_HIGH_INCOME,8,7.72367270330479,9,7.362325534951244
9,SIAgent3,FEMALE_YOUNG_LOW_INCOME,12,13.640748389278716,13,13.62145199626303
9,SIAgent4,MALE_YOUNG,15,15.188566218073186,15,14.964894730964794
9,SIAgent1,MALE_YOUNG_LOW_INCOME,12,11.944386986358495,318,0.0
9,SIAgent2,MALE_OLD,16,17.39502987974044,22,16.76704278243527
9,SIAgent0,MALE_OLD,16,11.674131237974175,107,11.674131237974173
9,WFAgent0,FEMALE_OLD_HIGH_INCOME,3,3.271419674312811,3,2.8963772637392964
9,WFAgent1,YOUNG_HIGH_INCOME,5,4.2772385991782915,0,0.0
9,WFAgent2,MALE_LOW_INCOME,22,24.956442432518315,24,24.301705948917093
9,WFAgent3,MALE_OLD,16,14.823906673252855,130,12.403764440347558
9,WFAgent4,FEMALE_HIGH_INCOME,4,4.490015782939097,5,4.2772385991782915
9,WFAgent5,FEMALE_LOW_INCOME,27,28.290707992238605,31,28.162144177382313
10,WFAgent6,FEMALE_YOUNG_LOW_INCOME,12,8.978186256074695,0,0.0
10,WFAgent7,FEMALE_OLD_LOW_INCOME,15,14.44251520026144,462,0.0
10,WFAgent8,FEMALE_YOUNG_LOW_INCOME,12,11.635297960606195,13,11.578381537050815
10,WFAgent9,MALE_YOUNG_HIGH_INCOME,4,3.863067960412566,0,0.0
10,WFAgent16,YOUNG_HIGH_INCOME,5,5.278294919102269,75,0.0
10,WFAgent15,MALE_OLD_LOW_INCOME,11,11.691427972262915,11,11.23464981111727
10,WFAgent14,MALE_HIGH_INCOME,8,9.175029267082458,8,8.170654408085289
10,WFAgent13,FEMALE_OLD,17,14.68003355736467,0,0.0
10,WFAgent12,YOUNG_LOW_INCOME,23,27.141520979966728,28,26.910749604919666
10,WFAgent11,FEMALE_YOUNG,14,13.08385425425691,0,0.0
10,WFAgent10,FEMALE_OLD,17,19.598294952472433,19,18.80874373710492
10,SIAgent7,MALE_OLD_LOW_INCOME,11,12.677519776294426,12,12.36867815372492
10,SIAgent5,FEMALE_OLD_HIGH_INCOME,3,2.84809496835374,3,2.84809496835374
10,SIAgent6,MALE_OLD,16,16.341308816170578,506,0.0
10,SIAgent3,MALE_OLD_HIGH_INCOME,5,5.1156688690852645,5,5.1156688690852645
10,SIAgent4,MALE_YOUNG_LOW_INCOME,12,12.37862000078533,11,11.347068334053223
10,SIAgent1,YOUNG_LOW_INCOME,23,20.484828873243757,679,0.0
10,SIAgent2,FEMALE_HIGH_INCOME,4,4.207985458734653,4,3.797459957804987
10,SIAgent0,FEMALE_YOUNG_LOW_INCOME,12,13.269169131808136,14,13.083854254256911
10,WFAgent0,FEMALE_OLD_HIGH_INCOME,3,2.5283287719537277,0,0.0
10,WFAgent1,FEMALE_OLD,17,16.828875975304403,67,2.84809496835374
10,WFAgent2,YOUNG_HIGH_INCOME,5,4.9053148557491095,47,0.0
10,WFAgent3,OLD_LOW_INCOME,26,26.798802666403986,31,26.769472957547347
10,WFAgent4,YOUNG_HIGH_INCOME,5,5.4806537193472655,5,4.9053148557491095
10,WFAgent5,OLD_LOW_INCOME,26,25.320762001430275,0,0.0
11,WFAgent6,MALE_YOUNG,15,13.73742260659753,0,0.0
11,WFAgent7,MALE_YOUNG_HIGH_INCOME,4,4.700083285777939,4,3.8921144080097703
11,WFAgent8,FEMALE_OLD_LOW_INCOME,15,14.514605387465593,432,0.0
11,WFAgent9,FEMALE_OLD_HIGH_INCOME,3,2.78535585479512,77,0.0
11,WFAgent16,MALE_HIGH_INCOME,8,9.492491771226328,9,8.594384384183156
11,WFAgent15,OLD_LOW_INCOME,26,27.026192452495287,30,26.76794016560012
11,WFAgent14,MALE_OLD,16,19.30562387034413,17,18.603599586175502
11,WFAgent13,FEMALE_YOUNG_HIGH_INCOME,2,2.3216492577941104,2,1.6830196949453442
11,WFAgent12,MALE_LOW_INCOME,22,22.24362471290139,25,21.789876388291393
11,WFAgent11,MALE_YOUNG_HIGH_INCOME,4,3.8524227651748526,97,0.0
11,WFAgent10,MALE_OLD_LOW_INCOME,11,11.986673356155032,11,11.349357319765943
11,SIAgent7,MALE_YOUNG,15,17.169448300353967,15,16.471152744872462
11,SIAgent5,MALE_LOW_INCOME,22,19.175091221696423,615,15.688710999569796
11,SIAgent6,FEMALE_HIGH_INCOME,4,3.8780217472773617,4,3.533255030194819
11,SIAgent3,FEMALE_YOUNG,14,11.78113786461741,423,0.0
11,SIAgent4,FEMALE_HIGH_INCOME,4,4.015525671347886,4,3.8780217472773617
11,SIAgent1,MALE_OLD_LOW_INCOME,11,12.098382398711978,10,10.998529453374529
11,SIAgent2,FEMALE_YOUNG_LOW_INCOME,12,10.786405700519115,11,9.88753855880919
11,SIAgent0,MALE_LOW_INCOME,22,23.90164898880306,26,23.306002048428496
11,WFAgent0,FEMALE_OLD_LOW_INCOME,15,13.383970082800065,0,0.0
11,WFAgent1,MALE_LOW_INCOME,22,21.25519342040648,24,20.918281332759737
11,WFAgent2,FEMALE_YOUNG_LOW_INCOME,12,11.746306524006654,13,11.51320095951728
11,WFAgent3,OLD_HIGH_INCOME,8,9.031351584853496,151,0.0
11,WFAgent4,OLD_HIGH_INCOME,8,7.639452785940582,0,0.0
11,WFAgent5,FEMALE_OLD_HIGH_INCOME,3,2.6499412726461142,0,0.0
12,WFAgent6,FEMALE_YOUNG_LOW_INCOME,12,12.934429030610529,13,12.415431744626346
12,WFAgent7,MALE_OLD,16,13.271479987150933,0,0.0
12,WFAgent8,OLD_HIGH_INCOME,8,8.568391086525237,8,8.237585069059934
12,WFAgent9,MALE_HIGH_INCOME,8,7.47062640625187,150,0.0
12,WFAgent16,FEMALE_YOUNG_LOW_INCOME,12,12.982284224152934,12,12.29138356148009
12,WFAgent15,FEMALE_YOUNG,14,13.918310922124547,14,13.37046495575145
12,WFAgent14,MALE_OLD_LOW_INCOME,11,11.55614710741674,11,11.277012072976765
12,WFAgent13,YOUNG_HIGH_INCOME,5,4.9265037653574995,5,4.784011451008033
12,WFAgent12,FEMALE_OLD_LOW_INCOME,15,15.770633386560968,15,14.919188906041056
12,WFAgent11,MALE_YOUNG,15,14.50437461130463,92,0.0
12,WFAgent10,MALE_LOW_INCOME,22,20.172142146035277,360,0.0
12,SIAgent7,OLD_LOW_INCOME,26,23.67414941491791,699,19.121428373587538
12,SIAgent5,FEMALE_LOW_INCOME,27,29.980582472502448,28,29.231983341894992
12,SIAgent6,FEMALE_HIGH_INCOME,4,4.1156125299243795,4,3.8555144260304766
12,SIAgent3,FEMALE_HIGH_INCOME,4,3.4605561046422437,105,0.0
12,SIAgent4,FEMALE_YOUNG_HIGH_INCOME,2,1.9277572130152383,2,1.9277572130152383
12,SIAgent1,OLD_LOW_INCOME,26,26.654755808854162,25,25.629572893129012
12,SIAgent2,MALE_HIGH_INCOME,8,8.451719650018449,9,8.404454707033352
12,SIAgent0,FEMALE_YOUNG,14,13.37046495575145,89,12.831099845964195
12,WFAgent0,MALE_YOUNG_LOW_INCOME,12,11.586125091308936,13,11.329437696334894
12,WFAgent1,FEMALE_HIGH_INCOME,4,4.118792534529968,4,3.4605561046422437
12,WFAgent2,FEMALE_LOW_INCOME,27,27.655613013330196,30,27.316326247982207
12,WFAgent3,FEMALE_HIGH_INCOME,4,4.186978323300189,4,4.1156125299243795
12,WFAgent4,MALE_YOUNG,15,13.07242811115565,0,0.0
12,WFAgent5,MALE_OLD_HIGH_INCOME,5,5.190134073158414,6,4.976804995181601
13,WFAgent6,MALE_YOUNG_HIGH_INCOME,4,4.925917859329527,4,4.274649340708811
13,WFAgent7,MALE_OLD,16,13.515335104909198,0,0.0
13,WFAgent8,FEMALE_LOW_INCOME,27,32.07312051826923,37,31.558927157254363
13,WFAgent9,MALE_YOUNG_HIGH_INCOME,4,3.315457655681951,0,0.0
13,WFAgent16,MALE_OLD_HIGH_INCOME,5,5.257538704595003,5,4.894652606832538
13,WFAgent15,FEMALE_OLD_HIGH_INCOME,3,3.041233196304304,3,2.933365945409667
13,WFAgent14,FEMALE_HIGH_INCOME,4,3.38990006682698,0,0.0
13,WFAgent13,OLD_LOW_INCOME,26,25.38402755235448,390,0.0
13,WFAgent12,YOUNG_HIGH_INCOME,5,5.343311675886013,95,3.017290227136961
13,WFAgent11,MALE_YOUNG_HIGH_INCOME,4,4.3153461837758655,4,4.023053636182614
13,WFAgent10,FEMALE_YOUNG_HIGH_INCOME,2,1.9134796650579489,2,1.69495003341349
13,SIAgent7,FEMALE_YOUNG,14,11.770823739797095,13,10.930050615525875
13,SIAgent5,MALE_OLD_HIGH_INCOME,5,4.903216653557179,5,4.903216653557179
13,SIAgent6,FEMALE_OLD_HIGH_INCOME,3,2.931039521989644,3,2.558831931669271
13,SIAgent3,OLD_HIGH_INCOME,8,9.198528313962068,9,8.934594161965153
13,SIAgent4,FEMALE_HIGH_INCOME,4,4.140181693970207,4,3.8269593301158977
13,SIAgent1,FEMALE_OLD,17,14.500047612792535,483,0.0
13,SIAgent2,MALE_YOUNG_HIGH_INCOME,4,4.023053636182614,4,4.023053636182614
13,SIAgent0,OLD_HIGH_INCOME,8,7.822309187759112,41,7.822309187759111
13,WFAgent0,FEMALE_YOUNG_HIGH_INCOME,2,1.8264930732217253,51,0.8407731242712211
13,WFAgent1,OLD_HIGH_INCOME,8,7.833352596535557,8,7.819982764339089
13,WFAgent2,FEMALE_OLD_HIGH_INCOME,3,3.3720684444663664,3,2.937507223700834
13,WFAgent3,FEMALE_LOW_INCOME,27,28.136270468311533,381,15.133916236881982
13,WFAgent4,FEMALE_YOUNG,14,15.434760324528668,18,15.133916236881982
13,WFAgent5,FEMALE_YOUNG_HIGH_INCOME,2,1.9923115666620264,2,1.8264930732217253
14,WFAgent6,YOUNG_HIGH_INCOME,5,4.642601015594114,94,0.0
14,WFAgent7,MALE_OLD_LOW_INCOME,11,11.662498778377723,13,11.391649904924265
14,WFAgent8,FEMALE_YOUNG_HIGH_INCOME,2,1.6260163671139671,0,0.0
14,WFAgent9,MALE_OLD_HIGH_INCOME,5,4.8111689982763215,138,2.5094357534295533
14,WFAgent16,FEMALE_HIGH_INCOME,4,3.755784095541657,0,0.0
14,WFAgent15,FEMALE_YOUNG,14,12.81736209673728,0,0.0
14,WFAgent14,MALE_LOW_INCOME,22,22.286847077287153,330,18.40189600026227
14,WFAgent13,FEMALE_YOUNG,14,13.739317065931504,14,13.396127067744784
14,WFAgent12,MALE_OLD_HIGH_INCOME,5,5.210093256910638,5,5.085533001911104
14,WFAgent11,FEMALE_YOUNG,14,14.13789848521137,14,13.396127067744784
14,WFAgent10,FEMALE_OLD,17,19.208742519295907,18,18.720875606380307
14,SIAgent7,FEMALE_YOUNG,14,13.39612706774478,429,11.482394629495529
14,SIAgent5,MALE_OLD_HIGH_INCOME,5,5.085533001911104,6,5.018871506859106
14,SIAgent6,FEMALE_LOW_INCOME,27,29.978969419903464,31,29.277198583666827
14,SIAgent3,FEMALE_YOUNG_LOW_INCOME,12,12.819909103987424,13,12.757937275507825
14,SIAgent4,FEMALE_OLD_HIGH_INCOME,3,3.1201459343967186,3,3.120145934396718
14,SIAgent1,MALE_YOUNG,15,18.027363839871054,18,17.896619861658017
14,SIAgent2,MALE_OLD_HIGH_INCOME,5,4.182392922382588,5,4.182392922382588
14,SIAgent0,OLD_LOW_INCOME,26,22.78329980984853,91,22.783299809848522
14,WFAgent0,MALE_YOUNG,15,13.578333951266941,0,0.0
14,WFAgent1,MALE_YOUNG_HIGH_INCOME,4,4.091918527695607,4,3.6208890536711844
14,WFAgent2,YOUNG_HIGH_INCOME,5,6.019622728346075,6,5.7411973147477635
14,WFAgent3,MALE_YOUNG_LOW_INCOME,12,12.831667295306241,324,0.0
14,WFAgent4,OLD_HIGH_INCOME,8,8.235847691205548,41,0.0
14,WFAgent5,OLD_HIGH_INCOME,8,8.370266583621287,8,7.511568191083314
15,WFAgent6,FEMALE_YOUNG_LOW_INCOME,12,13.6816119576206,14,13.409578872679221
15,WFAgent7,FEMALE_YOUNG_LOW_INCOME,12,11.285380511633596,12,10.541030344052748
15,WFAgent8,MALE_HIGH_INCOME,8,8.324186250450001,8,7.705686027710839
15,WFAgent9,FEMALE_OLD,17,15.276976781564546,233,0.0
15,WFAgent16,MALE_LOW_INCOME,22,19.800738217770945,0,0.0
15,WFAgent15,FEMALE_OLD,17,16.24075023177385,40,0.0
15,WFAgent14,OLD_HIGH_INCOME,8,7.827206801005929,8,7.627001731184911
15,WFAgent13,FEMALE_OLD_LOW_INCOME,15,15.667423687526325,15,15.159079208649743
15,WFAgent12,FEMALE_LOW_INCOME,27,25.861330683024214,28,25.518080883979877
15,WFAgent11,FEMALE_YOUNG,14,14.560008090131722,15,14.106725639541999
15,WFAgent10,OLD_HIGH_INCOME,8,7.097792212515323,0,0.0
15,SIAgent7,MALE_HIGH_INCOME,8,7.627001731184911,11,7.627001731184911
15,SIAgent5,FEMALE_OLD,17,17.94277697848441,17,17.628811657262666
15,SIAgent6,YOUNG_HIGH_INCOME,5,4.816053767319274,7,4.816053767319274
15,SIAgent3,FEMALE_OLD,17,17.180289769803036,207,16.39657265699895
15,SIAgent4,OLD_HIGH_INCOME,8,7.928790433551302,8,7.627001731184911
15,SIAgent1,MALE_OLD_HIGH_INCOME,5,4.743980654670312,5,4.592871145411797
15,SIAgent2,MALE_OLD,16,14.69718766531775,489,0.0
15,SIAgent0,FEMALE_YOUNG_LOW_INCOME,12,10.541030344052746,11,9.662611148715019
15,WFAgent0,FEMALE_YOUNG_HIGH_INCOME,2,1.9670229853726988,2,1.9264215069277095
15,WFAgent1,YOUNG_HIGH_INCOME,5,3.551487137878141,109,0.0
15,WFAgent2,FEMALE_OLD,17,17.53096108532592,17,17.18028976980304
15,WFAgent3,MALE_YOUNG,15,11.981572758155316,373,0.0
15,WFAgent4,FEMALE_YOUNG_LOW_INCOME,12,10.936320378848524,307,9.662611148715019
15,WFAgent5,FEMALE_OLD_LOW_INCOME,15,17.573621835386753,16,16.81464611625147
16,WFAgent6,FEMALE_YOUNG_LOW_INCOME,12,12.027285709560962,380,0.0
16,WFAgent7,YOUNG_LOW_INCOME,23,23.30119046096636,357,0.0
16,WFAgent8,OLD_HIGH_INCOME,8,8.81189285018929,8,8.152626044042767
16,WFAgent9,MALE_LOW_INCOME,22,20.687495640769047,0,0.0
16,WFAgent16,MALE_HIGH_INCOME,8,8.02686517498367,82,0.0
16,WFAgent15,FEMALE_HIGH_INCOME,4,3.9078190955417518,4,3.777441910394999
16,WFAgent14,OLD_HIGH_INCOME,8,7.767250025512457,141,0.0
16,WFAgent13,MALE_OLD_HIGH_INCOME,5,4.553621331725838,0,0.0
16,WFAgent12,FEMALE_HIGH_INCOME,4,4.7554256883402415,5,4.7218023879937485
16,WFAgent11,MALE_OLD,16,17.49600933856957,307,0.0
16,WFAgent10,MALE_HIGH_INCOME,8,7.92345847658688,0,0.0
16,SIAgent7,MALE_OLD_HIGH_INCOME,5,6.207957876396898,6,6.020148881237752
16,SIAgent5,FEMALE_OLD_HIGH_INCOME,3,3.6742628035943006,3,3.1485805310605777
16,SIAgent6,FEMALE_HIGH_INCOME,4,3.777441910394999,106,1.8887209551974995
16,SIAgent3,OLD_LOW_INCOME,26,28.458508107230774,73,27.995856227690133
16,SIAgent4,MALE_YOUNG_LOW_INCOME,12,12.347079521812876,13,12.224429242272619
16,SIAgent1,FEMALE_OLD_HIGH_INCOME,3,3.057234766516038,3,3.0572347665160375
16,SIAgent2,FEMALE_OLD_LOW_INCOME,15,17.01873117691281,15,16.418370061863914
16,SIAgent0,OLD_HIGH_INCOME,8,7.943159476860304,8,7.28579413076134
16,WFAgent0,MALE_OLD_HIGH_INCOME,5,5.031655809932077,5,4.96447467303769
16,WFAgent1,YOUNG_LOW_INCOME,23,23.909716914291586,24,23.811960225531486
16,WFAgent2,OLD_LOW_INCOME,26,24.124348796029917,0,0.0
16,WFAgent3,FEMALE_YOUNG_LOW_INCOME,12,11.905980112765745,0,0.0
16,WFAgent4,MALE_OLD,16,18.476857083031316,16,17.512928065988174
16,WFAgent5,FEMALE_OLD_HIGH_INCOME,3,3.1485805310605777,3,2.982516988609442
17,WFAgent6,MALE_HIGH_INCOME,8,7.423433239327675,8,7.254741554661842
17,WFAgent7,OLD_LOW_INCOME,26,25.246583895691817,0,0.0
17,WFAgent8,FEMALE_OLD_HIGH_INCOME,3,3.090888636747028,67,0.0
17,WFAgent9,MALE_OLD_HIGH_INCOME,5,4.5718222295952895,5,4.5342134716636515
17,WFAgent16,OLD_HIGH_INCOME,8,7.928753153583346,0,0.0
17,WFAgent15,MALE_YOUNG,15,14.405790684035667,16,13.793848294966331
17,WFAgent14,YOUNG_LOW_INCOME,23,15.93237188047722,0,0.0
17,WFAgent13,FEMALE_OLD_LOW_INCOME,15,14.61171213487938,488,0.0
17,WFAgent12,FEMALE_HIGH_INCOME,4,4.040050535895635,0,0.0
17,WFAgent11,MALE_LOW_INCOME,22,21.94377449807501,22,21.12849300325231
17,WFAgent10,MALE_YOUNG_HIGH_INCOME,4,3.711299090700832,4,3.4484620737415836
17,SIAgent7,MALE_OLD_HIGH_INCOME,5,4.729613825131412,5,4.5718222295952895
17,SIAgent5,MALE_YOUNG_LOW_INCOME,12,11.24399437878137,291,0.0
17,SIAgent6,MALE_OLD_LOW_INCOME,11,9.446116161751723,310,9.446116161751723
17,SIAgent3,MALE_HIGH_INCOME,8,6.896924147483167,207,4.31057759217698
17,SIAgent4,FEMALE_YOUNG_HIGH_INCOME,2,2.0869978200607853,57,0.0
17,SIAgent1,FEMALE_YOUNG,14,15.201525605593963,14,15.116876910569896
17,SIAgent2,YOUNG_LOW_INCOME,23,25.51871462765476,24,24.853171390667907
17,SIAgent0,MALE_OLD_HIGH_INCOME,5,4.5342134716636515,5,4.4447591198689835
17,WFAgent0,MALE_LOW_INCOME,22,21.47493808523273,22,20.613989694432508
17,WFAgent1,FEMALE_YOUNG_LOW_INCOME,12,13.2873322209007,404,6.514939545254555
17,WFAgent2,MALE_OLD,16,17.926888888875954,18,17.02660977047308
17,WFAgent3,FEMALE_OLD_HIGH_INCOME,3,3.412019313750181,3,3.0300379019217267
17,WFAgent4,MALE_OLD,16,15.870690686283451,18,15.457280991957365
17,WFAgent5,MALE_OLD_LOW_INCOME,11,10.424859940869213,12,10.304853994638243
18,WFAgent6,MALE_OLD,16,17.476204166459276,18,17.003996994376667
18,WFAgent7,MALE_OLD_LOW_INCOME,11,11.36467623702164,333,3.7786659987503706
18,WFAgent8,FEMALE_HIGH_INCOME,4,3.731442665200015,0,0.0
18,WFAgent9,FEMALE_OLD_LOW_INCOME,15,14.314584654406929,15,13.838022811684343
18,WFAgent16,YOUNG_HIGH_INCOME,5,5.384621446226497,46,4.188172761110895
18,WFAgent15,FEMALE_OLD,17,16.101288666528383,17,15.683092519908922
18,WFAgent14,FEMALE_OLD_LOW_INCOME,15,15.500425459431428,16,15.154154039085538
18,WFAgent13,FEMALE_OLD,17,16.963835035603413,18,16.60562737402121
18,WFAgent12,YOUNG_LOW_INCOME,23,23.370594635645755,364,0.0
18,WFAgent11,MALE_YOUNG_HIGH_INCOME,4,4.618290292233861,4,4.188172761110895
18,WFAgent10,MALE_YOUNG,15,12.37080529601057,0,0.0
18,SIAgent7,FEMALE_YOUNG_HIGH_INCOME,2,2.40428193054862,2,2.0940863805554475
18,SIAgent5,FEMALE_OLD,17,15.683092519908929,129,15.680674624108011
18,SIAgent6,OLD_HIGH_INCOME,8,7.375443041296493,215,0.0
18,SIAgent3,MALE_YOUNG_LOW_INCOME,12,13.956181356217398,357,0.0
18,SIAgent4,MALE_OLD,16,18.614522753251947,18,17.97734173483479
18,SIAgent1,MALE_OLD,16,15.114663995001482,16,14.84183056069511
18,SIAgent2,FEMALE_OLD_HIGH_INCOME,3,3.2277520152827965,3,2.993617947459426
18,SIAgent0,YOUNG_HIGH_INCOME,5,5.235215951388619,5,5.235215951388619
18,WFAgent0,OLD_HIGH_INCOME,8,8.545951244966473,9,8.524211646985615
18,WFAgent1,FEMALE_OLD_LOW_INCOME,15,13.324204186189402,316,0.0
18,WFAgent2,MALE_YOUNG_HIGH_INCOME,4,4.264477804816479,4,3.7435270866901904
18,WFAgent3,FEMALE_OLD_LOW_INCOME,15,16.658540058719897,16,15.965962386450265
18,WFAgent4,MALE_HIGH_INCOME,8,8.339364889895947,79,0.0
18,WFAgent5,YOUNG_LOW_INCOME,23,22.36472167981735,0,0.0
19,WFAgent6,MALE_YOUNG,15,15.353925876240202,17,15.203942269226268
19,WFAgent7,FEMALE_YOUNG,14,14.582321023776876,16,14.291305489471826
19,WFAgent8,MALE_YOUNG_LOW_INCOME,12,12.06836938584948,13,11.842457726912135
19,WFAgent9,FEMALE_YOUNG,14,12.83414589640169,337,8.038859337827903
19,WFAgent16,FEMALE_OLD_LOW_INCOME,15,15.968340851078008,473,13.071684058862163
19,WFAgent15,MALE_LOW_INCOME,22,21.380969874341147,367,0.0
19,WFAgent14,FEMALE_YOUNG,14,12.460368162669747,0,0.0
19,WFAgent13,MALE_OLD_LOW_INCOME,11,9.905047390703752,0,0.0
19,WFAgent12,FEMALE_OLD_LOW_INCOME,15,14.724928940355088,0,0.0
19,WFAgent11,MALE_LOW_INCOME,22,21.87984738630802,23,21.35311991794161
19,WFAgent10,FEMALE_HIGH_INCOME,4,3.785304344287893,0,0.0
19,SIAgent7,MALE_OLD_HIGH_INCOME,5,5.048432190958774,5,4.6419825908568715
19,SIAgent5,FEMALE_YOUNG_LOW_INCOME,12,10.71847911710387,12,10.71847911710387
19,SIAgent6,MALE_OLD,16,14.85434429074199,467,0.0
19,SIAgent3,MALE_YOUNG_HIGH_INCOME,4,3.0152028498505796,68,0.0
19,SIAgent4,MALE_OLD,16,16.382926309340824,16,16.10664526994399
19,SIAgent1,MALE_OLD_HIGH_INCOME,5,5.064349790986525,5,5.048432190958774
19,SIAgent2,OLD_LOW_INCOME,26,26.143368117724325,26,25.77319731278076
19,SIAgent0,YOUNG_HIGH_INCOME,5,4.471747726243021,18,4.331198893457062
19,WFAgent0,FEMALE_YOUNG_LOW_INCOME,12,12.97847997133699,14,12.834145896401692
19,WFAgent1,MALE_OLD_HIGH_INCOME,5,5.130582536488165,5,5.108601535532511
19,WFAgent2,MALE_LOW_INCOME,22,20.041082307082075,0,0.0
19,WFAgent3,YOUNG_HIGH_INCOME,5,4.555476402834799,5,4.471747726243021
19,WFAgent4,MALE_YOUNG_HIGH_INCOME,4,4.154029982142515,4,3.644381122267839
19,WFAgent5,FEMALE_HIGH_INCOME,4,4.431227268447437,85,0.0
20,WFAgent6,YOUNG_LOW_INCOME,23,21.024122607322823,0,0.0
20,WFAgent7,MALE_YOUNG_LOW_INCOME,12,13.328499452178049,14,12.943261422221994
20,WFAgent8,MALE_OLD_HIGH_INCOME,5,4.318170170729533,0,0.0
20,WFAgent9,MALE_YOUNG,15,18.620746035606977,20,18.105119682658856
20,WFAgent16,FEMALE_YOUNG,14,13.672780409131397,14,13.229851074576404
20,WFAgent15,FEMALE_LOW_INCOME,27,24.24865982655529,303,0.0
20,WFAgent14,FEMALE_YOUNG,14,16.14906999303196,51,0.0
20,WFAgent13,MALE_HIGH_INCOME,8,7.242047873063543,0,0.0
20,WFAgent12,FEMALE_OLD_LOW_INCOME,15,15.939752526928196,16,15.2905735220696
20,WFAgent11,MALE_YOUNG_LOW_INCOME,12,12.080144511889102,343,0.0
20,WFAgent10,FEMALE_YOUNG_LOW_INCOME,12,12.11021765854164,12,11.704649157020787
20,SIAgent7,OLD_HIGH_INCOME,8,8.219462034331972,8,7.635363972173261
20,SIAgent5,FEMALE_LOW_INCOME,27,25.51471278668307,81,24.759310784862905
20,SIAgent6,OLD_HIGH_INCOME,8,7.1017136055936305,206,0.0
20,SIAgent3,FEMALE_OLD_LOW_INCOME,15,14.334912676940254,15,14.292226746301823
20,SIAgent4,OLD_HIGH_INCOME,8,7.11834748950224,8,7.1017136055936305
20,SIAgent1,FEMALE_YOUNG_LOW_INCOME,12,12.197950013156706,12,11.719526064969768
20,SIAgent2,FEMALE_YOUNG_LOW_INCOME,12,13.496236675483836,13,13.214445847586434
20,SIAgent0,OLD_HIGH_INCOME,8,7.635363972173262,8,7.37685573083775
20,WFAgent0,MALE_OLD_HIGH_INCOME,5,4.821490462019904,5,4.772102482608289
20,WFAgent1,FEMALE_OLD_LOW_INCOME,15,14.581656513277915,15,14.33491267694025
20,WFAgent2,FEMALE_YOUNG,14,13.655424016524252,0,0.0
20,WFAgent3,YOUNG_LOW_INCOME,23,27.13634835152862,26,26.17364644242639
20,WFAgent4,FEMALE_LOW_INCOME,27,23.051772110044773,0,0.0
20,WFAgent5,MALE_YOUNG,15,13.867780095237848,84,0.0
21,WFAgent6,FEMALE_OLD,17,19.516263385903287,19,18.702167799176493
21,WFAgent7,FEMALE_OLD,17,16.261221835214258,19,15.825043316693389
21,WFAgent8,OLD_HIGH_INCOME,8,6.120047936863554,0,0.0
21,WFAgent9,MALE_OLD,16,17.911739116594596,20,17.09178146153104
21,WFAgent16,FEMALE_YOUNG_LOW_INCOME,12,11.967604724453988,367,0.0
21,WFAgent15,FEMALE_OLD_LOW_INCOME,15,15.49201928949181,16,15.304679374319305
21,WFAgent14,OLD_HIGH_INCOME,8,7.960726986915034,87,3.441203518843021
21,WFAgent13,MALE_OLD_LOW_INCOME,11,10.680393881660523,12,10.255068876918623
21,WFAgent12,FEMALE_OLD_LOW_INCOME,15,14.764869315139336,17,14.528014242301381
21,WFAgent11,FEMALE_LOW_INCOME,27,28.6748532147215,30,28.54835462865847
21,WFAgent10,MALE_YOUNG_HIGH_INCOME,4,3.8248032448105995,96,2.844338466276625
21,SIAgent7,OLD_HIGH_INCOME,8,6.882407037686042,7,6.022106157975287
21,SIAgent5,FEMALE_HIGH_INCOME,4,4.5383239329767475,4,3.6549895184658125
21,SIAgent6,MALE_YOUNG_HIGH_INCOME,4,3.792451288368833,4,3.792451288368833
21,SIAgent3,OLD_LOW_INCOME,26,22.21931589999035,26,22.07836009342299
21,SIAgent4,MALE_LOW_INCOME,22,18.562419011954766,52,18.322790924221337
21,SIAgent1,OLD_LOW_INCOME,26,21.245145366736832,650,6.536967805149794
21,SIAgent2,MALE_YOUNG_LOW_INCOME,12,13.548808903155798,16,13.499941099603463
21,SIAgent0,FEMALE_HIGH_INCOME,4,4.657922834375431,4,4.5383239329767475
21,WFAgent0,YOUNG_LOW_INCOME,23,21.8870718819715,0,0.0
21,WFAgent1,MALE_YOUNG_LOW_INCOME,12,11.12812090255219,13,10.968702143427814
21,WFAgent2,OLD_HIGH_INCOME,8,7.843617895719231,153,4.301504398553776
21,WFAgent3,FEMALE_OLD_LOW_INCOME,15,12.438078690189537,15,12.256814634655868
21,WFAgent4,FEMALE_YOUNG_HIGH_INCOME,2,1.6940850445360047,0,0.0
21,WFAgent5,YOUNG_HIGH_INCOME,5,4.913458876227534,57,0.0
22,WFAgent6,FEMALE_HIGH_INCOME,4,4.130609382685165,4,4.093943971730315
22,WFAgent7,MALE_YOUNG,15,16.19880115414339,15,15.602327289398698
22,WFAgent8,FEMALE_YOUNG_LOW_INCOME,12,9.847417978590046,364,0.0
22,WFAgent9,OLD_LOW_INCOME,26,26.619793682043216,332,24.361490269796434
22,WFAgent16,FEMALE_YOUNG,14,12.027940649511363,0,0.0
22,WFAgent15,OLD_HIGH_INCOME,8,9.509341482819494,9,9.431516516580569
22,WFAgent14,OLD_HIGH_INCOME,8,8.223629769814934,82,0.0
22,WFAgent13,MALE_YOUNG_LOW_INCOME,12,13.192630507317952,12,12.676814951914094
22,WFAgent12,YOUNG_HIGH_INCOME,5,4.480207533357048,0,0.0
22,WFAgent11,MALE_YOUNG,15,15.564162936370089,341,0.0
22,WFAgent10,MALE_OLD_LOW_INCOME,11,12.460633497708262,12,11.693515329502288
22,SIAgent7,MALE_HIGH_INCOME,8,10.10676275802637,9,9.87864670367657
22,SIAgent5,MALE_YOUNG,15,15.794431753018968,15,15.491446687293744
22,SIAgent6,MALE_HIGH_INCOME,8,8.78101929215695,8,8.513027524246825
22,SIAgent3,OLD_LOW_INCOME,26,25.335949880588288,69,24.361490269796434
22,SIAgent4,YOUNG_LOW_INCOME,23,24.297228657835348,57,24.218128687962416
22,SIAgent1,FEMALE_YOUNG_HIGH_INCOME,2,2.057088604504311,2,2.001208647362791
22,SIAgent2,YOUNG_HIGH_INCOME,5,5.003021618406978,113,0.0
22,SIAgent0,MALE_HIGH_INCOME,8,8.270013364047237,43,8.004834589451164
22,WFAgent0,OLD_HIGH_INCOME,8,8.18788794346063,0,0.0
22,WFAgent1,FEMALE_LOW_INCOME,27,33.53729519975009,34,33.13162676692315
22,WFAgent2,MALE_OLD_LOW_INCOME,11,10.203542501116132,0,0.0
22,WFAgent3,FEMALE_OLD_HIGH_INCOME,3,3.472174017987902,3,3.0838611636806004
22,WFAgent4,OLD_LOW_INCOME,26,24.78213306959453,370,0.0
22,WFAgent5,MALE_YOUNG_LOW_INCOME,12,12.231565314781546,0,0.0
23,WFAgent6,OLD_HIGH_INCOME,8,7.354331084619092,57,0.0
23,WFAgent7,MALE_OLD_HIGH_INCOME,5,4.862833577891829,142,0.0
23,WFAgent8,FEMALE_OLD,17,16.689326786071152,18,16.08791792713374
23,WFAgent9,MALE_YOUNG_HIGH_INCOME,4,3.3486205974702443,0,0.0
23,WFAgent16,FEMALE_HIGH_INCOME,4,3.557275725527715,0,0.0
23,WFAgent15,MALE_YOUNG_HIGH_INCOME,4,3.9828205958844705,4,3.3486205974702443
23,WFAgent14,MALE_OLD,16,14.715951883963747,17,14.100915946810057
23,WFAgent13,MALE_YOUNG_HIGH_INCOME,4,4.600137793442921,4,4.199220471983399
23,WFAgent12,MALE_OLD_LOW_INCOME,11,10.682263047348746,11,10.342138414010678
23,WFAgent11,FEMALE_YOUNG,14,14.168880278333367,49,0.0
23,WFAgent10,FEMALE_YOUNG_HIGH_INCOME,2,2.094766709720172,2,1.7786378627638575
23,SIAgent7,FEMALE_OLD_LOW_INCOME,15,15.362501405665446,15,14.54244140461425
23,SIAgent5,MALE_YOUNG,15,15.133218847407118,82,14.304552320088963
23,SIAgent6,YOUNG_HIGH_INCOME,5,5.4596865149648295,5,5.291157774976365
23,SIAgent3,OLD_LOW_INCOME,26,24.445054433116145,61,23.935382535591124
23,SIAgent4,MALE_OLD_LOW_INCOME,11,9.124122083230034,290,0.0
23,SIAgent1,FEMALE_OLD_HIGH_INCOME,3,3.243877381057529,3,2.908488280922849
23,SIAgent2,YOUNG_HIGH_INCOME,5,5.249025589979249,5,5.057132764589055
23,SIAgent0,FEMALE_OLD,17,16.481433591896145,17,16.01260651402012
23,WFAgent0,FEMALE_LOW_INCOME,27,29.19558317420311,376,0.0
23,WFAgent1,MALE_OLD,16,17.601099853877088,18,17.165462784106754
23,WFAgent2,MALE_HIGH_INCOME,8,7.629094570714112,81,0.0
23,WFAgent3,MALE_OLD,16,14.301769478524575,0,0.0
23,WFAgent4,MALE_LOW_INCOME,22,21.73063543369414,306,0.0
23,WFAgent5,FEMALE_YOUNG_LOW_INCOME,12,11.582553061489493,0,0.0
24,WFAgent6,MALE_YOUNG,15,14.67684932131065,0,0.0
24,WFAgent7,FEMALE_HIGH_INCOME,4,3.8390253699887,77,0.0
24,WFAgent8,FEMALE_YOUNG_LOW_INCOME,12,11.263987510499515,12,11.143538059211783
24,WFAgent9,FEMALE_OLD_LOW_INCOME,15,16.438767848160655,16,15.619886964061374
24,WFAgent16,FEMALE_YOUNG_HIGH_INCOME,2,1.9757294638534901,2,1.8531036212299767
24,WFAgent15,MALE_HIGH_INCOME,8,9.17207945545347,9,8.511051512720305
24,WFAgent14,FEMALE_HIGH_INCOME,4,3.9213193566232563,4,3.5681502549967563
24,WFAgent13,FEMALE_LOW_INCOME,27,26.358559251853563,28,25.523340296859033
24,WFAgent12,FEMALE_HIGH_INCOME,4,3.5681502549967563,0,0.0
24,WFAgent11,FEMALE_LOW_INCOME,27,24.61179242911408,0,0.0
24,WFAgent10,YOUNG_LOW_INCOME,23,23.26242880062176,25,23.229630049797485
24,SIAgent7,FEMALE_OLD_HIGH_INCOME,3,3.246796706743757,3,2.879269027491525
24,SIAgent5,MALE_YOUNG,15,14.950718052017999,470,0.0
24,SIAgent6,MALE_OLD_HIGH_INCOME,5,4.529879912313047,128,0.0
24,SIAgent3,MALE_YOUNG_LOW_INCOME,12,13.365689673503045,13,12.9572889784156
24,SIAgent4,MALE_OLD,16,15.130758244836095,92,15.091061836996452
24,SIAgent1,FEMALE_YOUNG_LOW_INCOME,12,13.098776480032386,12,12.737701421105237
24,SIAgent2,FEMALE_YOUNG_LOW_INCOME,12,12.73770142110524,13,12.691158158299865
24,SIAgent0,FEMALE_YOUNG,14,12.971725348609837,19,12.761670148429525
24,WFAgent0,YOUNG_HIGH_INCOME,5,4.1201982084206,0,0.0
24,WFAgent1,MALE_HIGH_INCOME,8,7.929737563385662,8,7.565379122418049
24,WFAgent2,FEMALE_YOUNG_LOW_INCOME,12,10.973177867184281,273,0.0
24,WFAgent3,FEMALE_LOW_INCOME,27,29.084240772871354,31,28.80474126174888
24,WFAgent4,FEMALE_LOW_INCOME,27,25.07296063322651,409,0.0
24,WFAgent5,FEMALE_LOW_INCOME,27,25.0880004537813,27,25.016898886604686
25,WFAgent6,FEMALE_OLD,17,15.514318286971738,17,14.766538790996911
25,WFAgent7,FEMALE_YOUNG_LOW_INCOME,12,9.761603180923508,0,0.0
25,WFAgent8,FEMALE_YOUNG_HIGH_INCOME,2,1.9928477241481157,2,1.7705374805232916
25,WFAgent9,FEMALE_YOUNG_LOW_INCOME,12,10.86036966738957,12,10.633685867473345
25,WFAgent16,FEMALE_YOUNG,14,13.277686351936813,50,1.7705374805232916
25,WFAgent15,MALE_YOUNG_HIGH_INCOME,4,3.976255330796656,4,3.6917699458997637
25,WFAgent14,MALE_OLD,16,18.960467147174356,20,18.42101308073105
25,WFAgent13,FEMALE_OLD_HIGH_INCOME,3,3.478988509269911,3,3.1196061843400273
25,WFAgent12,MALE_LOW_INCOME,22,18.792784625934754,0,0.0
25,WFAgent11,MALE_OLD_LOW_INCOME,11,11.885827142374335,321,7.143489703246436
25,WFAgent10,MALE_YOUNG_HIGH_INCOME,4,4.340039809281608,4,3.6917699458997637
25,SIAgent7,FEMALE_LOW_INCOME,27,23.937561809190317,27,23.506607383082148
25,SIAgent5,FEMALE_OLD,17,14.766538790996906,451,0.0
25,SIAgent6,OLD_HIGH_INCOME,8,7.3684052322924245,8,7.3684052322924245
25,SIAgent3,YOUNG_LOW_INCOME,23,29.731437273485522,57,29.400591207860078
25,SIAgent4,MALE_YOUNG_HIGH_INCOME,4,3.6917699458997637,110,2.7688274594248226
25,SIAgent1,FEMALE_OLD,17,18.68772200757953,18,18.36897352263369
25,SIAgent2,FEMALE_YOUNG,14,12.393762363663042,15,12.345607593190428
25,SIAgent0,OLD_LOW_INCOME,26,26.53296175491534,27,25.94639429516821
25,WFAgent0,FEMALE_HIGH_INCOME,4,3.5297366425202066,0,0.0
25,WFAgent1,MALE_HIGH_INCOME,8,8.318028370601638,134,2.763151962109659
25,WFAgent2,FEMALE_YOUNG_LOW_INCOME,12,10.318370847537285,367,0.0
25,WFAgent3,MALE_YOUNG_LOW_INCOME,12,10.221003316525788,319,0.0
25,WFAgent4,FEMALE_OLD,17,18.510162085514082,20,17.764532692820534
25,WFAgent5,FEMALE_YOUNG_LOW_INCOME,12,13.030515725097379,14,12.41206908624683
26,WFAgent6,MALE_OLD,16,15.660995257917769,147,0.0
26,WFAgent7,MALE_HIGH_INCOME,8,7.246401763064859,0,0.0
26,WFAgent8,MALE_OLD_HIGH_INCOME,5,5.5547334757807905,5,5.335761245377643
26,WFAgent9,FEMALE_YOUNG_HIGH_INCOME,2,2.3414683526018827,2,2.230182166338268
26,WFAgent16,MALE_YOUNG,15,16.45390840862862,17,16.431835440407152
26,WFAgent15,OLD_HIGH_INCOME,8,7.456084689963674,8,7.209823944179205
26,WFAgent14,MALE_HIGH_INCOME,8,7.96109766277105,84,0.9665785553180679
26,WFAgent13,MALE_OLD,16,18.47206742790327,18,17.942612447353035
26,WFAgent12,YOUNG_HIGH_INCOME,5,4.7719140903731,41,2.6414808154844955
26,WFAgent11,MALE_YOUNG_HIGH_INCOME,4,4.407159891359148,4,3.980548831385525
26,WFAgent10,FEMALE_YOUNG_LOW_INCOME,12,13.05221276423713,12,12.601146146208132
26,SIAgent7,MALE_YOUNG_HIGH_INCOME,4,3.8663142212722716,4,3.8663142212722716
26,SIAgent5,FEMALE_YOUNG_HIGH_INCOME,2,2.230182166338268,2,2.230182166338268
26,SIAgent6,FEMALE_YOUNG_HIGH_INCOME,2,1.760987210322997,2,1.760987210322997
26,SIAgent3,MALE_OLD_HIGH_INCOME,5,5.335761245377644,5,5.23512916129899
26,SIAgent4,OLD_LOW_INCOME,26,24.56345713058857,819,0.0
26,SIAgent1,MALE_OLD,16,16.26937931257923,16,16.18455369178848
26,SIAgent2,YOUNG_LOW_INCOME,23,24.15219678023225,22,23.102101268048244
26,SIAgent0,FEMALE_YOUNG_LOW_INCOME,12,11.690076601682406,358,0.0
26,WFAgent0,YOUNG_LOW_INCOME,23,25.213222081103115,26,25.040222539247026
26,WFAgent1,MALE_OLD,16,14.368365190179402,0,0.0
26,WFAgent2,MALE_YOUNG,15,14.461538978568523,334,0.0
26,WFAgent3,FEMALE_OLD_HIGH_INCOME,3,2.707168104078691,74,0.0
26,WFAgent4,FEMALE_OLD,17,15.320875881380811,0,0.0
26,WFAgent5,YOUNG_LOW_INCOME,23,20.90019691252245,0,0.0
27,WFAgent6,MALE_YOUNG_LOW_INCOME,12,11.938589361880824,13,11.743109508432422
27,WFAgent7,MALE_YOUNG,15,13.356460558984224,0,0.0
27,WFAgent8,MALE_YOUNG_LOW_INCOME,12,10.839793392399159,346,0.0
27,WFAgent9,YOUNG_LOW_INCOME,23,23.955616127713075,27,23.37442588577265
27,WFAgent16,MALE_LOW_INCOME,22,22.483702866338536,23,21.77609361850944
27,WFAgent15,FEMALE_HIGH_INCOME,4,4.470363540979154,45,0.0
27,WFAgent14,OLD_LOW_INCOME,26,30.28151077255186,31,29.350387051034463
27,WFAgent13,MALE_LOW_INCOME,22,21.286817681115462,23,21.090027159238087
27,WFAgent12,OLD_HIGH_INCOME,8,7.51633526715135,0,0.0
27,WFAgent11,MALE_YOUNG_HIGH_INCOME,4,3.3941539140746118,0,0.0
27,WFAgent10,FEMALE_LOW_INCOME,27,22.135696799132607,0,0.0
27,SIAgent7,OLD_LOW_INCOME,26,24.616453655706312,37,23.669666976640695
27,SIAgent5,MALE_HIGH_INCOME,8,9.378342471185482,8,8.691586643214507
27,SIAgent6,FEMALE_YOUNG_LOW_INCOME,12,11.489726248467894,12,11.489726248467894
27,SIAgent3,MALE_OLD_HIGH_INCOME,5,5.363858506527974,159,0.0
27,SIAgent4,MALE_LOW_INCOME,22,24.163670714802528,24,23.221982924853243
27,SIAgent1,FEMALE_YOUNG,14,14.93005501565455,15,14.471113124330726
27,SIAgent2,MALE_YOUNG,15,16.638640683432666,15,16.267312067897528
27,SIAgent0,MALE_OLD_LOW_INCOME,11,9.336549033724065,291,0.0
27,WFAgent0,FEMALE_YOUNG_LOW_INCOME,12,11.182220484464228,315,0.0
27,WFAgent1,FEMALE_OLD_LOW_INCOME,15,15.979518918199505,16,15.148586865050042
27,WFAgent2,YOUNG_LOW_INCOME,23,21.89119082690571,24,21.37033689437476
27,WFAgent3,MALE_YOUNG,15,15.906896259087848,93,0.0
27,WFAgent4,FEMALE_OLD_HIGH_INCOME,3,3.227464736031056,83,0.0
27,WFAgent5,FEMALE_OLD,17,13.861558598174607,0,0.0
28,WFAgent6,FEMALE_LOW_INCOME,27,28.586714545832262,337,7.937299172330439
28,WFAgent7,MALE_OLD,16,14.897042526424285,0,0.0
28,WFAgent8,FEMALE_YOUNG_LOW_INCOME,12,11.229669233862722,0,0.0
28,WFAgent9,YOUNG_HIGH_INCOME,5,4.963911317014429,90,0.0
28,WFAgent16,FEMALE_OLD,17,18.374372291525738,18,17.82348464761469
28,WFAgent15,MALE_OLD,16,15.842453595492922,172,0.0
28,WFAgent14,MALE_YOUNG_HIGH_INCOME,4,4.4009509791069386,4,4.2204018078653505
28,WFAgent13,FEMALE_OLD_HIGH_INCOME,3,2.98188694720536,3,2.9705807746024484
28,WFAgent12,OLD_LOW_INCOME,26,25.608041351812364,345,0.0
28,WFAgent11,FEMALE_YOUNG,14,13.566904755815331,51,0.0
28,WFAgent10,FEMALE_YOUNG_HIGH_INCOME,2,1.558885735405194,0,0.0
28,SIAgent7,MALE_OLD_LOW_INCOME,11,13.610817489970893,13,12.871993546337997
28,SIAgent5,MALE_HIGH_INCOME,8,8.440803615730701,8,7.720788077548413
28,SIAgent6,FEMALE_LOW_INCOME,27,30.666347994618757,30,29.76487189623913
28,SIAgent3,FEMALE_OLD_HIGH_INCOME,3,2.9705807746024484,3,2.8924533015026634
28,SIAgent4,FEMALE_LOW_INCOME,27,31.5943756408435,27,30.666347994618757
28,SIAgent1,MALE_OLD_HIGH_INCOME,5,5.513290706964466,5,5.275502259831688
28,SIAgent2,FEMALE_LOW_INCOME,27,26.788384706615226,27,26.621916935845395
28,SIAgent0,FEMALE_OLD,17,16.390568708515094,480,0.0
28,WFAgent0,OLD_HIGH_INCOME,8,7.53934984899102,0,0.0
28,WFAgent1,MALE_YOUNG,15,14.480063505432827,0,0.0
28,WFAgent2,MALE_YOUNG,15,15.363544282037873,331,0.0
28,WFAgent3,MALE_LOW_INCOME,22,23.41502006322893,24,23.16810160869252
28,WFAgent4,FEMALE_OLD_LOW_INCOME,15,14.82224787468602,15,14.462266507513323
28,WFAgent5,MALE_OLD,16,16.631813879367964,17,15.828107684325802
29,WFAgent6,MALE_OLD_LOW_INCOME,11,11.53552116347201,0,0.0
29,WFAgent7,MALE_OLD_LOW_INCOME,11,11.571565370707852,345,0.0
29,WFAgent8,OLD_HIGH_INCOME,8,8.637441424771135,80,0.0
29,WFAgent9,FEMALE_YOUNG_HIGH_INCOME,2,2.0468261082813317,2,2.0052543775020792
29,WFAgent16,FEMALE_YOUNG_HIGH_INCOME,2,2.037190012410524,56,0.0
29,WFAgent15,MALE_YOUNG,15,14.754301361003684,88,4.814382349643607
29,WFAgent14,MALE_OLD_LOW_INCOME,11,12.31630699070444,11,11.535521163472012
29,WFAgent13,FEMALE_OLD_LOW_INCOME,15,12.270260958633639,459,0.0
29,WFAgent12,MALE_YOUNG_HIGH_INCOME,4,4.490464809871936,4,3.8515058797148853
29,WFAgent11,MALE_YOUNG,15,17.17637568928018,16,16.454858338535136
29,WFAgent10,OLD_HIGH_INCOME,8,8.449833814004087,129,0.0
29,SIAgent7,FEMALE_YOUNG_LOW_INCOME,12,10.63713562960757,13,10.567866434899022
29,SIAgent5,MALE_OLD,16,19.309922481560445,20,19.098810158903465
29,SIAgent6,MALE_YOUNG_LOW_INCOME,12,12.34114375390135,12,11.947830696523003
29,SIAgent3,FEMALE_OLD_LOW_INCOME,15,15.84822195511211,14,14.791673824771307
29,SIAgent4,FEMALE_OLD_LOW_INCOME,15,12.97377436326657,16,12.823585488605802
29,SIAgent1,FEMALE_LOW_INCOME,27,27.445683490647067,31,27.371718651905272
29,SIAgent2,MALE_YOUNG,15,14.44314704893082,17,14.119444980125545
29,SIAgent0,YOUNG_LOW_INCOME,23,18.69699446174443,655,0.0
29,WFAgent0,FEMALE_YOUNG_HIGH_INCOME,2,2.0052543775020792,0,0.0
29,WFAgent1,FEMALE_OLD,17,13.625059581643667,0,0.0
29,WFAgent2,OLD_HIGH_INCOME,8,6.198084356232314,0,0.0
29,WFAgent3,MALE_YOUNG_LOW_INCOME,12,12.907111360823212,12,12.34114375390135
29,WFAgent4,FEMALE_OLD,17,19.561648001145038,18,18.97782501174362
29,WFAgent5,FEMALE_YOUNG_HIGH_INCOME,2,2.244896606576904,2,2.037190012410524
30,WFAgent6,YOUNG_HIGH_INCOME,5,5.259383836440302,38,2.808498249904317
30,WFAgent7,MALE_YOUNG_HIGH_INCOME,4,3.916601328773066,84,0.0
30,WFAgent8,FEMALE_OLD_HIGH_INCOME,3,2.8299865870181966,41,0.0
30,WFAgent9,MALE_HIGH_INCOME,8,8.257650144152478,8,7.489328666411511
30,WFAgent16,MALE_YOUNG_HIGH_INCOME,4,4.891378034008892,4,3.916601328773066
30,WFAgent15,MALE_OLD_LOW_INCOME,11,10.399730863278936,12,10.35018923608073
30,WFAgent14,FEMALE_LOW_INCOME,27,27.06022077887359,375,16.931722044812297
30,WFAgent13,OLD_LOW_INCOME,26,30.544468103255067,32,30.398394270034427
30,WFAgent12,OLD_HIGH_INCOME,8,9.139751484492106,9,8.665314287515894
30,WFAgent11,FEMALE_HIGH_INCOME,4,3.678716390083612,0,0.0
30,WFAgent10,OLD_LOW_INCOME,26,22.980609776074573,275,0.0
30,SIAgent7,MALE_LOW_INCOME,22,23.943689389604895,24,23.410383448592494
30,SIAgent5,MALE_LOW_INCOME,22,18.975346932814674,638,16.387799623794486
30,SIAgent6,FEMALE_YOUNG_LOW_INCOME,12,14.472276564752418,16,14.258292248262988
30,SIAgent3,OLD_HIGH_INCOME,8,7.702501588903018,72,7.486833583443146
30,SIAgent4,FEMALE_YOUNG_LOW_INCOME,12,10.69371918619724,12,10.69371918619724
30,SIAgent1,FEMALE_OLD_HIGH_INCOME,3,3.0765448615260196,3,3.0765448615260196
30,SIAgent2,FEMALE_OLD,17,16.924434096772256,221,16.367815876418913
30,SIAgent0,YOUNG_HIGH_INCOME,5,4.680830416507195,5,4.680830416507195
30,WFAgent0,FEMALE_OLD_HIGH_INCOME,3,3.229196908215682,3,3.0765448615260196
30,WFAgent1,MALE_LOW_INCOME,22,20.046353928540906,23,19.83786270248806
30,WFAgent2,FEMALE_OLD,17,18.889403733117714,18,17.919989043641216
30,WFAgent3,MALE_OLD,16,15.16431254575541,82,0.0
30,WFAgent4,MALE_OLD_HIGH_INCOME,5,5.158016229338121,5,4.814063493064386
30,WFAgent5,FEMALE_YOUNG_HIGH_INCOME,2,1.8041986426170595,0,0.0
31,WFAgent6,YOUNG_HIGH_INCOME,5,4.990970538483973,5,4.765276639993535
31,WFAgent7,FEMALE_OLD_HIGH_INCOME,3,3.166897265539057,3,3.1611579298209938
31,WFAgent8,FEMALE_OLD,17,18.091867706619972,19,17.231434255239794
31,WFAgent9,MALE_HIGH_INCOME,8,7.624442623989656,0,0.0
31,WFAgent16,MALE_OLD_LOW_INCOME,11,12.252786065959723,12,11.992115019687718
31,WFAgent15,YOUNG_LOW_INCOME,23,20.5082587162354,0,0.0
31,WFAgent14,FEMALE_YOUNG_HIGH_INCOME,2,1.7495547092788635,0,0.0
31,WFAgent13,FEMALE_HIGH_INCOME,4,3.9871666980471163,34,0.0
31,WFAgent12,FEMALE_YOUNG_HIGH_INCOME,2,2.0647787681848846,2,2.0029372556177387
31,WFAgent11,FEMALE_YOUNG_LOW_INCOME,12,10.143988100258355,178,0.0
31,WFAgent10,MALE_OLD,16,15.949832327964181,16,15.782471081530822
31,SIAgent7,MALE_OLD,16,15.989486692916959,16,15.873040411512257
31,SIAgent5,MALE_OLD,16,15.782471081530826,471,8.87763998336109
31,SIAgent6,FEMALE_OLD,17,15.417599070477708,531,9.97609351619146
31,SIAgent3,FEMALE_HIGH_INCOME,4,4.02793081522782,4,3.8278005923759935
31,SIAgent4,FEMALE_YOUNG,14,15.121927040979736,15,15.022029417133036
31,SIAgent1,FEMALE_OLD_HIGH_INCOME,3,3.1611579298209938,3,3.1611579298209938
31,SIAgent2,MALE_YOUNG,15,16.757959403429613,16,16.533906394285566
31,SIAgent0,FEMALE_YOUNG,14,14.02056078932417,177,13.996437674230911
31,WFAgent0,MALE_YOUNG_LOW_INCOME,12,13.223089407535532,13,13.212407061247916
31,WFAgent1,MALE_OLD_LOW_INCOME,11,11.2223015639271,11,10.979833625668775
31,WFAgent2,MALE_YOUNG,15,15.245085070670672,343,0.0
31,WFAgent3,FEMALE_OLD_LOW_INCOME,15,14.303953308012828,15,13.603763885715628
31,WFAgent4,MALE_YOUNG_LOW_INCOME,12,12.600783697416608,14,12.48328791423024
31,WFAgent5,MALE_HIGH_INCOME,8,7.86624539373792,102,0.0
32,WFAgent6,FEMALE_OLD_LOW_INCOME,15,15.911394942033999,15,15.660890486944668
32,WFAgent7,FEMALE_LOW_INCOME,27,24.560215039809258,28,24.364775363612505
32,WFAgent8,FEMALE_YOUNG,14,13.176466391642126,0,0.0
32,WFAgent9,OLD_LOW_INCOME,26,26.58555723408643,354,0.0
32,WFAgent16,FEMALE_YOUNG_LOW_INCOME,12,10.479958134044994,12,10.44204658440536
32,WFAgent15,FEMALE_OLD,17,19.465869580349263,18,18.7930685843336
32,WFAgent14,FEMALE_YOUNG,14,13.935600064360216,15,13.099947667556238
32,WFAgent13,FEMALE_OLD_LOW_INCOME,15,11.516158791043948,0,0.0
32,WFAgent12,OLD_HIGH_INCOME,8,8.588499250996872,171,5.997070719886654
32,WFAgent11,FEMALE_YOUNG_LOW_INCOME,12,13.97944398369127,13,13.517931827507198
32,WFAgent10,FEMALE_YOUNG_LOW_INCOME,12,13.616467313262323,14,13.176466391642126
32,SIAgent7,FEMALE_YOUNG_HIGH_INCOME,2,2.057002951962519,2,2.057002951962519
32,SIAgent5,FEMALE_LOW_INCOME,27,23.49460481491205,719,11.312217133105806
32,SIAgent6,FEMALE_OLD,17,17.749009218537285,17,16.91897382774368
32,SIAgent3,MALE_HIGH_INCOME,8,7.996094293182206,8,7.592456737242918
32,SIAgent4,MALE_YOUNG,15,12.974489020020195,19,12.109523085352187
32,SIAgent1,FEMALE_OLD_LOW_INCOME,15,14.277498168955331,16,13.922728779207146
32,SIAgent2,FEMALE_LOW_INCOME,27,30.775489556396224,28,30.33385682831087
32,SIAgent0,MALE_YOUNG_LOW_INCOME,12,10.072989404456658,318,0.0
32,WFAgent0,FEMALE_OLD,17,15.432000354864961,56,0.0
32,WFAgent1,FEMALE_OLD_LOW_INCOME,15,15.971981774082197,15,15.660890486944668
32,WFAgent2,FEMALE_YOUNG_HIGH_INCOME,2,2.075352838628711,51,0.0
32,WFAgent3,YOUNG_LOW_INCOME,23,21.553084721066263,25,21.29199640417755
32,WFAgent4,FEMALE_OLD_HIGH_INCOME,3,3.182924367885577,3,2.4436372228579066
32,WFAgent5,OLD_HIGH_INCOME,8,6.516365927621084,0,0.0
33,WFAgent6,MALE_OLD,16,15.372020306857674,17,14.683631100442783
33,WFAgent7,FEMALE_OLD_LOW_INCOME,15,14.708214065067063,15,14.605650963597016
33,WFAgent8,FEMALE_OLD_LOW_INCOME,15,12.513911421339248,0,0.0
33,WFAgent9,FEMALE_OLD_LOW_INCOME,15,14.833231909694575,15,14.786363148198776
33,WFAgent16,MALE_LOW_INCOME,22,29.202360982694202,29,28.382161610635624
33,WFAgent15,FEMALE_HIGH_INCOME,4,3.653776689668554,48,2.661480123523486
33,WFAgent14,FEMALE_HIGH_INCOME,4,3.510503183558656,98,0.0
33,WFAgent13,MALE_HIGH_INCOME,8,6.909944047267194,0,0.0
33,WFAgent12,YOUNG_HIGH_INCOME,5,5.156946203049548,101,0.0
33,WFAgent11,FEMALE_HIGH_INCOME,4,3.45208704929658,0,0.0
33,WFAgent10,FEMALE_YOUNG_LOW_INCOME,12,12.10540137399931,394,0.0
33,SIAgent7,FEMALE_YOUNG_HIGH_INCOME,2,1.7743200823489909,2,1.7743200823489909
33,SIAgent5,MALE_YOUNG_LOW_INCOME,12,12.495368426195482,13,12.29433342066607
33,SIAgent6,MALE_YOUNG,15,16.603362425244697,16,15.910468373557165
33,SIAgent3,FEMALE_OLD_HIGH_INCOME,3,2.9751586454768613,3,2.694147556961545
33,SIAgent4,MALE_YOUNG_LOW_INCOME,12,11.348615465230221,349,0.0
33,SIAgent1,OLD_LOW_INCOME,26,25.316461670234823,26,24.80771079242359
33,SIAgent2,FEMALE_OLD_HIGH_INCOME,3,2.694147556961545,3,2.589065286972435
33,SIAgent0,OLD_LOW_INCOME,26,25.629696123544544,26,25.557411249703833
33,WFAgent0,OLD_LOW_INCOME,26,24.569441785660032,396,0.0
33,WFAgent1,MALE_LOW_INCOME,22,20.881591788482652,294,0.0
33,WFAgent2,MALE_YOUNG,15,13.369141948633901,0,0.0
33,WFAgent3,MALE_OLD_LOW_INCOME,11,10.23907094561575,0,0.0
33,WFAgent4,FEMALE_YOUNG,14,11.867918042808041,0,0.0
33,WFAgent5,OLD_HIGH_INCOME,8,7.5041210467081285,155,0.0
34,WFAgent6,MALE_OLD_HIGH_INCOME,5,4.643087944841357,0,0.0
34,WFAgent7,FEMALE_OLD_HIGH_INCOME,3,2.994574131496994,3,2.962139492567521
34,WFAgent8,FEMALE_LOW_INCOME,27,23.818825996100838,0,0.0
34,WFAgent9,MALE_OLD_HIGH_INCOME,5,4.914290916218512,148,0.0
34,WFAgent16,FEMALE_OLD_HIGH_INCOME,3,3.0758176508080597,3,2.9941278615518856
34,WFAgent15,YOUNG_LOW_INCOME,23,25.744313756183846,359,14.323577572597374
34,WFAgent14,YOUNG_LOW_INCOME,23,29.517572330790696,30,29.27804991570849
34,WFAgent13,FEMALE_YOUNG_LOW_INCOME,12,11.747835999734646,358,7.807479977522265
34,WFAgent12,FEMALE_OLD_HIGH_INCOME,3,2.8557580282171284,0,0.0
34,WFAgent11,FEMALE_OLD_HIGH_INCOME,3,3.5012511536353794,3,3.083884325253626
34,WFAgent10,OLD_HIGH_INCOME,8,9.136818455676456,9,9.127975482433612
34,SIAgent7,YOUNG_HIGH_INCOME,5,4.925686227382394,131,1.9702744909529575
34,SIAgent5,FEMALE_OLD,17,16.785457124549286,505,0.0
34,SIAgent6,YOUNG_HIGH_INCOME,5,4.992320948915273,5,4.992320948915273
34,SIAgent3,FEMALE_OLD,17,16.94608468726464,17,16.785457124549282
34,SIAgent4,FEMALE_HIGH_INCOME,4,4.056877992192716,4,3.9938567591322185
34,SIAgent1,YOUNG_HIGH_INCOME,5,5.547198024831125,5,5.008076257180397
34,SIAgent2,YOUNG_LOW_INCOME,23,20.59014276060873,22,19.694919162321398
34,SIAgent0,FEMALE_YOUNG_LOW_INCOME,12,11.7112199662834,12,11.711219966283396
34,WFAgent0,FEMALE_HIGH_INCOME,4,3.992170482069181,4,3.940548981905915
34,WFAgent1,OLD_HIGH_INCOME,8,8.223691534009669,8,7.428940711746171
34,WFAgent2,MALE_LOW_INCOME,22,19.022409742363536,0,0.0
34,WFAgent3,MALE_YOUNG_HIGH_INCOME,4,4.213770190423037,4,3.9672028705190665
34,WFAgent4,MALE_OLD_LOW_INCOME,11,9.965702074356022,359,0.0
34,WFAgent5,MALE_OLD_LOW_INCOME,11,10.139271932969473,11,9.511204871181764
35,WFAgent6,FEMALE_OLD_HIGH_INCOME,3,2.8920525168375075,3,2.835655716397139
35,WFAgent7,OLD_LOW_INCOME,26,25.126208966741075,389,6.616530004926656
35,WFAgent8,MALE_LOW_INCOME,22,23.19004865097388,303,0.0
35,WFAgent9,FEMALE_HIGH_INCOME,4,3.7189787232683416,70,0.0
35,WFAgent16,MALE_LOW_INCOME,22,25.094466237959672,23,24.24414177147269
35,WFAgent15,FEMALE_YOUNG,14,14.964797256864962,16,14.374592940104153
35,WFAgent14,MALE_YOUNG_LOW_INCOME,12,10.880086371651272,0,0.0
35,WFAgent13,MALE_YOUNG,15,16.63651117890554,18,16.320129557476903
35,WFAgent12,FEMALE_YOUNG,14,16.168135262643414,15,16.03567600547873
35,WFAgent11,OLD_LOW_INCOME,26,29.32120399051538,28,28.754976541775292
35,WFAgent10,FEMALE_YOUNG_HIGH_INCOME,2,1.984475298092937,43,0.0
35,SIAgent7,FEMALE_YOUNG_LOW_INCOME,12,10.96417748874026,12,10.96417748874026
35,SIAgent5,MALE_OLD,16,15.2613163923562,16,14.706416408364161
35,SIAgent6,FEMALE_LOW_INCOME,27,28.864216809861713,27,28.59641301519458
35,SIAgent3,OLD_LOW_INCOME,26,27.447026809762544,27,26.625264499236042
35,SIAgent4,FEMALE_YOUNG_LOW_INCOME,12,10.47555673230787,357,0.0
35,SIAgent1,YOUNG_HIGH_INCOME,5,5.456463080238974,6,5.121750110812214
35,SIAgent2,FEMALE_OLD,17,16.068715726250453,20,16.068715726250453
35,SIAgent0,MALE_HIGH_INCOME,8,6.520858228194016,209,5.705750949669764
35,WFAgent0,MALE_YOUNG,15,15.792511996179565,358,0.0
35,WFAgent1,OLD_LOW_INCOME,26,31.41323216279078,29,31.002306943925543
35,WFAgent2,FEMALE_YOUNG_HIGH_INCOME,2,2.137006719872663,2,1.8594893616341708
35,WFAgent3,YOUNG_HIGH_INCOME,5,5.231068590954769,6,4.890643671145512
35,WFAgent4,MALE_HIGH_INCOME,8,8.649256851194405,9,8.584490470700365
35,WFAgent5,FEMALE_YOUNG,14,15.333432406954614,14,14.966630938446814
36,WFAgent6,FEMALE_OLD,17,17.838615195696704,18,17.339053130119087
36,WFAgent7,FEMALE_YOUNG_LOW_INCOME,12,11.813454022605034,385,0.0
36,WFAgent8,MALE_OLD_LOW_INCOME,11,10.841071890688372,291,4.745828859180027
36,WFAgent9,MALE_YOUNG_HIGH_INCOME,4,3.7904530194109665,4,3.295235361788299
36,WFAgent16,MALE_HIGH_INCOME,8,8.18015933459166,126,7.593326174688044
36,WFAgent15,MALE_YOUNG,15,16.391093042962837,17,15.807584958312086
36,WFAgent14,MALE_YOUNG_HIGH_INCOME,4,4.003177314835275,4,3.598961743516247
36,WFAgent13,OLD_LOW_INCOME,26,29.07531658697864,31,28.911948814770845
36,WFAgent12,FEMALE_OLD,17,15.854939672616268,0,0.0
36,WFAgent11,FEMALE_YOUNG,14,13.190972622563725,0,0.0
36,WFAgent10,FEMALE_OLD,17,17.654655023755563,475,0.0
36,SIAgent7,FEMALE_YOUNG_HIGH_INCOME,2,2.1884278434058255,2,1.926561458902121
36,SIAgent5,FEMALE_HIGH_INCOME,4,3.853122917804242,28,3.7612112599127547
36,SIAgent6,YOUNG_LOW_INCOME,23,22.663636029764184,24,22.61309592439497
36,SIAgent3,MALE_LOW_INCOME,22,23.78984631207277,23,22.75614890321742
36,SIAgent4,MALE_LOW_INCOME,22,25.719284907501624,23,25.488109946454042
36,SIAgent1,MALE_LOW_INCOME,22,24.379931253129964,22,23.789846312072775
36,SIAgent2,MALE_YOUNG,15,12.35713260670612,439,1.6476176808941494
36,SIAgent0,MALE_OLD,16,15.186652349376086,15,14.237486577540082
36,WFAgent0,FEMALE_OLD_HIGH_INCOME,3,2.8200372947840693,32,0.0
36,WFAgent1,MALE_HIGH_INCOME,8,8.73757881617038,9,8.528519293674677
36,WFAgent2,OLD_HIGH_INCOME,8,8.916059215004356,8,8.308072952355559
36,WFAgent3,MALE_YOUNG_HIGH_INCOME,4,3.598961743516247,4,3.295235361788299
36,WFAgent4,FEMALE_OLD_HIGH_INCOME,3,3.0805760192400427,3,2.8898421883531813
36,WFAgent5,FEMALE_YOUNG_HIGH_INCOME,2,1.3832984171609928,17,0.0
37,WFAgent6,MALE_OLD,16,12.921490758419006,0,0.0
37,WFAgent7,MALE_OLD_LOW_INCOME,11,11.27646932468811,12,11.065539595949828
37,WFAgent8,MALE_YOUNG,15,14.199921202210637,17,14.023230004599814
37,WFAgent9,MALE_OLD,16,16.50264562296092,19,16.331385943611313
37,WFAgent16,MALE_OLD_LOW_INCOME,11,10.33910561498885,11,10.143411296287342
37,WFAgent15,FEMALE_OLD_HIGH_INCOME,3,3.1364763193729472,73,2.039204754573776
37,WFAgent14,MALE_YOUNG,15,13.238977277684542,0,0.0
37,WFAgent13,FEMALE_YOUNG_HIGH_INCOME,2,2.3297327278504993,2,2.100480271294464
37,WFAgent12,FEMALE_YOUNG_HIGH_INCOME,2,2.0086895849226645,2,1.6497917652470366
37,WFAgent11,OLD_LOW_INCOME,26,23.332134289047705,0,0.0
37,WFAgent10,FEMALE_YOUNG_HIGH_INCOME,2,2.1414954027742015,2,2.100480271294464
37,SIAgent7,FEMALE_YOUNG,14,14.703361899061246,206,14.473918510647241
37,SIAgent5,YOUNG_HIGH_INCOME,5,4.124479413117592,102,1.6497917652470366
37,SIAgent6,MALE_OLD_HIGH_INCOME,5,5.51830359690942,5,4.881418887115154
37,SIAgent3,MALE_OLD,16,13.752746057777946,15,12.893199429166826
37,SIAgent4,YOUNG_HIGH_INCOME,5,5.1710211101054995,5,4.412992425894847
37,SIAgent1,MALE_YOUNG_LOW_INCOME,12,13.616186183043649,377,0.0
37,SIAgent2,FEMALE_HIGH_INCOME,4,4.078409509147552,4,4.078409509147552
37,SIAgent0,MALE_OLD_LOW_INCOME,11,10.14341129628734,11,9.955666283133251
37,WFAgent0,MALE_LOW_INCOME,22,19.62568678933342,308,10.31455954333346
37,WFAgent1,MALE_HIGH_INCOME,8,7.810270219384246,127,0.8595466286111216
37,WFAgent2,MALE_OLD,16,17.16186846421104,18,16.91853646089085
37,WFAgent3,MALE_OLD_HIGH_INCOME,5,4.014362773330754,0,0.0
37,WFAgent4,FEMALE_OLD_HIGH_INCOME,3,3.0458523771062755,0,0.0
37,WFAgent5,FEMALE_LOW_INCOME,27,29.360273514377603,462,0.0
38,WFAgent6,OLD_LOW_INCOME,26,20.098386280767087,307,0.0
38,WFAgent7,FEMALE_OLD_HIGH_INCOME,3,3.1188424805911157,3,3.001815260467496
38,WFAgent8,MALE_OLD_LOW_INCOME,11,10.574742319432449,11,10.120895023742923
38,WFAgent9,MALE_YOUNG,15,11.678225026136438,0,0.0
38,WFAgent16,YOUNG_LOW_INCOME,23,23.00004208895143,353,13.427128897395482
38,WFAgent15,YOUNG_HIGH_INCOME,5,5.1594332798484155,102,0.0
38,WFAgent14,FEMALE_OLD,17,18.681545684207325,18,18.362212146808503
38,WFAgent13,FEMALE_OLD,17,15.060525071666673,0,0.0
38,WFAgent12,YOUNG_LOW_INCOME,23,25.469264432507835,27,24.8421968764599
38,WFAgent11,FEMALE_HIGH_INCOME,4,4.080491588179665,4,4.002420347289995
38,WFAgent10,FEMALE_OLD_HIGH_INCOME,3,2.712474981409174,47,0.0
38,SIAgent7,YOUNG_HIGH_INCOME,5,5.152451796737238,5,5.032910706637442
38,SIAgent5,OLD_HIGH_INCOME,8,8.150168485458023,8,8.150168485458023
38,SIAgent6,FEMALE_HIGH_INCOME,4,4.002420347289995,13,3.9608958959957445
38,SIAgent3,MALE_LOW_INCOME,22,20.241790047485846,54,20.241790047485846
38,SIAgent4,FEMALE_OLD_LOW_INCOME,15,17.316747633393707,15,16.394533142676607
38,SIAgent1,FEMALE_YOUNG,14,13.427128897395479,13,12.468048261867233
38,SIAgent2,MALE_YOUNG_LOW_INCOME,12,10.543960028529352,318,0.0
38,SIAgent0,OLD_LOW_INCOME,26,28.417190780639444,31,28.078336697934056
38,WFAgent0,MALE_LOW_INCOME,22,21.616170391430416,23,20.913363232776465
38,WFAgent1,OLD_LOW_INCOME,26,27.19437106048229,449,0.0
38,WFAgent2,MALE_OLD_HIGH_INCOME,5,5.786858910974733,5,5.093855303411265
38,WFAgent3,FEMALE_LOW_INCOME,27,29.333925617954158,30,28.772419065847462
38,WFAgent4,OLD_HIGH_INCOME,8,8.689378286750726,140,7.131397424775771
38,WFAgent5,FEMALE_HIGH_INCOME,4,3.653549019568141,24,0.0
39,WFAgent6,FEMALE_YOUNG_LOW_INCOME,12,12.981013994764481,378,11.492494815462203
39,WFAgent7,FEMALE_OLD_HIGH_INCOME,3,2.7600928648252188,3,2.5980618385107483
39,WFAgent8,FEMALE_OLD,17,17.881099487780936,18,17.248898301432845
39,WFAgent9,FEMALE_OLD_LOW_INCOME,15,14.526032835249836,19,14.295850526398517
39,WFAgent16,FEMALE_OLD_LOW_INCOME,15,11.286197783998833,0,0.0
39,WFAgent15,MALE_YOUNG_LOW_INCOME,12,12.345274770040517,359,0.0
39,WFAgent14,OLD_HIGH_INCOME,8,7.666177022859041,8,6.992398469945711
39,WFAgent13,MALE_YOUNG_HIGH_INCOME,4,4.343547713379977,101,0.0
39,WFAgent12,MALE_LOW_INCOME,22,26.007287814957902,378,2.196447498565468
39,WFAgent11,FEMALE_YOUNG_HIGH_INCOME,2,2.1698762378278023,2,1.8776784995776086
39,WFAgent10,MALE_OLD,16,15.327362445883981,0,0.0
39,SIAgent7,YOUNG_LOW_INCOME,23,25.376343995991327,27,24.928057271648413
39,SIAgent5,MALE_OLD_HIGH_INCOME,5,4.945326650971978,5,4.3150111768281265
39,SIAgent6,MALE_OLD_HIGH_INCOME,5,4.3150111768281265,145,0.0
39,SIAgent3,FEMALE_YOUNG_LOW_INCOME,12,11.492494815462203,12,11.492494815462203
39,SIAgent4,FEMALE_YOUNG_HIGH_INCOME,2,1.7851910099707538,2,1.7148315619890495
39,SIAgent1,FEMALE_YOUNG_HIGH_INCOME,2,1.7148315619890495,52,0.0
39,SIAgent2,OLD_LOW_INCOME,26,28.553817481351086,28,28.363909659464586
39,SIAgent0,FEMALE_YOUNG_HIGH_INCOME,2,1.8776784995776086,2,1.8776784995776086
39,WFAgent0,FEMALE_OLD_LOW_INCOME,15,15.357402550993477,16,14.54040036045768
39,WFAgent1,YOUNG_LOW_INCOME,23,20.381797925616222,0,0.0
39,WFAgent2,FEMALE_OLD,17,16.534643714244204,17,15.640526234009581
39,WFAgent3,FEMALE_OLD_LOW_INCOME,15,13.631625337929073,389,0.0
39,WFAgent4,FEMALE_HIGH_INCOME,4,3.4961992349728552,39,0.0
39,WFAgent5,FEMALE_HIGH_INCOME,4,3.4640824513476645,0,0.0
40,WFAgent6,MALE_LOW_INCOME,22,20.70768227470794,0,0.0
40,WFAgent7,MALE_OLD,16,18.4809345163139,19,17.883907419065952
40,WFAgent8,MALE_OLD_LOW_INCOME,11,11.036160218428039,14,10.625513489513105
40,WFAgent9,FEMALE_HIGH_INCOME,4,4.303026545870274,80,0.0
40,WFAgent16,MALE_HIGH_INCOME,8,8.13556348728053,73,0.8957368330458
40,WFAgent15,MALE_OLD_LOW_INCOME,11,10.034403451815207,332,0.0
40,WFAgent14,MALE_HIGH_INCOME,8,8.449305753574093,147,0.0
40,WFAgent13,MALE_OLD_LOW_INCOME,11,8.348617741760297,0,0.0
40,WFAgent12,FEMALE_LOW_INCOME,27,33.58728491201822,35,33.06472418476424
40,WFAgent11,OLD_HIGH_INCOME,8,7.4600490036405125,0,0.0
40,WFAgent10,MALE_YOUNG,15,17.59067141874888,18,17.004715295021605
40,SIAgent7,FEMALE_OLD_LOW_INCOME,15,14.276301585660388,15,13.594661579487223
40,SIAgent5,MALE_YOUNG_HIGH_INCOME,4,3.5829473321832,4,3.5829473321832
40,SIAgent6,FEMALE_OLD_LOW_INCOME,15,12.675554525682323,406,0.0
40,SIAgent3,YOUNG_HIGH_INCOME,5,5.143138392754398,14,4.478684165229
40,SIAgent4,YOUNG_LOW_INCOME,23,21.72824732141649,22,20.783540916137518
40,SIAgent1,FEMALE_OLD_LOW_INCOME,15,13.59466157948722,16,13.520591494061138
40,SIAgent2,FEMALE_OLD_LOW_INCOME,15,17.08692818573425,17,16.17980846374844
40,SIAgent0,FEMALE_OLD_LOW_INCOME,15,17.121243075541816,15,17.086928185734248
40,WFAgent0,FEMALE_LOW_INCOME,27,30.682901630935135,358,10.391770458068756
40,WFAgent1,MALE_YOUNG_LOW_INCOME,12,12.574009966432738,358,8.502357647510799
40,WFAgent2,MALE_YOUNG_HIGH_INCOME,4,3.248594396772669,0,0.0
40,WFAgent3,MALE_YOUNG,15,18.323087759601634,17,17.486670535364954
40,WFAgent4,MALE_OLD_HIGH_INCOME,5,4.521522853564248,0,0.0
40,WFAgent5,FEMALE_HIGH_INCOME,4,3.944929195352757,40,0.0
41,WFAgent6,MALE_OLD,16,12.706861381110743,0,0.0
41,WFAgent7,MALE_LOW_INCOME,22,26.282476870540705,25,25.969121323030762
41,WFAgent8,YOUNG_LOW_INCOME,23,21.875941550459448,0,0.0
41,WFAgent9,FEMALE_LOW_INCOME,27,28.68436636623632,29,28.16492963515618
41,WFAgent16,MALE_YOUNG,15,14.98734936513879,88,3.71034274717491
41,WFAgent15,FEMALE_OLD,17,16.935988463831404,80,0.0
41,WFAgent14,FEMALE_HIGH_INCOME,4,3.6955249119480094,0,0.0
41,WFAgent13,OLD_LOW_INCOME,26,28.426525984512903,328,0.0
41,WFAgent12,MALE_YOUNG,15,13.444554558972563,0,0.0
41,WFAgent11,MALE_HIGH_INCOME,8,8.196197255907238,8,7.4206854943498195
41,WFAgent10,OLD_HIGH_INCOME,8,8.1276044564462,117,0.9275856867937275
41,SIAgent7,MALE_YOUNG_HIGH_INCOME,4,4.045156938271595,4,3.71034274717491
41,SIAgent5,FEMALE_YOUNG,14,13.476531804868038,344,0.0
41,SIAgent6,FEMALE_YOUNG_HIGH_INCOME,2,2.193084082391738,2,1.9252188292668626
41,SIAgent3,YOUNG_LOW_INCOME,23,22.337702814089393,31,22.14001653656892
41,SIAgent4,MALE_HIGH_INCOME,8,7.42068549434982,8,7.4206854943498195
41,SIAgent1,MALE_YOUNG_LOW_INCOME,12,12.350272789104869,12,11.989879492111031
41,SIAgent2,FEMALE_YOUNG_LOW_INCOME,12,13.416820764833187,13,12.899559960733352
41,SIAgent0,MALE_YOUNG,15,16.036306850703486,15,15.747317406641814
41,WFAgent0,FEMALE_LOW_INCOME,27,26.791393764600045,506,0.0
41,WFAgent1,MALE_OLD,16,17.998790890274897,17,17.271159469948167
41,WFAgent2,MALE_LOW_INCOME,22,26.60907540133922,31,25.939271579527016
41,WFAgent3,MALE_LOW_INCOME,22,18.408515314503035,307,0.0
41,WFAgent4,MALE_YOUNG,15,15.286558203181789,15,14.568067052666994
41,WFAgent5,FEMALE_OLD,17,18.858749767077075,20,18.477624559740057
42,WFAgent6,MALE_LOW_INCOME,22,23.541912588798024,25,22.80183819036133
42,WFAgent7,MALE_OLD,16,16.32664089051009,17,16.04773745522142
42,WFAgent8,FEMALE_YOUNG,14,14.365571476441659,16,14.337993821974406
42,WFAgent9,OLD_LOW_INCOME,26,24.738034159997603,445,0.0
42,WFAgent16,FEMALE_OLD_HIGH_INCOME,3,2.879330247166537,3,2.8291549974098484
42,WFAgent15,YOUNG_LOW_INCOME,23,18.70135416930458,0,0.0
42,WFAgent14,FEMALE_YOUNG_HIGH_INCOME,2,1.8196050960969772,2,1.6190519614700691
42,WFAgent13,FEMALE_YOUNG,14,15.145762320648258,16,14.990029859601774
42,WFAgent12,YOUNG_HIGH_INCOME,5,5.40923462508295,6,4.9363944314602595
42,WFAgent11,YOUNG_LOW_INCOME,23,23.156260368666356,406,0.0
42,WFAgent10,FEMALE_HIGH_INCOME,4,3.7475074649004436,54,0.0
42,SIAgent7,MALE_YOUNG,15,16.97576923043579,16,16.344126328183453
42,SIAgent5,OLD_HIGH_INCOME,8,7.5444133264262625,9,7.28573382661531
42,SIAgent6,MALE_YOUNG,15,12.340986078650648,410,4.113662026216883
42,SIAgent3,FEMALE_OLD_HIGH_INCOME,3,3.1191109408578286,3,2.8291549974098484
42,SIAgent4,MALE_OLD,16,14.59317644183126,479,0.0
42,SIAgent1,MALE_OLD_HIGH_INCOME,5,4.741690223292425,5,4.741690223292425
42,SIAgent2,FEMALE_OLD_LOW_INCOME,15,17.32892366587512,22,17.306151111341208
42,SIAgent0,YOUNG_HIGH_INCOME,5,5.622528302922858,5,4.723801555438537
42,WFAgent0,FEMALE_HIGH_INCOME,4,3.2381039229401383,0,0.0
42,WFAgent1,FEMALE_YOUNG_HIGH_INCOME,2,1.7922492277468003,11,0.0
42,WFAgent2,MALE_OLD_HIGH_INCOME,5,5.7633581582572075,6,5.690028267950909
42,WFAgent3,YOUNG_LOW_INCOME,23,24.255486890365006,29,23.85923975205791
42,WFAgent4,FEMALE_OLD,17,13.372934949672748,0,0.0
42,WFAgent5,FEMALE_YOUNG_LOW_INCOME,12,12.300529713211072,15,12.196535327807332
43,WFAgent6,MALE_LOW_INCOME,22,16.87686078573815,0,0.0
43,WFAgent7,MALE_YOUNG_HIGH_INCOME,4,4.226131805123953,4,3.778476810986957
43,WFAgent8,MALE_LOW_INCOME,22,21.160838939501037,325,0.0
43,WFAgent9,MALE_YOUNG,15,14.169288041201089,69,0.0
43,WFAgent16,FEMALE_OLD_HIGH_INCOME,3,2.749541586264059,3,2.5636389999083735
43,WFAgent15,MALE_OLD,16,17.1752750930493,22,16.876860785738145
43,WFAgent14,FEMALE_YOUNG,14,16.20369654678791,43,15.371640971300506
43,WFAgent13,FEMALE_OLD_LOW_INCOME,15,12.312729237991862,394,0.0
43,WFAgent12,MALE_OLD_HIGH_INCOME,5,5.7368388947961595,6,5.405224930499467
43,WFAgent11,FEMALE_YOUNG_HIGH_INCOME,2,1.9124740181570425,0,0.0
43,WFAgent10,MALE_YOUNG,15,14.302903268023345,18,13.84610060841436
43,SIAgent7,MALE_YOUNG_HIGH_INCOME,4,4.5529141765909715,4,4.3948943363860415
43,SIAgent5,MALE_YOUNG_HIGH_INCOME,4,4.3948943363860415,4,3.8141075381395586
43,SIAgent6,FEMALE_YOUNG_LOW_INCOME,12,12.733838862297777,12,12.133521376438681
43,SIAgent3,FEMALE_OLD,17,15.613706690711485,80,15.381833999450235
43,SIAgent4,FEMALE_OLD_HIGH_INCOME,3,2.5636389999083735,66,1.7090926666055823
43,SIAgent1,FEMALE_LOW_INCOME,27,27.30042309698703,29,26.635146707684306
43,SIAgent2,FEMALE_YOUNG,14,13.450185849887939,180,12.48945828918166
43,SIAgent0,YOUNG_LOW_INCOME,23,22.80941511520413,23,22.49955371565645
43,WFAgent0,MALE_OLD_HIGH_INCOME,5,4.504354108749556,160,0.0
43,WFAgent1,MALE_YOUNG,15,11.53841717367863,0,0.0
43,WFAgent2,MALE_OLD_HIGH_INCOME,5,4.390225318949967,0,0.0
43,WFAgent3,MALE_YOUNG_LOW_INCOME,12,9.393927188532961,311,0.0
43,WFAgent4,YOUNG_LOW_INCOME,23,23.923671433965545,25,23.68041307111384
43,WFAgent5,OLD_HIGH_INCOME,8,8.400368030512924,9,7.902405574109939
44,WFAgent6,FEMALE_HIGH_INCOME,4,4.210005368828926,66,0.9193037792280676
44,WFAgent7,YOUNG_HIGH_INCOME,5,3.836648212343081,0,0.0
44,WFAgent8,FEMALE_HIGH_INCOME,4,4.496858582231827,5,3.836648212343081
44,WFAgent9,FEMALE_OLD_LOW_INCOME,15,11.771145744344196,0,0.0
44,WFAgent16,MALE_OLD_HIGH_INCOME,5,4.406008818853479,0,0.0
44,WFAgent15,MALE_OLD_LOW_INCOME,11,9.952973800026573,333,0.0
44,WFAgent14,FEMALE_YOUNG_LOW_INCOME,12,11.815779082045307,0,0.0
44,WFAgent13,MALE_HIGH_INCOME,8,7.2922104963298535,74,0.0
44,WFAgent12,MALE_HIGH_INCOME,8,8.629196768856747,8,7.915118644776499
44,WFAgent11,OLD_LOW_INCOME,26,27.279070275786246,473,0.0
44,WFAgent10,FEMALE_YOUNG_LOW_INCOME,12,11.96967226841938,358,0.0
44,SIAgent7,OLD_HIGH_INCOME,8,8.75860380306135,8,8.020369084699196
44,SIAgent5,MALE_OLD_HIGH_INCOME,5,4.4833847370881115,155,0.0
44,SIAgent6,FEMALE_OLD_HIGH_INCOME,3,2.757911337684203,3,2.757911337684203
44,SIAgent3,MALE_OLD_HIGH_INCOME,5,5.072189503907948,5,4.4833847370881115
44,SIAgent4,MALE_YOUNG_LOW_INCOME,12,10.462671741604705,12,10.462671741604705
44,SIAgent1,MALE_LOW_INCOME,22,23.578226340464454,56,22.919444497799333
44,SIAgent2,FEMALE_OLD_LOW_INCOME,15,16.465624591669123,20,15.694860992458928
44,SIAgent0,FEMALE_HIGH_INCOME,4,5.177185153395316,4,4.336977768355237
44,WFAgent0,MALE_YOUNG_LOW_INCOME,12,13.594471832535104,12,12.86085073116243
44,WFAgent1,FEMALE_YOUNG_HIGH_INCOME,2,1.9632045217588765,55,0.0
44,WFAgent2,MALE_YOUNG,15,14.840847458955936,301,8.71889311800392
44,WFAgent3,MALE_YOUNG_LOW_INCOME,12,11.903470448761205,13,11.334561053405096
44,WFAgent4,FEMALE_LOW_INCOME,27,29.195552959444257,29,28.55479944827614
44,WFAgent5,MALE_HIGH_INCOME,8,8.122778251477147,10,7.673296424686162
45,WFAgent6,OLD_LOW_INCOME,26,23.332849565205795,0,0.0
45,WFAgent7,OLD_LOW_INCOME,26,23.548519677197774,288,0.0
45,WFAgent8,FEMALE_OLD,17,18.36710429470055,487,0.0
45,WFAgent9,MALE_OLD,16,15.159276334761799,16,14.358676655511259
45,WFAgent16,MALE_OLD_HIGH_INCOME,5,4.822118039318955,5,4.737273854613062
45,WFAgent15,FEMALE_YOUNG_HIGH_INCOME,2,2.188890039796352,2,2.0729795003197435
45,WFAgent14,MALE_OLD_HIGH_INCOME,5,5.377216931287182,5,5.252273754383325
45,WFAgent13,OLD_HIGH_INCOME,8,7.693315265281873,8,7.446575171817274
45,WFAgent12,MALE_YOUNG_LOW_INCOME,12,13.167147516776279,12,12.464374641148941
45,WFAgent11,YOUNG_LOW_INCOME,23,23.89005139553547,332,11.797851973037488
45,WFAgent10,FEMALE_OLD,17,14.379023640397145,0,0.0
45,SIAgent7,MALE_LOW_INCOME,22,21.629395283902067,22,21.47451121228282
45,SIAgent5,FEMALE_YOUNG,14,14.510856502238205,144,13.75681365148962
45,SIAgent6,FEMALE_YOUNG_HIGH_INCOME,2,1.8342418201986155,2,1.8342418201986155
45,SIAgent3,MALE_OLD,16,17.162437384892364,15,16.089785048336594
45,SIAgent4,MALE_OLD_LOW_INCOME,11,11.521265910863008,11,10.814697641951032
45,SIAgent1,OLD_HIGH_INCOME,8,7.446575171817276,208,0.0
45,SIAgent2,FEMALE_OLD_HIGH_INCOME,3,2.919707562693354,3,2.8650400394239752
45,SIAgent0,FEMALE_OLD_HIGH_INCOME,3,2.8650400394239752,3,2.7924656894314785
45,WFAgent0,MALE_YOUNG_LOW_INCOME,12,12.481546877429553,12,11.797851973037488
45,WFAgent1,MALE_OLD,16,19.281424315386722,18,19.130890372662687
45,WFAgent2,MALE_YOUNG_HIGH_INCOME,4,3.8451789350374264,103,0.0
45,WFAgent3,YOUNG_HIGH_INCOME,5,5.361949817076067,6,5.180889216355696
45,WFAgent4,FEMALE_HIGH_INCOME,4,3.7323069783375775,39,2.7513627302979233
45,WFAgent5,MALE_YOUNG,15,12.95222304088924,0,0.0
46,WFAgent6,YOUNG_HIGH_INCOME,5,4.884127527636045,54,0.0
46,WFAgent7,MALE_OLD,16,17.627355226340516,23,17.427781771901078
46,WFAgent8,MALE_HIGH_INCOME,8,7.723037033526762,0,0.0
46,WFAgent9,MALE_OLD_HIGH_INCOME,5,5.024477220993533,154,0.0
46,WFAgent16,OLD_LOW_INCOME,26,19.70097069867078,0,0.0
46,WFAgent15,FEMALE_LOW_INCOME,27,23.508177831302802,305,21.226497425258902
46,WFAgent14,OLD_LOW_INCOME,26,25.904808793963245,326,0.0
46,WFAgent13,FEMALE_OLD_HIGH_INCOME,3,2.8858434827211354,82,0.0
46,WFAgent12,FEMALE_OLD_HIGH_INCOME,3,3.3121553815092053,3,2.8858434827211354
46,WFAgent11,FEMALE_OLD_HIGH_INCOME,3,2.9556877716497825,3,2.856568386873456
46,WFAgent10,MALE_YOUNG,15,14.605997945431433,325,0.0
46,SIAgent7,YOUNG_LOW_INCOME,23,23.693366472556686,23,23.66171440209143
46,SIAgent5,FEMALE_OLD_LOW_INCOME,15,15.26856736688232,16,14.589044912484887
46,SIAgent6,OLD_LOW_INCOME,26,29.236768408434852,28,28.28566883793696
46,SIAgent3,FEMALE_LOW_INCOME,27,22.92461721927961,140,22.07555732226926
46,SIAgent4,YOUNG_LOW_INCOME,23,23.62056671048658,24,23.597159063753253
46,SIAgent1,YOUNG_LOW_INCOME,23,22.613944102763526,24,22.02845676140133
46,SIAgent2,FEMALE_OLD_LOW_INCOME,15,13.677229605454578,16,13.584958352165698
46,SIAgent0,MALE_YOUNG_LOW_INCOME,12,14.030864366035903,13,13.391902788836388
46,WFAgent0,FEMALE_HIGH_INCOME,4,3.808757849164608,0,0.0
46,WFAgent1,FEMALE_OLD_HIGH_INCOME,3,3.480183188672185,3,2.9556877716497825
46,WFAgent2,YOUNG_LOW_INCOME,23,25.26443918581181,24,24.644929363081154
46,WFAgent3,MALE_YOUNG,15,13.277566006390849,0,0.0
46,WFAgent4,FEMALE_YOUNG_LOW_INCOME,12,11.98628522698773,13,11.708553981031441
46,WFAgent5,MALE_YOUNG_HIGH_INCOME,4,4.415556912992575,107,0.0
47,WFAgent6,MALE_OLD_HIGH_INCOME,5,5.243175694080667,5,4.728111727606887
47,WFAgent7,FEMALE_YOUNG,14,12.19468970549864,0,0.0
47,WFAgent8,FEMALE_YOUNG,14,12.669713228551048,362,0.0
47,WFAgent9,MALE_LOW_INCOME,22,24.1624834061512,26,23.682503245960476
47,WFAgent16,MALE_YOUNG_HIGH_INCOME,4,3.7856443885546267,4,3.6660373915499647
47,WFAgent15,YOUNG_LOW_INCOME,23,21.149834524954567,0,0.0
47,WFAgent14,MALE_YOUNG,15,14.089001937819116,16,13.952500346930295
47,WFAgent13,MALE_YOUNG_HIGH_INCOME,4,3.4881250867325737,0,0.0
47,WFAgent12,FEMALE_HIGH_INCOME,4,3.8185495321783884,56,0.0
47,WFAgent11,OLD_LOW_INCOME,26,23.38938783694869,0,0.0
47,WFAgent10,FEMALE_YOUNG,14,15.755705406202033,18,15.678886764212534
47,SIAgent7,MALE_OLD,16,14.516390649281892,16,14.504928508259722
47,SIAgent5,MALE_OLD_LOW_INCOME,11,10.236781783794125,10,9.30616525799466
47,SIAgent6,FEMALE_OLD_LOW_INCOME,15,14.64728844646682,14,13.6708025500357
47,SIAgent3,FEMALE_YOUNG_HIGH_INCOME,2,2.0113372059508277,2,2.0113372059508277
47,SIAgent4,MALE_YOUNG_LOW_INCOME,12,11.96917060652522,347,0.0
47,SIAgent1,MALE_YOUNG,15,15.054097750387507,15,14.986165789418115
47,SIAgent2,OLD_HIGH_INCOME,8,7.56497876417102,261,7.526630834229759
47,SIAgent0,OLD_LOW_INCOME,26,23.570508825922047,739,0.0
47,WFAgent0,FEMALE_YOUNG_HIGH_INCOME,2,1.9269336973914224,2,1.8291978298543246
47,WFAgent1,MALE_YOUNG_HIGH_INCOME,4,3.6660373915499647,71,0.0
47,WFAgent2,MALE_YOUNG,15,15.424270957339179,16,15.221287896187398
47,WFAgent3,YOUNG_HIGH_INCOME,5,5.321924129478527,5,4.9262805750154355
47,WFAgent4,FEMALE_OLD_LOW_INCOME,15,15.350184073000499,15,14.507432717137045
47,WFAgent5,FEMALE_HIGH_INCOME,4,3.658395659708649,0,0.0
48,WFAgent6,YOUNG_LOW_INCOME,23,20.06678444448997,0,0.0
48,WFAgent7,OLD_HIGH_INCOME,8,9.637243233916106,8,9.357877970221635
48,WFAgent8,FEMALE_YOUNG_HIGH_INCOME,2,2.0391836322654826,2,1.957846283183389
48,WFAgent9,FEMALE_YOUNG_LOW_INCOME,12,12.73628279414154,13,12.606118815601468
48,WFAgent16,MALE_OLD_HIGH_INCOME,5,4.790607001029161,0,0.0
48,WFAgent15,MALE_YOUNG,15,16.585264277476682,101,0.0
48,WFAgent14,MALE_OLD_LOW_INCOME,11,10.886701240948204,331,0.0
48,WFAgent13,FEMALE_OLD,17,17.196860013784793,17,16.65973124093514
48,WFAgent12,MALE_YOUNG_HIGH_INCOME,4,3.835139655574121,0,0.0
48,WFAgent11,FEMALE_LOW_INCOME,27,25.747959078766574,487,0.0
48,WFAgent10,MALE_OLD_HIGH_INCOME,5,4.9208432428865025,148,0.0
48,SIAgent7,YOUNG_LOW_INCOME,23,21.80985236458626,50,20.939253333380837
48,SIAgent5,FEMALE_HIGH_INCOME,4,4.731265488455352,4,4.488127380424808
48,SIAgent6,MALE_YOUNG_LOW_INCOME,12,11.684757815064824,12,11.379053407610222
48,SIAgent3,FEMALE_HIGH_INCOME,4,3.915692566366778,89,1.957846283183389
48,SIAgent4,FEMALE_YOUNG_LOW_INCOME,12,11.63641736824751,12,11.59352337480796
48,SIAgent1,MALE_OLD_HIGH_INCOME,5,5.503041936472191,5,4.790607001029161
48,SIAgent2,FEMALE_OLD_HIGH_INCOME,3,2.939952571929731,3,2.939952571929731
48,SIAgent0,OLD_HIGH_INCOME,8,9.357877970221635,8,8.725258988354296
48,WFAgent0,FEMALE_OLD,17,17.083082566892738,17,16.642754456110357
48,WFAgent1,YOUNG_LOW_INCOME,23,21.060002177240342,348,0.0
48,WFAgent2,FEMALE_OLD_LOW_INCOME,15,12.93390702085863,0,0.0
48,WFAgent3,OLD_LOW_INCOME,26,25.576485937662767,0,0.0
48,WFAgent4,OLD_HIGH_INCOME,8,9.273379504735408,9,9.043984888354979
48,WFAgent5,MALE_OLD_LOW_INCOME,11,13.233116999908582,13,12.788242968831382
49,WFAgent6,FEMALE_OLD,17,17.361202982601434,503,0.0
49,WFAgent7,MALE_LOW_INCOME,22,21.001135791733457,0,0.0
49,WFAgent8,FEMALE_OLD,17,15.805445681958473,0,0.0
49,WFAgent9,FEMALE_OLD_HIGH_INCOME,3,2.412225376666236,0,0.0
49,WFAgent16,FEMALE_YOUNG_LOW_INCOME,12,13.549973961032128,386,0.0
49,WFAgent15,MALE_HIGH_INCOME,8,7.245771216824842,0,0.0
49,WFAgent14,OLD_LOW_INCOME,26,27.575671503883342,29,27.191053344335025
49,WFAgent13,FEMALE_OLD_HIGH_INCOME,3,3.0190776609093755,3,2.75876059320544
49,WFAgent12,OLD_LOW_INCOME,26,24.378185756990025,0,0.0
49,WFAgent11,FEMALE_YOUNG_LOW_INCOME,12,10.995179863819061,0,0.0
49,WFAgent10,FEMALE_HIGH_INCOME,4,4.071652474773888,4,3.7543724849595743
49,SIAgent7,OLD_HIGH_INCOME,8,9.295194740702879,8,8.783789922555073
49,SIAgent5,FEMALE_YOUNG_HIGH_INCOME,2,1.8771862424797872,35,0.0
49,SIAgent6,OLD_HIGH_INCOME,8,8.783789922555073,9,8.581262889222897
49,SIAgent3,OLD_HIGH_INCOME,8,7.356694915214506,208,0.0
49,SIAgent4,MALE_LOW_INCOME,22,23.10248012229693,22,22.66898313626861
49,SIAgent1,MALE_LOW_INCOME,22,27.73306447134048,24,26.85372309117423
49,SIAgent2,MALE_LOW_INCOME,22,22.57265047270677,23,21.95573287317588
49,SIAgent0,YOUNG_LOW_INCOME,23,26.525930515998656,27,25.943784391213693
49,WFAgent0,FEMALE_HIGH_INCOME,4,4.622349359033972,4,4.071652474773888
49,WFAgent1,MALE_OLD_LOW_INCOME,11,10.636766394181159,309,0.0
49,WFAgent2,FEMALE_YOUNG_HIGH_INCOME,2,2.119214845955392,2,1.8771862424797872
49,WFAgent3,MALE_HIGH_INCOME,8,7.525315208161848,81,0.0
49,WFAgent4,YOUNG_LOW_INCOME,23,26.3494685471184,320,24.648792772479652
49,WFAgent5,FEMALE_OLD_HIGH_INCOME,3,3.2202473160114558,3,2.789196296816201
50,WFAgent6,MALE_OLD,16,18.430545051522788,18,18.20026326374831
50,WFAgent7,MALE_OLD_HIGH_INCOME,5,5.225046027778116,5,4.6451649669358535
50,WFAgent8,FEMALE_LOW_INCOME,27,30.06712587784276,27,29.049504185766768
50,WFAgent9,FEMALE_HIGH_INCOME,4,4.05190571103644,34,0.0
50,WFAgent16,FEMALE_YOUNG_LOW_INCOME,12,12.033551091171883,328,0.0
50,WFAgent15,MALE_YOUNG,15,18.294820734991763,112,13.46025800750403
50,WFAgent14,OLD_LOW_INCOME,26,25.12855868324489,378,0.0
50,WFAgent13,FEMALE_HIGH_INCOME,4,3.978988900507159,103,0.0
50,WFAgent12,FEMALE_HIGH_INCOME,4,3.7316064955547326,0,0.0
50,WFAgent11,MALE_YOUNG_HIGH_INCOME,4,3.613857823724174,0,0.0
50,WFAgent10,YOUNG_LOW_INCOME,23,23.188443836355365,344,0.0
50,SIAgent7,FEMALE_LOW_INCOME,27,29.04950418576678,77,28.38103573612006
50,SIAgent5,FEMALE_HIGH_INCOME,4,4.134395342359368,4,4.06046903411787
50,SIAgent6,FEMALE_LOW_INCOME,27,31.08700412183525,28,30.231813754400026
50,SIAgent3,MALE_LOW_INCOME,22,22.251090965687318,23,21.699867207497277
50,SIAgent4,FEMALE_OLD_HIGH_INCOME,3,3.0453517755884025,3,2.7987048716660494
50,SIAgent1,MALE_OLD_LOW_INCOME,11,10.181541263224263,326,0.0
50,SIAgent2,OLD_LOW_INCOME,26,28.186400635725846,27,28.146583471648317
50,SIAgent0,YOUNG_HIGH_INCOME,5,5.177022310578471,5,5.055050599611757
50,WFAgent0,FEMALE_YOUNG_HIGH_INCOME,2,2.2429420271809337,2,2.0708089242313887
50,WFAgent1,OLD_HIGH_INCOME,8,8.089005894999252,140,0.0
50,WFAgent2,FEMALE_YOUNG_LOW_INCOME,12,11.30656647007758,0,0.0
50,WFAgent3,MALE_OLD,16,14.86452789419473,0,0.0
50,WFAgent4,MALE_YOUNG,15,16.826420925464006,16,16.18261161140896
50,WFAgent5,MALE_YOUNG_LOW_INCOME,12,11.076445398356096,0,0.0
51,WFAgent6,FEMALE_HIGH_INCOME,4,3.5409068532905366,0,0.0
51,WFAgent7,FEMALE_YOUNG_HIGH_INCOME,2,1.9856935257890673,2,1.8332537999163725
51,WFAgent8,OLD_LOW_INCOME,26,23.154409680657142,0,0.0
51,WFAgent9,OLD_HIGH_INCOME,8,8.379672125849286,9,7.5770876254296615
51,WFAgent16,FEMALE_YOUNG_LOW_INCOME,12,11.106288470510783,411,0.0
51,WFAgent15,MALE_OLD_LOW_INCOME,11,8.155174265625089,0,0.0
51,WFAgent14,MALE_LOW_INCOME,22,23.433587633673795,364,0.0
51,WFAgent13,MALE_YOUNG_HIGH_INCOME,4,3.8671501735379215,4,3.126100055448053
51,WFAgent12,FEMALE_OLD_HIGH_INCOME,3,3.3088364093198743,3,3.110290442294793
51,WFAgent11,FEMALE_OLD_LOW_INCOME,15,15.284658044808653,429,0.0
51,WFAgent10,YOUNG_HIGH_INCOME,5,4.956543074151889,5,4.545793705087515
51,SIAgent7,FEMALE_OLD_HIGH_INCOME,3,3.055687083589895,3,2.949996373430433
51,SIAgent5,FEMALE_OLD_LOW_INCOME,15,17.94480385188919,20,17.811084369736257
51,SIAgent6,MALE_YOUNG,15,11.722875207930198,437,0.0
51,SIAgent3,FEMALE_HIGH_INCOME,4,4.508287211800991,4,4.189836062924643
51,SIAgent4,MALE_YOUNG,15,13.637381115262546,17,13.28592523565423
51,SIAgent1,FEMALE_OLD_HIGH_INCOME,3,3.110290442294793,3,3.055687083589895
51,SIAgent2,FEMALE_OLD_HIGH_INCOME,3,2.949996373430433,67,0.0
51,SIAgent0,MALE_YOUNG,15,15.105698138558669,16,14.938091062492347
51,WFAgent0,MALE_HIGH_INCOME,8,8.960092906464315,9,8.741346889646422
51,WFAgent1,FEMALE_YOUNG_HIGH_INCOME,2,1.9650219332574563,44,0.0
51,WFAgent2,OLD_HIGH_INCOME,8,6.735189000381921,0,0.0
51,WFAgent3,FEMALE_YOUNG,14,12.832776599414608,0,0.0
51,WFAgent4,FEMALE_YOUNG_HIGH_INCOME,2,2.02500262523212,2,1.9826172296607556
51,WFAgent5,MALE_OLD,16,15.928480826652804,151,0.0
52,WFAgent6,FEMALE_HIGH_INCOME,4,4.053977689338063,0,0.0
52,WFAgent7,MALE_HIGH_INCOME,8,8.861147473434293,8,8.246788604341702
52,WFAgent8,MALE_YOUNG,15,15.415517624322826,16,15.030901162233134
52,WFAgent9,MALE_LOW_INCOME,22,20.667489098070554,305,0.9229408773078702
52,WFAgent16,FEMALE_OLD_LOW_INCOME,15,13.735528297895076,0,0.0
52,WFAgent15,MALE_YOUNG_LOW_INCOME,12,10.528254584087133,305,0.0
52,WFAgent14,FEMALE_YOUNG_LOW_INCOME,12,11.838337027102574,13,11.444698471236366
52,WFAgent13,MALE_HIGH_INCOME,8,8.82365370774608,152,0.0
52,WFAgent12,YOUNG_LOW_INCOME,23,19.9552410091006,321,0.0
52,WFAgent11,MALE_YOUNG,15,14.571452324214428,15,13.84411315961805
52,WFAgent10,MALE_YOUNG_LOW_INCOME,12,10.949922364222964,12,10.56433705037203
52,SIAgent7,YOUNG_LOW_INCOME,23,20.248312679879724,54,20.23557043332411
52,SIAgent5,FEMALE_YOUNG,14,15.72924701593777,17,15.104847621842252
52,SIAgent6,FEMALE_YOUNG_HIGH_INCOME,2,2.038129776025756,40,0.0
52,SIAgent3,MALE_YOUNG,15,15.799509089898828,16,15.542882479162053
52,SIAgent4,MALE_YOUNG_HIGH_INCOME,4,3.910813481176602,78,0.0
52,SIAgent1,MALE_YOUNG_HIGH_INCOME,4,4.069509429089548,4,3.910813481176602
52,SIAgent2,OLD_LOW_INCOME,26,31.8594479761292,33,31.120377034499604
52,SIAgent0,MALE_LOW_INCOME,22,20.304699300773144,22,19.78941012761183
52,WFAgent0,MALE_LOW_INCOME,22,19.7378812102957,0,0.0
52,WFAgent1,OLD_LOW_INCOME,26,27.991771338669622,29,27.243508356547554
52,WFAgent2,MALE_YOUNG_HIGH_INCOME,4,3.8361337253544168,0,0.0
52,WFAgent3,FEMALE_HIGH_INCOME,4,4.2249874959473495,81,0.0
52,WFAgent4,FEMALE_OLD_LOW_INCOME,15,14.682109359907786,468,0.0
52,WFAgent5,MALE_OLD_LOW_INCOME,11,10.734344923152042,11,10.152349650386572
53,WFAgent6,FEMALE_OLD,17,15.257380685475463,465,0.0
53,WFAgent7,FEMALE_YOUNG_HIGH_INCOME,2,2.0735898974999127,2,1.9171994481029384
53,WFAgent8,FEMALE_OLD_HIGH_INCOME,3,3.0320789742877237,3,2.9174693718947347
53,WFAgent9,FEMALE_OLD_LOW_INCOME,15,13.56425606693921,16,13.048927286897028
53,WFAgent16,OLD_HIGH_INCOME,8,7.7520482330897025,77,2.875799172154408
53,WFAgent15,FEMALE_YOUNG_LOW_INCOME,12,11.630555616414231,342,0.0
53,WFAgent14,FEMALE_LOW_INCOME,27,22.020064796638742,0,0.0
53,WFAgent13,OLD_HIGH_INCOME,8,8.232415692487352,144,0.0
53,WFAgent12,MALE_OLD_HIGH_INCOME,5,4.833911608902087,0,0.0
53,WFAgent11,YOUNG_LOW_INCOME,23,27.033767473812794,27,26.168750136932015
53,WFAgent10,FEMALE_YOUNG,14,14.999514496500641,18,14.680043197759156
53,SIAgent7,MALE_LOW_INCOME,22,20.005133493229245,675,0.0
53,SIAgent5,FEMALE_HIGH_INCOME,4,3.834398896205877,4,3.834398896205877
53,SIAgent6,FEMALE_OLD,17,17.004588704460534,18,16.15487366697402
53,SIAgent3,MALE_YOUNG_HIGH_INCOME,4,3.3740742194997737,86,0.0
53,SIAgent4,MALE_YOUNG,15,16.429570385056294,18,16.367836494460292
53,SIAgent1,MALE_OLD,16,16.996949674364526,17,16.497557360972408
53,SIAgent2,MALE_HIGH_INCOME,8,8.268399535939016,8,7.7520482330897025
53,SIAgent0,MALE_OLD_LOW_INCOME,11,10.46130257869476,11,10.002566746614622
53,WFAgent0,MALE_YOUNG,15,18.70806521863704,17,18.620179769730466
53,WFAgent1,YOUNG_HIGH_INCOME,5,4.445278261551982,43,0.0
53,WFAgent2,FEMALE_HIGH_INCOME,4,3.3715091842175626,0,0.0
53,WFAgent3,FEMALE_YOUNG_HIGH_INCOME,2,1.5650590514164524,0,0.0
53,WFAgent4,FEMALE_HIGH_INCOME,4,4.222983734365632,4,4.001079695167185
53,WFAgent5,MALE_YOUNG_HIGH_INCOME,4,4.503288713361925,5,4.217592774374717
54,WFAgent6,MALE_YOUNG_HIGH_INCOME,4,3.4870351320623776,0,0.0
54,WFAgent7,YOUNG_HIGH_INCOME,5,5.236622734024523,5,5.085772868882354
54,WFAgent8,FEMALE_OLD_LOW_INCOME,15,13.797965296953825,0,0.0
54,WFAgent9,FEMALE_LOW_INCOME,27,29.919056656197995,462,0.0
54,WFAgent16,YOUNG_HIGH_INCOME,5,4.367372797743164,0,0.0
54,WFAgent15,MALE_OLD,16,17.76937071411746,18,17.7261506666651
54,WFAgent14,YOUNG_LOW_INCOME,23,25.570345752604588,25,24.75543855591172
54,WFAgent13,FEMALE_OLD,17,16.785951570210887,19,16.437362980652978
54,WFAgent12,MALE_HIGH_INCOME,8,7.883366740334957,8,7.2545183964992415
54,WFAgent11,YOUNG_HIGH_INCOME,5,4.750322393394253,45,0.0
54,WFAgent10,FEMALE_YOUNG,14,14.39723339603996,408,0.0
54,SIAgent7,MALE_OLD_LOW_INCOME,11,11.538869701970581,363,0.0
54,SIAgent5,YOUNG_HIGH_INCOME,5,5.068583678305175,5,4.600858763118836
54,SIAgent6,FEMALE_YOUNG_HIGH_INCOME,2,2.27265491603225,2,2.0618118524764286
54,SIAgent3,MALE_OLD_HIGH_INCOME,5,4.923930740740306,5,4.480330212857556
54,SIAgent4,YOUNG_HIGH_INCOME,5,5.154529631191072,5,5.137340440613892
54,SIAgent1,MALE_YOUNG,15,13.602221993436077,389,9.06814799562405
54,SIAgent2,YOUNG_HIGH_INCOME,5,6.264544721842183,5,5.2599511629689815
54,SIAgent0,MALE_YOUNG,15,14.853263133547038,15,14.279931951045857
54,WFAgent0,MALE_OLD_HIGH_INCOME,5,4.9051907144820275,5,4.32562183701394
54,WFAgent1,MALE_OLD_HIGH_INCOME,5,4.480330212857556,132,0.0
54,WFAgent2,OLD_HIGH_INCOME,8,6.920994939222304,0,0.0
54,WFAgent3,FEMALE_OLD_HIGH_INCOME,3,2.6564058777456157,57,0.0
54,WFAgent4,MALE_YOUNG_LOW_INCOME,12,12.026752649712758,12,11.88261050683763
54,WFAgent5,MALE_YOUNG,15,14.267072624306318,15,13.602221993436073
55,WFAgent6,MALE_YOUNG_HIGH_INCOME,4,3.518439916754886,92,2.6327578771470144
55,WFAgent7,FEMALE_YOUNG_LOW_INCOME,12,13.294972922331546,13,12.996994215906454
55,WFAgent8,OLD_HIGH_INCOME,8,8.33521021895683,8,7.54151063453856
55,WFAgent9,FEMALE_OLD_LOW_INCOME,15,11.989956121179967,467,11.861232282305187
55,WFAgent16,MALE_YOUNG,15,11.690935786147923,0,0.0
55,WFAgent15,FEMALE_HIGH_INCOME,4,3.7479113310686603,0,0.0
55,WFAgent14,YOUNG_HIGH_INCOME,5,5.080326061620255,59,0.0
55,WFAgent13,MALE_YOUNG,15,15.850339340047988,15,15.348700183120267
55,WFAgent12,MALE_YOUNG_HIGH_INCOME,4,4.2057236284342014,4,3.7497452122819768
55,WFAgent11,FEMALE_OLD_HIGH_INCOME,3,3.6402157828012447,3,3.1033449466340643
55,WFAgent10,YOUNG_LOW_INCOME,23,19.298668029710463,281,0.0
55,SIAgent7,MALE_YOUNG,15,13.163789385735072,16,12.764902225141887
55,SIAgent5,YOUNG_LOW_INCOME,23,26.19885358517888,25,25.787009738246798
55,SIAgent6,FEMALE_LOW_INCOME,27,21.350218108149342,26,20.559469289328998
55,SIAgent3,YOUNG_LOW_INCOME,23,22.239428157979155,35,21.792699658011315
55,SIAgent4,FEMALE_OLD_HIGH_INCOME,3,3.103344946634065,78,0.0
55,SIAgent1,MALE_YOUNG_HIGH_INCOME,4,3.7497452122819768,4,3.7497452122819768
55,SIAgent2,MALE_YOUNG_LOW_INCOME,12,12.27896014649621,12,11.99738504733565
55,SIAgent0,MALE_OLD,16,13.702074580390583,479,8.563796612744115
55,WFAgent0,FEMALE_HIGH_INCOME,4,4.198988410441688,4,3.7479113310686603
55,WFAgent1,FEMALE_YOUNG,14,14.54713032957755,15,14.503974885638582
55,WFAgent2,MALE_OLD_HIGH_INCOME,5,4.7134441465866,5,4.2818983063720575
55,WFAgent3,MALE_OLD_HIGH_INCOME,5,4.781001647778419,5,4.2818983063720575
55,WFAgent4,FEMALE_YOUNG_LOW_INCOME,12,11.9972254300675,12,11.603179908510866
55,WFAgent5,MALE_HIGH_INCOME,8,8.0846021470503,8,7.260089048477995
56,WFAgent6,OLD_LOW_INCOME,26,25.975380233781266,28,25.967312925141417
56,WFAgent7,MALE_YOUNG,15,15.564408605086543,95,0.0
56,WFAgent8,FEMALE_OLD,17,15.34401176027476,0,0.0
56,WFAgent9,MALE_OLD_HIGH_INCOME,5,5.2590544430638575,123,0.0
56,WFAgent16,FEMALE_HIGH_INCOME,4,4.350666150674869,4,3.7862744000958983
56,WFAgent15,FEMALE_LOW_INCOME,27,26.446941708622763,27,26.136488445387265
56,WFAgent14,MALE_YOUNG_LOW_INCOME,12,12.96337891454558,12,12.354234357027487
56,WFAgent13,MALE_YOUNG,15,14.329641855820869,0,0.0
56,WFAgent12,FEMALE_OLD,17,16.576552620831116,71,0.0
56,WFAgent11,MALE_YOUNG_LOW_INCOME,12,11.797152037782794,12,11.125502415671775
56,WFAgent10,FEMALE_OLD_LOW_INCOME,15,14.965413235316953,16,14.838464528652231
56,SIAgent7,OLD_LOW_INCOME,26,24.112504859059886,26,24.112504859059886
56,SIAgent5,YOUNG_LOW_INCOME,23,24.24789307498402,24,24.031571657396913
56,SIAgent6,FEMALE_YOUNG_HIGH_INCOME,2,1.674208882227646,45,0.0
56,SIAgent3,FEMALE_YOUNG_HIGH_INCOME,2,1.7644402567724067,2,1.674208882227646
56,SIAgent4,MALE_LOW_INCOME,22,20.396754428731583,679,0.0
56,SIAgent1,OLD_HIGH_INCOME,8,8.482626726880953,28,8.123300343674874
56,SIAgent2,FEMALE_YOUNG_HIGH_INCOME,2,2.291997652246057,2,1.9360361811397968
56,SIAgent0,FEMALE_YOUNG,14,13.552253267978578,13,12.584235177408681
56,WFAgent0,FEMALE_LOW_INCOME,27,26.904362320974816,27,26.336988074866976
56,WFAgent1,FEMALE_OLD_LOW_INCOME,15,14.334020428852355,410,11.128848396489175
56,WFAgent2,FEMALE_YOUNG,14,11.030092474170399,0,0.0
56,WFAgent3,MALE_LOW_INCOME,22,21.74248565897632,23,21.326110283915835
56,WFAgent4,FEMALE_LOW_INCOME,27,26.336988074866994,27,25.596025418142656
56,WFAgent5,FEMALE_LOW_INCOME,27,24.68583836217322,306,0.0
57,WFAgent6,OLD_LOW_INCOME,26,23.916001891090573,419,0.0
57,WFAgent7,MALE_YOUNG,15,14.46751885007671,0,0.0
57,WFAgent8,FEMALE_OLD_LOW_INCOME,15,12.607786649414386,0,0.0
57,WFAgent9,FEMALE_OLD_LOW_INCOME,15,15.624268162835211,15,15.098081193538237
57,WFAgent16,OLD_LOW_INCOME,26,27.012433957034588,28,26.337706058377464
57,WFAgent15,OLD_LOW_INCOME,26,26.170007402132935,28,26.07286009709906
57,WFAgent14,FEMALE_OLD_LOW_INCOME,15,14.25391174665706,16,13.448305759375351
57,WFAgent13,FEMALE_YOUNG_LOW_INCOME,12,13.059456098268779,13,12.153385480381091
57,WFAgent12,FEMALE_YOUNG,14,11.31290760911108,0,0.0
57,WFAgent11,MALE_LOW_INCOME,22,23.807062346128752,24,23.14803016012274
57,WFAgent10,MALE_YOUNG_LOW_INCOME,12,11.688895519939923,12,11.174082898756744
57,SIAgent7,MALE_LOW_INCOME,22,20.21594060586993,603,0.0
57,SIAgent5,YOUNG_LOW_INCOME,23,27.133469992425134,27,26.204548732823984
57,SIAgent6,YOUNG_HIGH_INCOME,5,5.352440795110075,5,5.042743157948829
57,SIAgent3,FEMALE_OLD_LOW_INCOME,15,16.32768180920092,15,15.584096513673796
57,SIAgent4,FEMALE_YOUNG,14,13.088261286564252,20,12.581017378720487
57,SIAgent1,MALE_HIGH_INCOME,8,9.104895973825379,8,8.582383041043862
57,SIAgent2,MALE_OLD_HIGH_INCOME,5,5.383237076556312,160,0.0
57,SIAgent0,MALE_LOW_INCOME,22,20.4858186477207,22,20.277276524472374
57,WFAgent0,FEMALE_YOUNG,14,13.541578586222393,14,13.088261286564252
57,WFAgent1,FEMALE_YOUNG,14,12.137553305250286,316,0.0
57,WFAgent2,FEMALE_YOUNG_HIGH_INCOME,2,2.0952036034596846,2,1.8697516123663218
57,WFAgent3,YOUNG_HIGH_INCOME,5,5.4658387173133525,109,0.0
57,WFAgent4,MALE_OLD_LOW_INCOME,11,10.346955951505432,11,10.218374956419371
57,WFAgent5,FEMALE_OLD_LOW_INCOME,15,15.548857192680835,16,14.717539625286513
58,WFAgent6,MALE_YOUNG_HIGH_INCOME,4,3.945267621831001,4,3.471968771210239
58,WFAgent7,OLD_HIGH_INCOME,8,7.607624147288851,9,7.150329251708562
58,WFAgent8,MALE_OLD_HIGH_INCOME,5,4.817740526478172,5,4.497680745650668
58,WFAgent9,YOUNG_HIGH_INCOME,5,5.4199838220798116,5,4.920886015517364
58,WFAgent16,MALE_OLD,16,15.25816458735873,326,0.0
58,WFAgent15,MALE_HIGH_INCOME,8,8.030579051493014,8,7.873417624827781
58,WFAgent14,MALE_OLD_LOW_INCOME,11,10.539596581564728,11,9.89489764043147
58,WFAgent13,MALE_YOUNG,15,14.985530465336206,326,12.808667674561512
58,WFAgent12,FEMALE_YOUNG,14,13.979002730953269,16,13.750920813610925
58,WFAgent11,YOUNG_HIGH_INCOME,5,4.688797890338805,85,4.146319280177944
58,WFAgent10,FEMALE_OLD_LOW_INCOME,15,16.325852223250973,527,0.0
58,SIAgent7,YOUNG_HIGH_INCOME,5,4.146319280177944,5,4.146319280177944
58,SIAgent5,MALE_HIGH_INCOME,8,7.873417624827782,8,7.690166126466469
58,SIAgent6,YOUNG_LOW_INCOME,23,22.661488962685755,47,21.676206833873334
58,SIAgent3,YOUNG_LOW_INCOME,23,23.23118085131686,23,23.08640739691053
58,SIAgent4,MALE_YOUNG,15,15.38610551774837,15,15.15077012042404
58,SIAgent1,MALE_OLD_HIGH_INCOME,5,3.9724051398380906,130,0.0
58,SIAgent2,FEMALE_YOUNG,14,14.091392707331279,14,13.836441646796413
58,SIAgent0,FEMALE_HIGH_INCOME,4,3.4377302034027326,69,0.0
58,WFAgent0,FEMALE_HIGH_INCOME,4,3.7961884343385104,4,3.4377302034027326
58,WFAgent1,OLD_HIGH_INCOME,8,7.961785238371903,8,7.18234065996996
58,WFAgent2,FEMALE_YOUNG,14,14.80822741395341,15,14.40814945458652
58,WFAgent3,YOUNG_HIGH_INCOME,5,5.614469888468071,5,5.128701839249457
58,WFAgent4,MALE_OLD,16,14.392578386082139,0,0.0
58,WFAgent5,FEMALE_OLD,17,15.262473902436167,0,0.0
59,WFAgent6,MALE_LOW_INCOME,22,21.587149455932515,331,19.731140672550044
59,WFAgent7,MALE_OLD,16,15.663488474356155,19,14.995666911138033
59,WFAgent8,FEMALE_OLD_LOW_INCOME,15,14.666378059787743,15,14.26783743165707
59,WFAgent9,FEMALE_OLD,17,15.103331523035786,463,0.0
59,WFAgent16,FEMALE_OLD_HIGH_INCOME,3,2.2212932060602824,0,0.0
59,WFAgent15,FEMALE_YOUNG_HIGH_INCOME,2,2.0101276825128505,2,1.8898691312067697
59,WFAgent14,OLD_HIGH_INCOME,8,9.995979945634252,10,9.789680296472596
59,WFAgent13,MALE_YOUNG_LOW_INCOME,12,12.128434846748885,15,11.838684403530026
59,WFAgent12,MALE_OLD_HIGH_INCOME,5,5.442398485696741,159,0.0
59,WFAgent11,FEMALE_YOUNG_HIGH_INCOME,2,1.9839489045155883,2,1.8228554099565129
59,WFAgent10,FEMALE_OLD_HIGH_INCOME,3,3.300020861637047,3,3.2245190123419207
59,SIAgent7,FEMALE_HIGH_INCOME,4,3.7797382624135394,4,3.7797382624135394
59,SIAgent5,FEMALE_HIGH_INCOME,4,3.511683377412512,118,0.0
59,SIAgent6,FEMALE_LOW_INCOME,27,27.485068622693756,42,27.178936015642538
59,SIAgent3,MALE_YOUNG_HIGH_INCOME,4,4.891092569141337,4,4.548485347181019
59,SIAgent4,FEMALE_OLD,17,16.501496866640117,17,16.501496866640114
59,SIAgent1,MALE_YOUNG_HIGH_INCOME,4,4.548485347181019,4,3.679285074453285
59,SIAgent2,MALE_LOW_INCOME,22,17.36340379184404,62,17.36340379184404
59,SIAgent0,FEMALE_OLD_HIGH_INCOME,3,3.2245190123419207,3,3.1203556278342286
59,WFAgent0,MALE_OLD_LOW_INCOME,11,11.42768461546597,13,10.718797115706854
59,WFAgent1,FEMALE_OLD_HIGH_INCOME,3,3.2261297397406143,3,3.2245190123419207
59,WFAgent2,MALE_HIGH_INCOME,8,7.35857014890657,0,0.0
59,WFAgent3,YOUNG_HIGH_INCOME,5,5.538731162214483,86,0.0
59,WFAgent4,OLD_LOW_INCOME,26,21.4375942314137,0,0.0
59,WFAgent5,FEMALE_HIGH_INCOME,4,4.073854903419465,4,3.511683377412512
60,WFAgent6,FEMALE_YOUNG_LOW_INCOME,12,13.988845394992847,13,13.088407628308978
60,WFAgent7,MALE_OLD_LOW_INCOME,11,10.755181914900549,11,10.073963554923093
60,WFAgent8,FEMALE_OLD_LOW_INCOME,15,11.558707723306952,0,0.0
60,WFAgent9,FEMALE_LOW_INCOME,27,28.206757127691723,32,28.132330973254202
60,WFAgent16,MALE_OLD_LOW_INCOME,11,11.22620793179526,12,10.989778423552465
60,WFAgent15,FEMALE_HIGH_INCOME,4,3.960766145132895,83,0.0
60,WFAgent14,FEMALE_YOUNG_LOW_INCOME,12,11.966808763781978,13,11.83104574908003
60,WFAgent13,MALE_OLD_LOW_INCOME,11,11.250273373532806,11,10.75518191490055
60,WFAgent12,FEMALE_YOUNG_LOW_INCOME,12,12.07058599861391,13,11.907738475622246
60,WFAgent11,MALE_YOUNG_HIGH_INCOME,4,4.59394436246667,4,4.2475469523967195
60,WFAgent10,OLD_HIGH_INCOME,8,8.695983201045843,147,0.0
60,SIAgent7,MALE_OLD_LOW_INCOME,11,10.019350133668308,311,0.0
60,SIAgent5,YOUNG_LOW_INCOME,23,20.8715447796383,664,0.0
60,SIAgent6,YOUNG_LOW_INCOME,23,21.06753730302398,22,20.151557420283808
60,SIAgent3,YOUNG_HIGH_INCOME,5,5.895048393795211,5,5.6095944894687495
60,SIAgent4,YOUNG_HIGH_INCOME,5,5.309433690495899,5,5.309433690495899
60,SIAgent1,MALE_OLD_LOW_INCOME,11,10.073963554923093,11,10.073963554923093
60,SIAgent2,FEMALE_YOUNG_HIGH_INCOME,2,1.8642280286247361,30,0.0
60,SIAgent0,MALE_YOUNG_LOW_INCOME,12,12.485499573508587,13,11.907738475622246
60,WFAgent0,YOUNG_LOW_INCOME,23,23.15641349623896,25,22.882454240383836
60,WFAgent1,FEMALE_HIGH_INCOME,4,4.396001349582958,4,3.7284560572494723
60,WFAgent2,FEMALE_OLD_LOW_INCOME,15,13.187030143712912,459,0.0
60,WFAgent3,FEMALE_YOUNG_LOW_INCOME,12,12.357591399846706,12,11.966808763781982
60,WFAgent4,MALE_YOUNG_HIGH_INCOME,4,4.54770775136957,78,2.1237734761983598
60,WFAgent5,FEMALE_OLD,17,17.083858277044055,22,16.95277132751687
61,WFAgent6,OLD_LOW_INCOME,26,25.07511775425262,448,0.0
61,WFAgent7,MALE_OLD_HIGH_INCOME,5,4.509970662212783,118,0.0
61,WFAgent8,FEMALE_YOUNG_LOW_INCOME,12,11.78287901195803,12,10.97701967740809
61,WFAgent9,MALE_YOUNG,15,17.285500201738387,17,17.113158286175803
61,WFAgent16,OLD_HIGH_INCOME,8,7.403505523107301,59,0.0
61,WFAgent15,MALE_YOUNG_HIGH_INCOME,4,3.170175755095165,0,0.0
61,WFAgent14,MALE_HIGH_INCOME,8,8.718696741983036,11,8.717983326511703
61,WFAgent13,OLD_HIGH_INCOME,8,8.422461110149682,8,8.007409891099671
61,WFAgent12,FEMALE_YOUNG_LOW_INCOME,12,12.064887258714903,12,11.760267890863275
61,WFAgent11,FEMALE_HIGH_INCOME,4,3.7875128616535787,43,0.0
61,WFAgent10,FEMALE_YOUNG_LOW_INCOME,12,11.017796001857223,325,0.0
61,SIAgent7,MALE_LOW_INCOME,22,20.54503826555811,657,0.0
61,SIAgent5,MALE_OLD_LOW_INCOME,11,12.467609429708926,11,12.467609429708926
61,SIAgent6,FEMALE_HIGH_INCOME,4,3.134854500481798,4,3.134854500481798
61,SIAgent3,MALE_OLD_HIGH_INCOME,5,6.1121266898111895,6,6.005557418324753
61,SIAgent4,FEMALE_YOUNG,14,16.05099100592723,16,15.7600049201678
61,SIAgent1,YOUNG_LOW_INCOME,23,22.540513457487947,23,22.355885663362262
61,SIAgent2,YOUNG_HIGH_INCOME,5,5.033281848875235,6,4.702281750722697
61,SIAgent0,OLD_HIGH_INCOME,8,8.007409891099671,48,7.487847848618063
61,WFAgent0,MALE_LOW_INCOME,22,25.554148949303404,25,25.541724689609527
61,WFAgent1,FEMALE_LOW_INCOME,27,23.817140034031127,0,0.0
61,WFAgent2,MALE_YOUNG,15,16.69322326120374,17,16.660379512056306
61,WFAgent3,FEMALE_LOW_INCOME,27,28.29732478282639,32,28.227721521814683
61,WFAgent4,MALE_HIGH_INCOME,8,7.517321204287897,90,0.0
61,WFAgent5,MALE_YOUNG_LOW_INCOME,12,12.262830380558679,12,11.760267890863275
62,WFAgent6,FEMALE_HIGH_INCOME,4,4.152725563709283,4,3.8674548241936013
62,WFAgent7,FEMALE_OLD_HIGH_INCOME,3,3.05632368032817,3,2.9758820220578834
62,WFAgent8,FEMALE_LOW_INCOME,27,28.24584649700779,27,27.594254089796326
62,WFAgent9,FEMALE_HIGH_INCOME,4,3.7865287230092175,4,3.3620367320648623
62,WFAgent16,OLD_LOW_INCOME,26,27.251095245184434,327,0.0
62,WFAgent15,FEMALE_YOUNG_LOW_INCOME,12,13.675735950454737,13,13.5988887498138
62,WFAgent14,MALE_OLD,16,16.09568707523936,0,0.0
62,WFAgent13,FEMALE_YOUNG,14,14.067241492582799,14,13.536091884677605
62,WFAgent12,FEMALE_OLD_LOW_INCOME,15,14.976435807303025,16,14.658508779929148
62,WFAgent11,FEMALE_OLD_LOW_INCOME,15,15.335729891844451,15,14.976435807303023
62,WFAgent10,FEMALE_YOUNG,14,14.912823537179042,14,14.067241492582797
62,SIAgent7,FEMALE_YOUNG,14,13.536091884677605,14,12.971718670392024
62,SIAgent5,MALE_YOUNG_LOW_INCOME,12,11.261158925415893,410,0.0
62,SIAgent6,MALE_HIGH_INCOME,8,7.4472904070922326,266,0.0
62,SIAgent3,OLD_HIGH_INCOME,8,7.9356853921543555,8,7.630438526490528
62,SIAgent4,FEMALE_LOW_INCOME,27,22.295800866879127,687,0.0
62,SIAgent1,FEMALE_OLD,17,15.574665578674718,17,14.90282720902748
62,SIAgent2,FEMALE_OLD_HIGH_INCOME,3,2.6045050313123066,56,0.0
62,SIAgent0,FEMALE_YOUNG_LOW_INCOME,12,12.552820384443507,12,11.757610279647734
62,WFAgent0,FEMALE_YOUNG_LOW_INCOME,12,11.61572297424554,12,11.602364472580804
62,WFAgent1,FEMALE_LOW_INCOME,27,27.594254089796323,28,27.398266597177237
62,WFAgent2,FEMALE_OLD_LOW_INCOME,15,14.677642819916375,17,14.309256030914783
62,WFAgent3,FEMALE_YOUNG,14,13.717211992922353,15,13.586604249118055
62,WFAgent4,FEMALE_YOUNG_HIGH_INCOME,2,1.6810183660324312,0,0.0
62,WFAgent5,FEMALE_YOUNG_HIGH_INCOME,2,1.81154723321574,21,0.0
63,WFAgent6,FEMALE_YOUNG_HIGH_INCOME,2,2.0284183762049426,42,0.0
63,WFAgent7,YOUNG_LOW_INCOME,23,24.90575109679733,23,23.916438934495144
63,WFAgent8,YOUNG_HIGH_INCOME,5,5.440004938035423,5,4.986423940552186
63,WFAgent9,MALE_OLD_HIGH_INCOME,5,4.050476503579379,0,0.0
63,WFAgent16,MALE_OLD_LOW_INCOME,11,11.286393207727526,11,10.949601666178932
63,WFAgent15,MALE_LOW_INCOME,22,23.042762597307632,23,22.657195386384206
63,WFAgent14,YOUNG_HIGH_INCOME,5,4.872740291680151,5,4.318197948188299
63,WFAgent13,YOUNG_HIGH_INCOME,5,5.207363168520009,5,4.872740291680151
63,WFAgent12,YOUNG_LOW_INCOME,23,18.330859320906686,280,0.0
63,WFAgent11,MALE_OLD_LOW_INCOME,11,11.258311735349992,11,10.949601666178932
63,WFAgent10,FEMALE_YOUNG,14,13.089666454745466,0,0.0
63,SIAgent7,FEMALE_YOUNG,14,14.536337227221896,76,13.961987033546123
63,SIAgent5,MALE_YOUNG_HIGH_INCOME,4,3.642841367832374,4,3.642841367832374
63,SIAgent6,MALE_LOW_INCOME,22,21.67209993480228,599,11.82114541898306
63,SIAgent3,MALE_OLD_LOW_INCOME,11,11.381829099824186,11,11.258311735349993
63,SIAgent4,MALE_YOUNG_HIGH_INCOME,4,3.3290363523628157,78,0.0
63,SIAgent1,MALE_OLD_LOW_INCOME,11,10.949601666178935,11,10.949601666178932
63,SIAgent2,FEMALE_LOW_INCOME,27,28.225057497275984,31,27.62152396024594
63,SIAgent0,FEMALE_YOUNG_LOW_INCOME,12,13.260288595144992,12,12.54446999878933
63,WFAgent0,YOUNG_HIGH_INCOME,5,4.986423940552186,5,4.553551709790468
63,WFAgent1,MALE_HIGH_INCOME,8,9.540938085949628,11,8.911048307874633
63,WFAgent2,MALE_YOUNG_LOW_INCOME,12,15.016421230299672,15,14.776431773728824
63,WFAgent3,MALE_OLD_HIGH_INCOME,5,5.423085120686028,134,0.0
63,WFAgent4,FEMALE_OLD_LOW_INCOME,15,13.898418639922467,516,0.0
63,WFAgent5,FEMALE_OLD_LOW_INCOME,15,13.022241089249718,0,0.0
64,WFAgent6,FEMALE_OLD,17,18.750672643926904,18,17.81657082123835
64,WFAgent7,FEMALE_YOUNG_LOW_INCOME,12,11.858194159763173,327,8.843900595766538
64,WFAgent8,FEMALE_YOUNG_HIGH_INCOME,2,2.3061499521912037,2,2.139002379924728
64,WFAgent9,FEMALE_HIGH_INCOME,4,4.427192503622453,5,4.237493919603283
64,WFAgent16,MALE_YOUNG_LOW_INCOME,12,10.57840799739504,13,10.451882522269546
64,WFAgent15,MALE_YOUNG_HIGH_INCOME,4,4.00119309776661,93,0.0
64,WFAgent14,FEMALE_HIGH_INCOME,4,4.278004759849456,4,4.007916589515204
64,WFAgent13,FEMALE_OLD_HIGH_INCOME,3,3.2954255123923613,3,3.0383194274076564
64,WFAgent12,OLD_LOW_INCOME,26,30.49116153716996,355,0.0
64,WFAgent11,FEMALE_OLD_LOW_INCOME,15,13.896704486260232,441,0.0
64,WFAgent10,FEMALE_OLD_HIGH_INCOME,3,3.0383194274076564,56,2.003958294757602
64,SIAgent7,MALE_HIGH_INCOME,8,7.3303808332605636,11,7.3303808332605636
64,SIAgent5,FEMALE_LOW_INCOME,27,26.724856231857526,30,26.724856231857526
64,SIAgent6,FEMALE_OLD_HIGH_INCOME,3,3.005937442136403,3,3.0059374421364025
64,SIAgent3,YOUNG_LOW_INCOME,23,18.49179215478458,44,17.687801191533083
64,SIAgent4,MALE_YOUNG_LOW_INCOME,12,10.894250332221018,13,10.451882522269546
64,SIAgent1,FEMALE_YOUNG_HIGH_INCOME,2,1.6949975678413132,42,0.8474987839206566
64,SIAgent2,YOUNG_LOW_INCOME,23,24.110644853582087,24,23.181740691631816
64,SIAgent0,MALE_OLD_HIGH_INCOME,5,5.58120162603082,6,5.497785624945423
64,WFAgent0,FEMALE_LOW_INCOME,27,27.97221281076812,32,27.585896092221063
64,WFAgent1,MALE_HIGH_INCOME,8,8.38479323304019,9,8.246678437418135
64,WFAgent2,FEMALE_OLD_LOW_INCOME,15,15.187944084748995,15,14.847142351031959
64,WFAgent3,MALE_HIGH_INCOME,8,7.186114705066384,0,0.0
64,WFAgent4,MALE_YOUNG,15,15.731978299556356,17,15.577059270678697
64,WFAgent5,FEMALE_YOUNG_HIGH_INCOME,2,2.0948406151233168,2,1.6949975678413132
65,WFAgent6,MALE_YOUNG_LOW_INCOME,12,13.697561543672771,14,13.651920659835815
65,WFAgent7,MALE_OLD_LOW_INCOME,11,12.022003229058699,11,11.631217609681265
65,WFAgent8,FEMALE_YOUNG,14,12.945609010405862,14,12.757899014341627
65,WFAgent9,OLD_HIGH_INCOME,8,7.647251958935144,0,0.0
65,WFAgent16,OLD_LOW_INCOME,26,23.54471701129306,28,23.12968011988714
65,WFAgent15,FEMALE_YOUNG,14,14.31290664247631,15,13.669177515366028
65,WFAgent14,MALE_YOUNG_HIGH_INCOME,4,4.213045295461403,4,3.9838725370689727
65,WFAgent13,FEMALE_OLD_LOW_INCOME,15,13.208629222981287,0,0.0
65,WFAgent12,FEMALE_YOUNG_LOW_INCOME,12,13.421745728013939,13,12.676783469847543
65,WFAgent11,MALE_LOW_INCOME,22,18.17332009419704,0,0.0
65,WFAgent10,FEMALE_OLD_HIGH_INCOME,3,3.0750059031244397,3,3.019802075021987
65,SIAgent7,FEMALE_YOUNG,14,12.757899014341627,374,12.757899014341627
65,SIAgent5,MALE_OLD,16,16.918134704990926,16,16.511872885887428
65,SIAgent6,OLD_HIGH_INCOME,8,8.052805533391966,221,7.9996427463582025
65,SIAgent3,YOUNG_LOW_INCOME,23,22.428155369730273,24,21.934542713549515
65,SIAgent4,MALE_HIGH_INCOME,8,7.967745074137945,8,7.330718842521464
65,SIAgent1,MALE_YOUNG,15,13.745097829727746,439,0.0
65,SIAgent2,FEMALE_OLD_LOW_INCOME,15,14.237713290079064,15,14.237713290079064
65,SIAgent0,MALE_HIGH_INCOME,8,8.675338930896253,8,8.403984900022191
65,WFAgent0,MALE_LOW_INCOME,22,18.89436396294827,289,0.0
65,WFAgent1,MALE_YOUNG,15,15.654192089154217,16,15.014221693081465
65,WFAgent2,MALE_OLD_HIGH_INCOME,5,5.124302918745415,5,5.033003458369979
65,WFAgent3,MALE_OLD_LOW_INCOME,11,10.640555509031138,12,10.306016707062694
65,WFAgent4,MALE_YOUNG,15,10.853623571796877,0,0.0
65,WFAgent5,OLD_LOW_INCOME,26,26.590897782497414,471,10.44098974605798
66,WFAgent6,MALE_OLD_HIGH_INCOME,5,4.796489484196333,133,0.0
66,WFAgent7,MALE_OLD_LOW_INCOME,11,11.027800830414924,328,1.932270257607736
66,WFAgent8,FEMALE_LOW_INCOME,27,25.691300427578785,329,0.0
66,WFAgent9,MALE_HIGH_INCOME,8,8.853500366272907,122,0.0
66,WFAgent16,YOUNG_LOW_INCOME,23,22.6553251173143,311,5.200226020156459
66,WFAgent15,FEMALE_YOUNG_HIGH_INCOME,2,2.0089639585109844,51,0.0
66,WFAgent14,MALE_OLD,16,16.94357566494937,17,16.308064246267534
66,WFAgent13,MALE_LOW_INCOME,22,22.8886773824754,25,22.271517039806042
66,WFAgent12,FEMALE_OLD_LOW_INCOME,15,14.316160010066433,393,0.0
66,WFAgent11,OLD_LOW_INCOME,26,22.92234361410992,0,0.0
66,WFAgent10,FEMALE_YOUNG_LOW_INCOME,12,11.830703099977306,13,11.198886036491503
66,SIAgent7,OLD_LOW_INCOME,26,26.50510647143802,27,26.2918339317474
66,SIAgent5,MALE_OLD_LOW_INCOME,11,11.926691623679517,11,11.21369889176224
66,SIAgent6,OLD_LOW_INCOME,26,25.11951334890057,26,24.754376265450897
66,SIAgent3,MALE_OLD,16,17.398416575176405,16,16.928822237753902
66,SIAgent4,MALE_YOUNG_LOW_INCOME,12,10.400452040312919,12,10.400452040312919
66,SIAgent1,MALE_YOUNG_LOW_INCOME,12,12.907645992902225,11,11.83200882682704
66,SIAgent2,MALE_LOW_INCOME,22,22.38899283092144,22,21.6157973782603
66,SIAgent0,FEMALE_LOW_INCOME,27,33.34948326396916,33,33.20513846454312
66,WFAgent0,FEMALE_LOW_INCOME,27,28.157773643793234,28,27.58039579499133
66,WFAgent1,FEMALE_OLD,17,17.328577038934128,72,0.0
66,WFAgent2,FEMALE_YOUNG,14,12.060338808529313,0,0.0
66,WFAgent3,MALE_YOUNG,15,16.876190893965315,15,16.018646143606635
66,WFAgent4,MALE_OLD_HIGH_INCOME,5,5.002130614074388,5,4.476261610926166
66,WFAgent5,MALE_OLD_HIGH_INCOME,5,4.476261610926166,0,0.0
67,WFAgent6,MALE_YOUNG_LOW_INCOME,12,11.185532262053387,12,11.023542661245948
67,WFAgent7,OLD_HIGH_INCOME,8,9.456189032128691,10,9.169882419436195
67,WFAgent8,OLD_HIGH_INCOME,8,7.119004701721915,0,0.0
67,WFAgent9,FEMALE_HIGH_INCOME,4,3.681944563858768,0,0.0
67,WFAgent16,MALE_OLD_LOW_INCOME,11,10.686048959388968,304,0.0
67,WFAgent15,MALE_OLD,16,16.997568415199055,16,16.252138593581854
67,WFAgent14,MALE_YOUNG,15,14.848215454807923,95,0.0
67,WFAgent13,MALE_HIGH_INCOME,8,8.670616627108227,8,8.134376692530301
67,WFAgent12,FEMALE_OLD_LOW_INCOME,15,14.879987502070637,16,14.671811871097908
67,WFAgent11,MALE_LOW_INCOME,22,21.364611571197102,0,0.0
67,WFAgent10,OLD_HIGH_INCOME,8,9.960749113963995,9,9.23923846453067
67,SIAgent7,FEMALE_YOUNG,14,13.954171362212838,417,0.0
67,SIAgent5,FEMALE_OLD,17,15.588800113041533,495,12.83783538721067
67,SIAgent6,FEMALE_OLD_LOW_INCOME,15,15.859827566457746,15,15.41683644079322
67,SIAgent3,MALE_HIGH_INCOME,8,8.033451402437496,17,7.436500285541867
67,SIAgent4,OLD_HIGH_INCOME,8,8.212656412916152,8,8.033451402437494
67,SIAgent1,MALE_HIGH_INCOME,8,8.437152562808725,8,8.268780450389295
67,SIAgent2,MALE_YOUNG_LOW_INCOME,12,11.023542661245946,333,6.430399885726802
67,SIAgent0,FEMALE_LOW_INCOME,27,27.750305593427793,29,27.629256707438415
67,WFAgent0,MALE_OLD_LOW_INCOME,11,12.247990442041383,11,11.68582828544935
67,WFAgent1,MALE_LOW_INCOME,22,22.870407589839857,24,22.047085322491903
67,WFAgent2,MALE_OLD_LOW_INCOME,11,11.913771484522073,11,11.435203794919929
67,WFAgent3,OLD_LOW_INCOME,26,26.409725214570507,27,26.22020511010555
67,WFAgent4,MALE_HIGH_INCOME,8,7.436500285541866,0,0.0
67,WFAgent5,MALE_OLD_LOW_INCOME,11,11.266354322088908,11,10.686048959388968
68,WFAgent6,MALE_OLD_LOW_INCOME,11,14.371577078307027,14,14.262542050692224
68,WFAgent7,MALE_YOUNG,15,15.548012371502079,17,15.096901305536194
68,WFAgent8,MALE_OLD_LOW_INCOME,11,10.300928067913581,265,6.825895149697552
68,WFAgent9,FEMALE_HIGH_INCOME,4,4.143129787073079,94,0.0
68,WFAgent16,MALE_LOW_INCOME,22,23.187761418660656,23,22.337974769499002
68,WFAgent15,MALE_OLD_HIGH_INCOME,5,5.236688521139466,5,4.48251899595498
68,WFAgent14,MALE_OLD,16,15.539460709216696,143,1.7930075983819918
68,WFAgent13,FEMALE_OLD_LOW_INCOME,15,14.872736847515604,20,14.403267594692926
68,WFAgent12,FEMALE_OLD,17,18.964375414464325,19,18.688124043075735
68,WFAgent11,MALE_YOUNG_LOW_INCOME,12,14.759029963493418,13,13.842963232537855
68,WFAgent10,FEMALE_LOW_INCOME,27,30.17698871737882,31,29.24805152351925
68,SIAgent7,YOUNG_HIGH_INCOME,5,5.098374403072066,149,0.0
68,SIAgent5,YOUNG_LOW_INCOME,23,21.426843585832643,24,21.001172145723565
68,SIAgent6,MALE_YOUNG,15,15.972649883697526,15,15.572925592066627
68,SIAgent3,FEMALE_LOW_INCOME,27,27.639902413407107,26,26.616202324021675
68,SIAgent4,YOUNG_LOW_INCOME,23,18.588908430528882,653,0.0
68,SIAgent1,MALE_HIGH_INCOME,8,7.172030393527967,7,6.275526594336972
68,SIAgent2,MALE_OLD_LOW_INCOME,11,9.385605830834134,10,8.532368937121941
68,SIAgent0,MALE_YOUNG_HIGH_INCOME,4,4.6076091502711405,4,4.25937330231934
68,WFAgent0,FEMALE_HIGH_INCOME,4,5.0715394454112985,4,4.0786995224576525
68,WFAgent1,MALE_YOUNG,15,11.955254781812023,0,0.0
68,WFAgent2,FEMALE_LOW_INCOME,27,19.44441125283544,0,0.0
68,WFAgent3,FEMALE_OLD_LOW_INCOME,15,12.878207653058585,433,0.0
68,WFAgent4,OLD_LOW_INCOME,26,26.48757809414271,31,26.45034370507801
68,WFAgent5,FEMALE_OLD,17,15.78327400215109,0,0.0
69,WFAgent6,YOUNG_HIGH_INCOME,5,4.9830790514487315,0,0.0
69,WFAgent7,FEMALE_LOW_INCOME,27,27.43323228581379,374,17.555163818153115
69,WFAgent8,FEMALE_HIGH_INCOME,4,4.002532696945532,4,3.717295660134844
69,WFAgent9,FEMALE_HIGH_INCOME,4,5.187393854067247,5,4.993660642547055
69,WFAgent16,MALE_YOUNG_HIGH_INCOME,4,4.197063727272851,4,3.433394422815214
69,WFAgent15,MALE_YOUNG,15,13.470705168021604,320,0.0
69,WFAgent14,FEMALE_HIGH_INCOME,4,3.994928514037644,4,3.5831994150501885
69,WFAgent13,FEMALE_YOUNG_HIGH_INCOME,2,2.4499440152187457,43,0.0
69,WFAgent12,OLD_LOW_INCOME,26,20.754359771039145,0,0.0
69,WFAgent11,MALE_HIGH_INCOME,8,9.387119687546344,9,8.969542292607718
69,WFAgent10,MALE_OLD_LOW_INCOME,11,11.554119269412695,13,11.01934280246452
69,SIAgent7,FEMALE_LOW_INCOME,27,23.6994711545067,33,22.82171296359905
69,SIAgent5,MALE_YOUNG_HIGH_INCOME,4,3.433394422815214,80,0.0
69,SIAgent6,MALE_LOW_INCOME,22,18.648118588786108,22,18.569222500405527
69,SIAgent3,FEMALE_OLD,17,15.228597513963301,17,14.92188924543015
69,SIAgent4,FEMALE_YOUNG_LOW_INCOME,12,12.212963142965474,13,11.410856481799525
69,SIAgent1,FEMALE_OLD_LOW_INCOME,15,17.91875771539409,19,17.657154385640506
69,SIAgent2,MALE_OLD_LOW_INCOME,11,9.23727359717441,313,0.0
69,SIAgent0,FEMALE_OLD,17,15.798506555573088,17,15.228597513963301
69,WFAgent0,YOUNG_LOW_INCOME,23,25.4798741088358,28,25.145316313640336
69,WFAgent1,FEMALE_OLD,17,15.741706721884052,69,0.0
69,WFAgent2,MALE_YOUNG,15,12.749592727279014,0,0.0
69,WFAgent3,MALE_OLD_HIGH_INCOME,5,5.626660455188608,181,0.0
69,WFAgent4,MALE_YOUNG_LOW_INCOME,12,10.897397419486843,12,10.199674181823207
69,WFAgent5,MALE_OLD,16,17.076688879203644,0,0.0
70,WFAgent6,MALE_LOW_INCOME,22,19.068622159011202,0,0.0
70,WFAgent7,FEMALE_LOW_INCOME,27,25.02170013804836,483,0.0
70,WFAgent8,MALE_HIGH_INCOME,8,8.055783124912763,166,0.0
70,WFAgent9,YOUNG_HIGH_INCOME,5,5.088290799857904,49,0.0
70,WFAgent16,MALE_YOUNG_LOW_INCOME,12,14.163883415697596,13,13.2734346697249
70,WFAgent15,YOUNG_LOW_INCOME,23,23.483769031051736,23,22.83940224697618
70,WFAgent14,MALE_YOUNG_HIGH_INCOME,4,4.67826287198158,4,4.070632639886323
70,WFAgent13,FEMALE_YOUNG_HIGH_INCOME,2,2.2623257055183483,2,2.214907581838179
70,WFAgent12,MALE_OLD_HIGH_INCOME,5,4.7822939140678935,0,0.0
70,WFAgent11,MALE_YOUNG_LOW_INCOME,12,12.769522602359256,12,11.993043161178788
70,WFAgent10,MALE_OLD_LOW_INCOME,11,11.420108287383062,11,10.898334548838509
70,SIAgent7,FEMALE_HIGH_INCOME,4,4.429815163676358,26,4.429815163676358
70,SIAgent5,MALE_YOUNG_HIGH_INCOME,4,3.9638702475544525,84,0.0
70,SIAgent6,FEMALE_HIGH_INCOME,4,4.696380154251676,4,4.429815163676358
70,SIAgent3,MALE_LOW_INCOME,22,21.796669097677018,639,20.326112951212256
70,SIAgent4,YOUNG_LOW_INCOME,23,21.561275163406783,23,21.153539695671906
70,SIAgent1,YOUNG_LOW_INCOME,23,22.986666058926012,22,21.98724579549445
70,SIAgent2,FEMALE_YOUNG_LOW_INCOME,12,11.036629406437523,12,10.579821946678969
70,SIAgent0,FEMALE_OLD_LOW_INCOME,15,15.292987438912128,17,14.988081091128542
70,WFAgent0,FEMALE_YOUNG_LOW_INCOME,12,10.669982275228026,324,0.0
70,WFAgent1,FEMALE_LOW_INCOME,27,23.804599380027682,0,0.0
70,WFAgent2,FEMALE_YOUNG_HIGH_INCOME,2,2.0085173398930225,0,0.0
70,WFAgent3,FEMALE_YOUNG_LOW_INCOME,12,12.22751083192752,12,11.807122609589323
70,WFAgent4,MALE_HIGH_INCOME,8,7.839041791146546,0,0.0
70,WFAgent5,MALE_YOUNG_HIGH_INCOME,4,4.332179068803072,4,3.9638702475544525
71,WFAgent6,YOUNG_LOW_INCOME,23,25.314804549268207,28,24.666559119114
71,WFAgent7,FEMALE_OLD_LOW_INCOME,15,15.971888759513135,18,15.84815632826547
71,WFAgent8,YOUNG_HIGH_INCOME,5,4.9588926716458905,44,0.9348291312047149
71,WFAgent9,FEMALE_OLD_HIGH_INCOME,3,3.0095982878023833,3,2.589283892094915
71,WFAgent16,FEMALE_OLD,17,16.99005451298048,521,0.0
71,WFAgent15,MALE_OLD_LOW_INCOME,11,11.998748618798109,11,11.388351009174182
71,WFAgent14,FEMALE_YOUNG_LOW_INCOME,12,10.79347119573856,338,0.0
71,WFAgent13,OLD_HIGH_INCOME,8,6.9047570455864395,0,0.0
71,WFAgent12,MALE_OLD_LOW_INCOME,11,13.231886434552449,11,12.494345843937714
71,WFAgent11,MALE_LOW_INCOME,22,23.461265148242266,24,22.54389695494319
71,WFAgent10,FEMALE_OLD_LOW_INCOME,15,13.206796940221222,0,0.0
71,SIAgent7,MALE_OLD,16,15.029264636628788,444,6.575303278525096
71,SIAgent5,FEMALE_YOUNG,14,15.128454690982556,14,14.167568248403674
71,SIAgent6,MALE_YOUNG,15,17.37710692533361,16,17.198165218662314
71,SIAgent3,MALE_OLD,16,18.590164829263898,16,18.506912746630043
71,SIAgent4,MALE_HIGH_INCOME,8,9.073076860941663,9,8.556291280834143
71,SIAgent1,YOUNG_HIGH_INCOME,5,4.674145656023574,27,4.674145656023574
71,SIAgent2,FEMALE_YOUNG,14,14.16756824840367,15,13.32198928199807
71,SIAgent0,MALE_YOUNG_HIGH_INCOME,4,3.8157904007174537,4,3.7393165248188596
71,WFAgent0,FEMALE_YOUNG_HIGH_INCOME,2,1.8591096570893924,0,0.0
71,WFAgent1,OLD_HIGH_INCOME,8,8.782524666562228,9,8.453961358103696
71,WFAgent2,MALE_LOW_INCOME,22,22.776702018348363,305,0.0
71,WFAgent3,YOUNG_LOW_INCOME,23,20.26181641927221,0,0.0
71,WFAgent4,MALE_OLD_LOW_INCOME,11,10.110054839880581,0,0.0
71,WFAgent5,FEMALE_OLD_HIGH_INCOME,3,2.8804209787174866,63,0.0
72,WFAgent6,FEMALE_LOW_INCOME,27,24.910749696479606,364,10.922172822637657
72,WFAgent7,OLD_LOW_INCOME,26,20.880691353072322,0,0.0
72,WFAgent8,MALE_YOUNG_LOW_INCOME,12,12.585002575819423,12,12.377957336646263
72,WFAgent9,MALE_LOW_INCOME,22,19.126602953056004,0,0.0
72,WFAgent16,FEMALE_HIGH_INCOME,4,4.213623373431464,4,3.5909286710265036
72,WFAgent15,FEMALE_OLD_HIGH_INCOME,3,3.400818116911881,3,3.2044252592431413
72,WFAgent14,FEMALE_YOUNG_LOW_INCOME,12,12.791674836340913,13,12.569062412980754
72,WFAgent13,MALE_YOUNG_HIGH_INCOME,4,4.296769185354672,4,4.139470662311278
72,WFAgent12,FEMALE_HIGH_INCOME,4,3.5909286710265036,0,0.0
72,WFAgent11,FEMALE_OLD_LOW_INCOME,15,13.347193522640161,407,0.0
72,WFAgent10,MALE_YOUNG,15,15.776153185042096,17,15.752108771942371
72,SIAgent7,OLD_LOW_INCOME,26,30.662761818188464,31,30.504867656265702
72,SIAgent5,OLD_HIGH_INCOME,8,8.545134024648377,38,8.545134024648377
72,SIAgent6,FEMALE_OLD,17,17.959314595741496,18,17.40331718720412
72,SIAgent3,FEMALE_LOW_INCOME,27,26.10497578080618,32,26.0590834016208
72,SIAgent4,FEMALE_YOUNG,14,10.922172822637656,19,10.142017621020681
72,SIAgent1,FEMALE_YOUNG_HIGH_INCOME,2,2.059541726505992,2,1.8886784498210403
72,SIAgent2,FEMALE_YOUNG_HIGH_INCOME,2,1.8886784498210403,2,1.5603104032339508
72,SIAgent0,MALE_YOUNG_LOW_INCOME,12,12.377957336646261,11,11.34646089192574
72,WFAgent0,YOUNG_LOW_INCOME,23,21.429827677060292,367,0.0
72,WFAgent1,FEMALE_HIGH_INCOME,4,3.9712603588168616,58,0.0
72,WFAgent2,MALE_YOUNG_LOW_INCOME,12,12.406786786488688,12,12.053746533846672
72,WFAgent3,MALE_HIGH_INCOME,8,7.412757069149354,0,0.0
72,WFAgent4,MALE_OLD_LOW_INCOME,11,12.547905547346975,303,0.0
72,WFAgent5,YOUNG_HIGH_INCOME,5,5.174338327889098,89,0.0
73,WFAgent6,MALE_HIGH_INCOME,8,9.627218908956472,9,8.86853589694745
73,WFAgent7,MALE_YOUNG_LOW_INCOME,12,12.108790957585942,13,11.95683724899122
73,WFAgent8,FEMALE_YOUNG_LOW_INCOME,12,11.256425115399981,364,0.0
73,WFAgent9,FEMALE_LOW_INCOME,27,24.95804447442997,0,0.0
73,WFAgent16,MALE_LOW_INCOME,22,20.5068790801626,321,0.0
73,WFAgent15,MALE_OLD,16,15.766286039017686,311,0.0
73,WFAgent14,MALE_LOW_INCOME,22,20.23464765213899,0,0.0
73,WFAgent13,FEMALE_HIGH_INCOME,4,4.455984116037866,5,4.296106159885474
73,WFAgent12,FEMALE_HIGH_INCOME,4,3.4368849279083786,0,0.0
73,WFAgent11,FEMALE_YOUNG_HIGH_INCOME,2,1.947361138928113,33,0.0
73,WFAgent10,MALE_YOUNG_LOW_INCOME,12,14.11616080503688,12,13.259665987799108
73,SIAgent7,MALE_YOUNG_HIGH_INCOME,4,3.5871802243222923,79,2.6903851682417192
73,SIAgent5,FEMALE_YOUNG,14,13.489896523327543,14,13.0587843054279
73,SIAgent6,MALE_YOUNG_HIGH_INCOME,4,4.16039337684885,4,3.5871802243222923
73,SIAgent3,MALE_OLD_LOW_INCOME,11,13.074677710168977,11,11.992195152209968
73,SIAgent4,FEMALE_YOUNG_HIGH_INCOME,2,2.027345867938293,2,1.9271280747610775
73,SIAgent1,MALE_LOW_INCOME,22,23.98439030441994,24,23.116808956941668
73,SIAgent2,MALE_YOUNG_LOW_INCOME,12,13.259665987799107,12,13.082394711501783
73,SIAgent0,FEMALE_LOW_INCOME,27,27.687115119667137,72,26.979793046655097
73,WFAgent0,MALE_HIGH_INCOME,8,8.408658660839343,136,0.0
73,WFAgent1,MALE_YOUNG,15,17.350768231519933,16,16.641573507395403
73,WFAgent2,MALE_OLD,16,14.759600532772556,0,0.0
73,WFAgent3,MALE_YOUNG_HIGH_INCOME,4,3.6789598193767894,4,3.5871802243222923
73,WFAgent4,MALE_OLD,16,17.04173828194486,18,16.778355611042134
73,WFAgent5,OLD_HIGH_INCOME,8,7.845931811651475,85,0.0
74,WFAgent6,FEMALE_OLD_HIGH_INCOME,3,3.0279942217951645,98,0.0
74,WFAgent7,OLD_HIGH_INCOME,8,8.894060170338033,9,8.836433052318316
74,WFAgent8,YOUNG_HIGH_INCOME,5,5.140020708152947,0,0.0
74,WFAgent9,FEMALE_YOUNG_HIGH_INCOME,2,2.1594827966902272,2,2.080128999657575
74,WFAgent16,MALE_YOUNG_HIGH_INCOME,4,3.982597799616055,64,3.5286367453712075
74,WFAgent15,FEMALE_YOUNG_LOW_INCOME,12,11.095291092027265,0,0.0
74,WFAgent14,FEMALE_LOW_INCOME,27,26.330619548253015,402,0.0
74,WFAgent13,FEMALE_YOUNG_LOW_INCOME,12,13.713880483253718,13,13.425362355085896
74,WFAgent12,MALE_LOW_INCOME,22,20.817642406036658,353,0.0
74,WFAgent11,FEMALE_YOUNG_LOW_INCOME,12,13.209277819033177,359,10.327201811604537
74,WFAgent10,MALE_OLD,16,15.11030483372525,0,0.0
74,SIAgent7,MALE_OLD,16,15.612544756183292,17,14.996706167827636
74,SIAgent5,MALE_HIGH_INCOME,8,7.057273490742415,24,6.175114304399614
74,SIAgent6,OLD_LOW_INCOME,26,27.717718440990527,97,27.446872301122152
74,SIAgent3,FEMALE_YOUNG_HIGH_INCOME,2,2.080128999657575,43,0.0
74,SIAgent4,OLD_HIGH_INCOME,8,7.893274981235987,7,6.90661560858149
74,SIAgent1,FEMALE_OLD_LOW_INCOME,15,16.301701401417983,15,15.990991408263763
74,SIAgent2,FEMALE_YOUNG_LOW_INCOME,12,12.392642173925447,12,12.392642173925443
74,SIAgent0,FEMALE_HIGH_INCOME,4,4.422719527724179,4,3.9466374906179933
74,WFAgent0,OLD_LOW_INCOME,26,29.386418743058705,27,28.783784534874794
74,WFAgent1,MALE_HIGH_INCOME,8,9.026801095601622,8,8.224033133044715
74,WFAgent2,MALE_OLD_LOW_INCOME,11,10.500977945834906,323,0.0
74,WFAgent3,YOUNG_HIGH_INCOME,5,5.397070472867904,6,5.2929551180568115
74,WFAgent4,FEMALE_YOUNG_HIGH_INCOME,2,2.2044337073089766,2,2.1588281891471617
74,WFAgent5,MALE_OLD_LOW_INCOME,11,10.784551317585844,11,10.467876351537907
75,WFAgent6,MALE_OLD_HIGH_INCOME,5,4.361043817757657,120,0.0
75,WFAgent7,MALE_OLD_HIGH_INCOME,5,4.098673365496499,0,0.0
75,WFAgent8,FEMALE_OLD_HIGH_INCOME,3,2.9218865049572385,3,2.602864445651197
75,WFAgent9,FEMALE_OLD_LOW_INCOME,15,14.09378829730861,442,0.0
75,WFAgent16,MALE_YOUNG_LOW_INCOME,12,12.514748173413848,12,11.776720068561923
75,WFAgent15,FEMALE_YOUNG_LOW_INCOME,12,11.1906049589981,12,11.103723283333117
75,WFAgent14,MALE_OLD_HIGH_INCOME,5,5.152419577112829,5,5.011271148807303
75,WFAgent13,YOUNG_HIGH_INCOME,5,4.805199531813813,67,0.0
75,WFAgent12,FEMALE_YOUNG_LOW_INCOME,12,11.418800322075702,12,11.103723283333117
75,WFAgent11,OLD_LOW_INCOME,26,24.478925549236987,0,0.0
75,WFAgent10,FEMALE_YOUNG_HIGH_INCOME,2,1.92214709003029,2,1.667408456930353
75,SIAgent7,MALE_HIGH_INCOME,8,7.882548503569878,37,7.377612057893696
75,SIAgent5,FEMALE_HIGH_INCOME,4,3.2048480022704244,123,0.0
75,SIAgent6,MALE_OLD,16,16.216714788879113,16,16.21671478887911
75,SIAgent3,FEMALE_YOUNG_HIGH_INCOME,2,1.667408456930353,2,1.6024240011352122
75,SIAgent4,FEMALE_YOUNG_LOW_INCOME,12,11.10372328333312,352,11.103723283333117
75,SIAgent1,FEMALE_OLD_HIGH_INCOME,3,2.602864445651197,3,2.602864445651197
75,SIAgent2,MALE_LOW_INCOME,22,21.590653459030193,57,21.191691433653066
75,SIAgent0,OLD_LOW_INCOME,26,30.620190708749078,69,30.40634022914835
75,WFAgent0,MALE_OLD,16,17.723119407137006,17,17.230259463184055
75,WFAgent1,OLD_HIGH_INCOME,8,7.431864479765615,8,6.74174341112148
75,WFAgent2,FEMALE_YOUNG,14,14.315778821785884,15,13.988256198747628
75,WFAgent3,MALE_YOUNG_LOW_INCOME,12,13.670522943702517,13,12.75811340760875
75,WFAgent4,MALE_LOW_INCOME,22,23.243186781610635,22,22.265831499450666
75,WFAgent5,OLD_LOW_INCOME,26,24.961257306256147,325,0.0
76,WFAgent6,FEMALE_YOUNG,14,12.454972371461288,332,0.0
76,WFAgent7,MALE_LOW_INCOME,22,23.608999854071136,329,0.0
76,WFAgent8,OLD_HIGH_INCOME,8,7.659262032728725,8,7.402863929026338
76,WFAgent9,OLD_HIGH_INCOME,8,8.615220760150937,8,7.90772718784398
76,WFAgent16,FEMALE_YOUNG_LOW_INCOME,12,15.134678452724424,14,14.905024162098632
76,WFAgent15,OLD_HIGH_INCOME,8,7.573835930793565,8,7.17254002317076
76,WFAgent14,MALE_OLD,16,18.92206817204,19,18.70757550935474
76,WFAgent13,FEMALE_YOUNG,14,14.905024162098636,14,14.360423239076676
76,WFAgent12,FEMALE_YOUNG,14,14.369555878198772,15,14.041413184877335
76,WFAgent11,MALE_YOUNG_HIGH_INCOME,4,4.158486842347636,90,0.0
76,WFAgent10,OLD_HIGH_INCOME,8,7.402863929026338,130,0.0
76,SIAgent7,OLD_HIGH_INCOME,8,7.907727187843979,57,7.88527306948666
76,SIAgent5,MALE_YOUNG_LOW_INCOME,12,13.087885491992921,12,12.877636284038806
76,SIAgent6,FEMALE_OLD,17,16.727576271753566,258,16.094401352936327
76,SIAgent3,YOUNG_LOW_INCOME,23,20.60523326988873,48,19.965600212683945
76,SIAgent4,FEMALE_OLD_HIGH_INCOME,3,2.689702508689035,20,0.0
76,SIAgent1,FEMALE_YOUNG_HIGH_INCOME,2,1.9783674615631104,2,1.9783674615631104
76,SIAgent2,YOUNG_LOW_INCOME,23,22.69773404258565,25,22.39699268466166
76,SIAgent0,YOUNG_LOW_INCOME,23,23.59212389276883,23,22.697734042585658
76,WFAgent0,MALE_YOUNG_LOW_INCOME,12,10.159077846609286,289,0.0
76,WFAgent1,FEMALE_YOUNG,14,10.75070780682982,0,0.0
76,WFAgent2,FEMALE_YOUNG,14,15.43381923885297,15,15.395952726641536
76,WFAgent3,FEMALE_YOUNG,14,12.605782329478771,43,0.0
76,WFAgent4,MALE_OLD,16,15.753747797351354,0,0.0
76,WFAgent5,MALE_YOUNG_LOW_INCOME,12,13.083841183297412,12,12.308934204922865
77,WFAgent6,FEMALE_OLD_LOW_INCOME,15,13.402850894917762,0,0.0
77,WFAgent7,FEMALE_LOW_INCOME,27,27.166934306120687,396,0.0
77,WFAgent8,FEMALE_OLD_LOW_INCOME,15,18.081679236136942,15,17.064780551045892
77,WFAgent9,MALE_LOW_INCOME,22,20.997662428158854,293,0.0
77,WFAgent16,MALE_OLD,16,17.236428497806674,17,16.596955288181153
77,WFAgent15,FEMALE_YOUNG_LOW_INCOME,12,12.270426336388125,13,11.411892845344275
77,WFAgent14,FEMALE_OLD_HIGH_INCOME,3,3.030002642365369,3,2.793907467444121
77,WFAgent13,MALE_OLD_LOW_INCOME,11,11.798945316960227,12,11.752080657093822
77,WFAgent12,OLD_HIGH_INCOME,8,7.873561527306055,131,2.793907467444121
77,WFAgent11,FEMALE_OLD_HIGH_INCOME,3,3.039670631306431,3,2.9525855727397707
77,WFAgent10,MALE_HIGH_INCOME,8,9.661563133809267,110,0.0
77,SIAgent7,OLD_HIGH_INCOME,8,7.450419913184323,16,7.450419913184321
77,SIAgent5,OLD_HIGH_INCOME,8,8.958737100851367,8,8.130253666663853
77,SIAgent6,OLD_HIGH_INCOME,8,8.130253666663853,8,8.123972839119329
77,SIAgent3,FEMALE_YOUNG_HIGH_INCOME,2,2.0119207847151133,49,0.0
77,SIAgent4,FEMALE_OLD_HIGH_INCOME,3,3.1350946026296067,3,3.0488451249989446
77,SIAgent1,FEMALE_OLD_LOW_INCOME,15,15.521019981031149,15,14.690100821367277
77,SIAgent2,OLD_LOW_INCOME,26,25.46284142370329,53,24.640870381700342
77,SIAgent0,FEMALE_OLD,17,19.340084624518685,17,18.67944756793066
77,WFAgent0,FEMALE_OLD,17,16.299093722047058,401,0.0
77,WFAgent1,MALE_OLD_LOW_INCOME,11,12.168867206123345,12,11.752080657093822
77,WFAgent2,FEMALE_OLD,17,15.650673237022204,60,0.0
77,WFAgent3,FEMALE_YOUNG_LOW_INCOME,12,10.534054934163946,0,0.0
77,WFAgent4,MALE_YOUNG_LOW_INCOME,12,13.58416576588528,365,0.0
77,WFAgent5,FEMALE_HIGH_INCOME,4,3.9312710999691114,0,0.0
78,WFAgent6,FEMALE_YOUNG_LOW_INCOME,12,11.47935654484545,12,10.847818803673583
78,WFAgent7,MALE_HIGH_INCOME,8,6.814168670796145,0,0.0
78,WFAgent8,YOUNG_HIGH_INCOME,5,4.801952694976656,6,4.533718402341948
78,WFAgent9,FEMALE_HIGH_INCOME,4,4.057206247423166,4,3.6760989450225625
78,WFAgent16,MALE_YOUNG_HIGH_INCOME,4,4.227973848768874,4,3.859139297047483
78,WFAgent15,FEMALE_HIGH_INCOME,4,3.022478934894632,0,0.0
78,WFAgent14,FEMALE_YOUNG_HIGH_INCOME,2,1.962279298534073,2,1.7555962103303748
78,WFAgent13,MALE_OLD_LOW_INCOME,11,10.882308574202828,305,0.0
78,WFAgent12,MALE_YOUNG_HIGH_INCOME,4,3.3519699966291716,66,2.473724462578199
78,WFAgent11,OLD_HIGH_INCOME,8,9.447778540766443,9,8.743503593191154
78,WFAgent10,FEMALE_YOUNG_LOW_INCOME,12,9.438039995174833,0,0.0
78,SIAgent7,MALE_YOUNG_LOW_INCOME,12,13.203855266066627,12,12.99475964464274
78,SIAgent5,MALE_HIGH_INCOME,8,7.718278594094966,7,6.753493769833096
78,SIAgent6,OLD_HIGH_INCOME,8,7.352197890045125,225,2.7570742087669218
78,SIAgent3,MALE_YOUNG_HIGH_INCOME,4,3.7429751111114284,4,3.298299283437599
78,SIAgent4,OLD_HIGH_INCOME,8,8.2967598238259,8,7.94254909865811
78,SIAgent1,MALE_LOW_INCOME,22,23.823726015178348,64,23.540002599114167
78,SIAgent2,MALE_YOUNG,15,12.368622312890995,15,12.334950902551379
78,SIAgent0,MALE_YOUNG_LOW_INCOME,12,9.854492157905257,310,0.0
78,WFAgent0,YOUNG_LOW_INCOME,23,20.791652707041038,372,0.0
78,WFAgent1,MALE_YOUNG_LOW_INCOME,12,12.502460649103337,15,12.368622312891
78,WFAgent2,FEMALE_OLD,17,18.4097147663015,486,0.0
78,WFAgent3,FEMALE_YOUNG_HIGH_INCOME,2,1.7555962103303748,47,0.0
78,WFAgent4,YOUNG_LOW_INCOME,23,21.656802391185025,27,21.235589989143374
78,WFAgent5,FEMALE_OLD_LOW_INCOME,15,14.008282095668235,0,0.0
79,WFAgent6,FEMALE_OLD_HIGH_INCOME,3,2.2989908714802967,0,0.0
79,WFAgent7,YOUNG_LOW_INCOME,23,21.14904088289118,332,0.0
79,WFAgent8,MALE_OLD_LOW_INCOME,11,7.123739104054504,0,0.0
79,WFAgent9,OLD_LOW_INCOME,26,25.085397533919977,482,0.0
79,WFAgent16,YOUNG_HIGH_INCOME,5,5.36406830501771,5,4.478950589641258
79,WFAgent15,FEMALE_OLD_LOW_INCOME,15,16.47763389941977,16,16.10221791048154
79,WFAgent14,FEMALE_YOUNG_LOW_INCOME,12,12.872303481270512,13,12.823786676098647
79,WFAgent13,FEMALE_LOW_INCOME,27,33.14256043053725,31,32.36908058498449
79,WFAgent12,MALE_YOUNG,15,14.436906841125696,96,4.478950589641258
79,WFAgent11,FEMALE_YOUNG_LOW_INCOME,12,12.52996667805851,12,11.837341547167982
79,WFAgent10,MALE_OLD_LOW_INCOME,11,10.433410775806161,290,0.0
79,SIAgent7,MALE_YOUNG_HIGH_INCOME,4,3.583160471713006,4,3.583160471713006
79,SIAgent5,FEMALE_YOUNG_LOW_INCOME,12,11.837341547167984,12,11.756948921009313
79,SIAgent6,MALE_YOUNG_LOW_INCOME,12,10.555791525365917,334,0.0
79,SIAgent3,FEMALE_OLD,17,17.20160132736072,17,17.1043861200242
79,SIAgent4,FEMALE_HIGH_INCOME,4,3.991884059388374,4,3.8775272037943345
79,SIAgent1,FEMALE_HIGH_INCOME,4,3.839408251929654,105,0.9598520629824135
79,SIAgent2,YOUNG_LOW_INCOME,23,22.68439083320181,25,21.991232344512326
79,SIAgent0,OLD_LOW_INCOME,26,25.853203962443235,26,25.006647043622547
79,WFAgent0,MALE_LOW_INCOME,22,21.748880342932498,33,21.371217312163513
79,WFAgent1,FEMALE_HIGH_INCOME,4,4.247344321078003,4,3.9156461556590143
79,WFAgent2,MALE_YOUNG_LOW_INCOME,12,12.274492539792769,12,11.835334347757465
79,WFAgent3,FEMALE_YOUNG_HIGH_INCOME,2,1.9890925483506905,2,1.919704125964827
79,WFAgent4,FEMALE_OLD_LOW_INCOME,15,13.29108737664624,0,0.0
79,WFAgent5,YOUNG_LOW_INCOME,23,20.839207563755878,0,0.0
80,WFAgent6,YOUNG_LOW_INCOME,23,26.15660799314538,28,25.40559524900118
80,WFAgent7,MALE_LOW_INCOME,22,19.9615391242152,0,0.0
80,WFAgent8,MALE_YOUNG_HIGH_INCOME,4,4.607666819339075,4,4.029316803387923
80,WFAgent9,FEMALE_YOUNG,14,13.633394686776894,16,13.3031474481837
80,WFAgent16,MALE_YOUNG,15,15.858723947069546,17,15.348801865753327
80,WFAgent15,FEMALE_OLD_LOW_INCOME,15,15.155749168954811,15,14.406522091393931
80,WFAgent14,MALE_OLD,16,14.668003222249855,16,13.868221408845338
80,WFAgent13,OLD_HIGH_INCOME,8,9.371630507267216,9,9.022535316704278
80,WFAgent12,MALE_YOUNG,15,15.109938012704712,330,0.0
80,WFAgent11,FEMALE_YOUNG_LOW_INCOME,12,12.813698946551531,13,12.202345348773939
80,WFAgent10,MALE_OLD_LOW_INCOME,11,11.737321680497345,340,6.132846537084812
80,SIAgent7,MALE_HIGH_INCOME,8,6.867451886085456,216,0.0
80,SIAgent5,FEMALE_LOW_INCOME,27,28.71998253087108,28,27.900588089659873
80,SIAgent6,FEMALE_HIGH_INCOME,4,4.010015696313014,4,4.010015696313014
80,SIAgent3,MALE_HIGH_INCOME,8,7.222965583883917,7,6.320094885898428
80,SIAgent4,FEMALE_YOUNG,14,11.640254017160743,390,11.64025401716074
80,SIAgent1,YOUNG_LOW_INCOME,23,26.41764339701863,24,25.444961044481836
80,SIAgent2,MALE_OLD,16,16.354257432226166,16,15.51936469152565
80,SIAgent0,FEMALE_YOUNG_HIGH_INCOME,2,2.202142161856217,2,2.005007848156507
80,WFAgent0,FEMALE_LOW_INCOME,27,26.298857176415176,435,0.0
80,WFAgent1,MALE_HIGH_INCOME,8,7.679709095567038,8,6.867451886085456
80,WFAgent2,FEMALE_HIGH_INCOME,4,3.537075175088397,0,0.0
80,WFAgent3,YOUNG_HIGH_INCOME,5,5.3362061534311485,6,5.330794710202434
80,WFAgent4,OLD_HIGH_INCOME,8,8.775883323575368,76,1.0025039240782534
80,WFAgent5,FEMALE_OLD_LOW_INCOME,15,14.406522091393931,0,0.0
81,WFAgent6,MALE_YOUNG_HIGH_INCOME,4,4.564389339180177,112,0.0
81,WFAgent7,FEMALE_OLD,17,16.62602615789843,0,0.0
81,WFAgent8,MALE_HIGH_INCOME,8,6.909296412890348,0,0.0
81,WFAgent9,FEMALE_YOUNG_HIGH_INCOME,2,2.1121934167450314,38,0.0
81,WFAgent16,FEMALE_LOW_INCOME,27,27.096294571959135,386,0.0
81,WFAgent15,FEMALE_OLD_HIGH_INCOME,3,3.0847632197771775,88,0.0
81,WFAgent14,MALE_OLD_HIGH_INCOME,5,4.672595169629294,117,0.0
81,WFAgent13,FEMALE_HIGH_INCOME,4,4.0602865136116755,0,0.0
81,WFAgent12,OLD_HIGH_INCOME,8,8.162207677468553,8,7.51243393875888
81,WFAgent11,FEMALE_OLD_LOW_INCOME,15,15.491892459016876,15,15.129910903445943
81,WFAgent10,FEMALE_HIGH_INCOME,4,4.325604776039103,4,4.081103838734276
81,SIAgent7,MALE_YOUNG_LOW_INCOME,12,12.189703280178673,11,11.173894673497118
81,SIAgent5,OLD_LOW_INCOME,26,26.225178899306297,27,25.31955971408669
81,SIAgent6,MALE_OLD_HIGH_INCOME,5,5.22727887249465,5,4.921447783924999
81,SIAgent3,MALE_OLD_LOW_INCOME,11,12.308018672444621,11,11.295919020876344
81,SIAgent4,FEMALE_OLD_LOW_INCOME,15,14.066422063381495,466,0.0
81,SIAgent1,MALE_OLD_HIGH_INCOME,5,4.921447783924999,5,4.921447783924999
81,SIAgent2,FEMALE_YOUNG,14,14.293954558980575,14,13.55777094671383
81,SIAgent0,MALE_LOW_INCOME,22,19.949469088715542,606,15.415498841280192
81,WFAgent0,MALE_OLD,16,16.430427666729226,16,16.138571630342337
81,WFAgent1,MALE_YOUNG_LOW_INCOME,12,11.40064589370066,12,10.881528593844841
81,WFAgent2,OLD_LOW_INCOME,26,26.35964221262523,29,26.297027435125017
81,WFAgent3,MALE_YOUNG_LOW_INCOME,12,14.08121476772289,14,13.240189478791413
81,WFAgent4,MALE_OLD,16,16.70140988318218,16,16.221318284692448
81,WFAgent5,FEMALE_YOUNG_LOW_INCOME,12,11.620946525754709,0,0.0
82,WFAgent6,FEMALE_OLD_LOW_INCOME,15,17.586776418138857,454,0.0
82,WFAgent7,MALE_LOW_INCOME,22,19.30932728875443,354,0.0
82,WFAgent8,MALE_YOUNG,15,14.288641425286759,97,0.0
82,WFAgent9,FEMALE_YOUNG_HIGH_INCOME,2,1.8416281470392177,2,1.7665886836678544
82,WFAgent16,FEMALE_OLD_HIGH_INCOME,3,3.3538496240703926,3,3.1706216226271486
82,WFAgent15,FEMALE_YOUNG,14,14.474257765695231,366,0.0
82,WFAgent14,FEMALE_OLD_LOW_INCOME,15,17.980015491137603,17,17.144384591661478
82,WFAgent13,OLD_HIGH_INCOME,8,7.921638243216887,8,7.4457812894881386
82,WFAgent12,MALE_OLD_HIGH_INCOME,5,6.0613256015965975,5,5.213089456395606
82,WFAgent11,MALE_LOW_INCOME,22,22.025377238361752,25,21.4034514563366
82,WFAgent10,MALE_LOW_INCOME,22,18.835037281576213,0,0.0
82,SIAgent7,FEMALE_HIGH_INCOME,4,3.5331773673357088,102,0.0
82,SIAgent5,OLD_HIGH_INCOME,8,8.254116792346254,8,7.8026740047847
82,SIAgent6,OLD_HIGH_INCOME,8,7.4457812894881386,36,7.4457812894881386
82,SIAgent3,MALE_HIGH_INCOME,8,8.471182637063043,12,8.471182637063043
82,SIAgent4,FEMALE_YOUNG_HIGH_INCOME,2,2.217920027001882,2,2.214184849081171
82,SIAgent1,FEMALE_HIGH_INCOME,4,4.428369698162342,4,4.248923261467022
82,SIAgent2,FEMALE_YOUNG,14,15.03711618557965,14,14.474257765695226
82,SIAgent0,FEMALE_YOUNG_HIGH_INCOME,2,1.9147239878702134,2,1.822424079331331
82,WFAgent0,FEMALE_OLD_LOW_INCOME,15,15.127398169113071,0,0.0
82,WFAgent1,MALE_OLD,16,16.122773898578767,17,15.822285240162294
82,WFAgent2,MALE_YOUNG_LOW_INCOME,12,11.494895094468148,361,0.0
82,WFAgent3,FEMALE_YOUNG_LOW_INCOME,12,12.715251199301235,13,11.845756515653651
82,WFAgent4,FEMALE_YOUNG,14,12.756968555319318,0,0.0
82,WFAgent5,FEMALE_YOUNG_HIGH_INCOME,2,2.092471071716548,2,1.9147239878702134
83,WFAgent6,MALE_OLD_LOW_INCOME,11,12.007817548378988,12,11.960490032054718
83,WFAgent7,MALE_YOUNG_LOW_INCOME,12,11.105990630896514,12,10.835257224361976
83,WFAgent8,YOUNG_LOW_INCOME,23,25.147052644181908,362,0.0
83,WFAgent9,MALE_OLD_LOW_INCOME,11,9.93552952145998,0,0.0
83,WFAgent16,FEMALE_HIGH_INCOME,4,3.74860548954267,35,2.5291354952352094
83,WFAgent15,MALE_OLD_HIGH_INCOME,5,4.577762740239663,0,0.0
83,WFAgent14,FEMALE_OLD_HIGH_INCOME,3,2.584856745076653,0,0.0
83,WFAgent13,MALE_LOW_INCOME,22,22.7077289681705,24,22.172227057499434
83,WFAgent12,MALE_LOW_INCOME,22,20.324541469374473,331,3.6117524081206587
83,WFAgent11,MALE_YOUNG_LOW_INCOME,12,11.30293958532975,12,11.086113528749713
83,WFAgent10,FEMALE_YOUNG,14,13.526209292088057,0,0.0
83,SIAgent7,YOUNG_LOW_INCOME,23,24.865931725648025,26,24.21860794736693
83,SIAgent5,MALE_OLD_HIGH_INCOME,5,4.614958223669035,5,4.612097081058248
83,SIAgent6,MALE_OLD,16,16.541369684014835,16,16.541369684014832
83,SIAgent3,MALE_OLD,16,14.758710659386393,444,0.0
83,SIAgent4,FEMALE_LOW_INCOME,27,31.58720873348212,70,31.352696523643147
83,SIAgent1,FEMALE_YOUNG_HIGH_INCOME,2,2.0071978068184024,2,1.9323156131554367
83,SIAgent2,YOUNG_HIGH_INCOME,5,4.215225825392016,5,4.215225825392016
83,SIAgent0,MALE_YOUNG,15,13.54407153045247,15,13.54407153045247
83,WFAgent0,MALE_LOW_INCOME,22,21.11074680201357,22,20.29322715665629
83,WFAgent1,FEMALE_OLD_HIGH_INCOME,3,2.7421586234552877,71,0.0
83,WFAgent2,MALE_OLD,16,19.25208944368699,19,18.534436894596414
83,WFAgent3,FEMALE_YOUNG_HIGH_INCOME,2,1.9735177287626782,2,1.6860903301568064
83,WFAgent4,MALE_YOUNG,15,15.381026785897408,17,15.3499477345128
83,WFAgent5,MALE_YOUNG,15,14.86575303800761,70,8.610130461639317
84,WFAgent6,MALE_OLD_LOW_INCOME,11,11.476778343733432,12,11.301866617038671
84,WFAgent7,FEMALE_OLD,17,16.93461413491857,17,16.261680092785394
84,WFAgent8,MALE_YOUNG,15,14.550315128025764,0,0.0
84,WFAgent9,FEMALE_LOW_INCOME,27,22.505672330618108,0,0.0
84,WFAgent16,FEMALE_LOW_INCOME,27,27.908677256485102,29,27.795698281008438
84,WFAgent15,FEMALE_OLD_HIGH_INCOME,3,3.0027138869659478,3,2.4294764597668768
84,WFAgent14,OLD_LOW_INCOME,26,24.303558647537027,0,0.0
84,WFAgent13,FEMALE_OLD_LOW_INCOME,15,13.006005663132225,363,0.0
84,WFAgent12,FEMALE_OLD_HIGH_INCOME,3,2.9460884336541957,69,0.0
84,WFAgent11,FEMALE_LOW_INCOME,27,25.827374265012086,27,25.11175583035096
84,WFAgent10,YOUNG_HIGH_INCOME,5,5.480897374132998,58,0.0
84,SIAgent7,MALE_HIGH_INCOME,8,6.671880495069897,282,0.0
84,SIAgent5,FEMALE_OLD_LOW_INCOME,15,13.950975461306093,16,13.336694714440362
84,SIAgent6,MALE_OLD,16,15.076875691328128,16,14.318638009558233
84,SIAgent3,FEMALE_YOUNG_LOW_INCOME,12,11.501668254210392,13,10.836064455482793
84,SIAgent4,YOUNG_HIGH_INCOME,5,4.555466654628585,5,4.169925309418685
84,SIAgent1,MALE_YOUNG_HIGH_INCOME,4,4.010902361003946,4,3.644373323702868
84,SIAgent2,OLD_HIGH_INCOME,8,8.562760950206403,8,7.666478233731857
84,SIAgent0,MALE_OLD_LOW_INCOME,11,10.333506204772243,309,0.0
84,WFAgent0,FEMALE_YOUNG_HIGH_INCOME,2,1.7891327399386934,0,0.0
84,WFAgent1,FEMALE_LOW_INCOME,27,25.929636282753073,27,25.23831090321152
84,WFAgent2,FEMALE_YOUNG,14,13.125536577918776,349,0.0
84,WFAgent3,YOUNG_LOW_INCOME,23,24.9660107508895,384,0.0
84,WFAgent4,OLD_HIGH_INCOME,8,9.132793586617362,9,9.113766646047482
84,WFAgent5,OLD_HIGH_INCOME,8,6.478603892711671,0,0.0
85,WFAgent6,MALE_YOUNG_HIGH_INCOME,4,4.496415752951324,4,4.229411642456881
85,WFAgent7,MALE_OLD_HIGH_INCOME,5,5.259698723185301,5,4.935610065908574
85,WFAgent8,MALE_YOUNG_LOW_INCOME,12,9.97239671749551,0,0.0
85,WFAgent9,MALE_YOUNG,15,16.12854183748186,16,15.392712970253164
85,WFAgent16,MALE_YOUNG,15,16.87111898803241,16,16.17625304421279
85,WFAgent15,MALE_OLD,16,17.688501022973355,17,16.883069121462892
85,WFAgent14,MALE_OLD_HIGH_INCOME,5,4.9656085651361455,5,4.935610065908574
85,WFAgent13,FEMALE_LOW_INCOME,27,24.66785745897606,0,0.0
85,WFAgent12,YOUNG_LOW_INCOME,23,19.894600557130936,0,0.0
85,WFAgent11,MALE_LOW_INCOME,22,22.24234793579259,25,21.624565822968396
85,WFAgent10,YOUNG_HIGH_INCOME,5,4.769572750330415,88,0.0
85,SIAgent7,MALE_OLD,16,15.793952210907438,89,15.158297850481562
85,SIAgent5,FEMALE_OLD_HIGH_INCOME,3,2.96914450837975,79,0.0
85,SIAgent6,FEMALE_OLD_LOW_INCOME,15,14.56874371669486,470,0.0
85,SIAgent3,YOUNG_HIGH_INCOME,5,5.286764553071102,15,5.152859711413944
85,SIAgent4,FEMALE_YOUNG_HIGH_INCOME,2,2.0611438845655776,42,0.0
85,SIAgent1,OLD_LOW_INCOME,26,27.64926416822458,28,27.226733135301174
85,SIAgent2,FEMALE_HIGH_INCOME,4,4.358908843856217,4,4.261785942806715
85,SIAgent0,MALE_OLD_HIGH_INCOME,5,4.538326090642403,127,0.0
85,WFAgent0,FEMALE_HIGH_INCOME,4,4.603200317933078,4,4.358908843856217
85,WFAgent1,FEMALE_HIGH_INCOME,4,3.657713929590465,0,0.0
85,WFAgent2,MALE_OLD,16,19.18168843967094,18,19.141798270309327
85,WFAgent3,YOUNG_LOW_INCOME,23,22.127024894738913,382,0.0
85,WFAgent4,FEMALE_YOUNG,14,14.715122515820127,16,14.621045275737972
85,WFAgent5,YOUNG_LOW_INCOME,23,21.01775258387334,293,0.0
86,WFAgent6,MALE_OLD_LOW_INCOME,11,13.057464541929889,11,12.325290965953005
86,WFAgent7,MALE_OLD_LOW_INCOME,11,11.891608563394575,11,11.651438621423424
86,WFAgent8,MALE_YOUNG_HIGH_INCOME,4,4.343835412808091,4,4.041921982598104
86,WFAgent9,MALE_OLD_LOW_INCOME,11,10.796762797323902,289,0.0
86,WFAgent16,FEMALE_OLD_LOW_INCOME,15,13.7317683980409,521,0.0
86,WFAgent15,MALE_YOUNG_HIGH_INCOME,4,4.405983446430753,4,4.2928831162540995
86,WFAgent14,FEMALE_HIGH_INCOME,4,3.9032630981239866,4,3.7865809569930957
86,WFAgent13,MALE_HIGH_INCOME,8,9.755078198778081,8,8.687670825616182
86,WFAgent12,MALE_YOUNG,15,16.098311685952872,17,15.92165911681829
86,WFAgent11,MALE_OLD_LOW_INCOME,11,8.87497866421762,0,0.0
86,WFAgent10,FEMALE_OLD_HIGH_INCOME,3,3.40415788766957,3,2.867176549927967
86,SIAgent7,MALE_HIGH_INCOME,8,8.083843965196207,8,7.930264695058543
86,SIAgent5,FEMALE_YOUNG_LOW_INCOME,12,11.060903671058464,348,0.0
86,SIAgent6,MALE_OLD_LOW_INCOME,11,11.651438621423425,11,10.952158401705631
86,SIAgent3,MALE_OLD,16,17.927695950477098,17,17.751875915843563
86,SIAgent4,FEMALE_OLD_HIGH_INCOME,3,2.7582132211953865,79,0.0
86,SIAgent1,FEMALE_HIGH_INCOME,4,3.822902066570623,6,3.822902066570623
86,SIAgent2,YOUNG_LOW_INCOME,23,21.5410682168718,31,20.604500033529554
86,SIAgent0,MALE_YOUNG_LOW_INCOME,12,12.879646366303579,12,11.976793164325748
86,WFAgent0,YOUNG_LOW_INCOME,23,22.955520231624355,24,22.40350534644382
86,WFAgent1,FEMALE_YOUNG_HIGH_INCOME,2,2.0773909754654865,2,1.9114510332853114
86,WFAgent2,MALE_HIGH_INCOME,8,6.855209804094889,0,0.0
86,WFAgent3,YOUNG_HIGH_INCOME,5,5.030435805089528,83,0.0
86,WFAgent4,MALE_OLD_HIGH_INCOME,5,5.487405320650563,137,5.05240247824763
86,WFAgent5,MALE_OLD_LOW_INCOME,11,10.949084299754867,13,10.488611148620828
87,WFAgent6,MALE_HIGH_INCOME,8,8.246919767373507,8,7.7449527354796786
87,WFAgent7,FEMALE_YOUNG_LOW_INCOME,12,14.2924174004366,16,14.189658706578912
87,WFAgent8,MALE_YOUNG,15,15.486337080531873,17,14.998642472304201
87,WFAgent9,MALE_HIGH_INCOME,8,7.66631842845378,64,0.0
87,WFAgent16,MALE_YOUNG,15,15.70551728237894,16,15.48990547095935
87,WFAgent15,MALE_LOW_INCOME,22,19.410007905334844,287,0.0
87,WFAgent14,FEMALE_HIGH_INCOME,4,3.522681244274314,0,0.0
87,WFAgent13,YOUNG_HIGH_INCOME,5,5.458485347136328,53,0.0
87,WFAgent12,FEMALE_OLD_LOW_INCOME,15,14.66045890925066,15,14.603164275112004
87,WFAgent11,MALE_YOUNG,15,16.130835727749403,15,15.486337080531873
87,WFAgent10,FEMALE_OLD,17,18.869842946336597,18,18.297948722510686
87,SIAgent7,OLD_HIGH_INCOME,8,8.39388457598403,9,8.158891277081638
87,SIAgent5,OLD_LOW_INCOME,26,25.31215141019414,85,25.245408305046205
87,SIAgent6,FEMALE_HIGH_INCOME,4,4.568163755501161,4,3.691246505203739
87,SIAgent3,MALE_OLD_HIGH_INCOME,5,5.2912412757925615,5,5.246177859990019
87,SIAgent4,MALE_YOUNG_HIGH_INCOME,4,3.8724763677398393,4,3.8724763677398393
87,SIAgent1,FEMALE_OLD_LOW_INCOME,15,15.496416112469248,14,14.463321704971301
87,SIAgent2,MALE_HIGH_INCOME,8,8.6818312786354,8,8.443558501934932
87,SIAgent0,FEMALE_LOW_INCOME,27,23.945049067351913,35,23.058195398190744
87,WFAgent0,YOUNG_LOW_INCOME,23,25.284077257846608,381,23.945049067351928
87,WFAgent1,FEMALE_OLD_HIGH_INCOME,3,2.4491423882288412,0,0.0
87,WFAgent2,MALE_LOW_INCOME,22,22.406217303838442,332,0.0
87,WFAgent3,FEMALE_OLD_HIGH_INCOME,3,2.7201723093386687,71,0.0
87,WFAgent4,MALE_OLD,16,16.008087762613,136,0.0
87,WFAgent5,MALE_HIGH_INCOME,8,6.968678682294306,0,0.0
88,WFAgent6,MALE_LOW_INCOME,22,21.19879456527687,326,8.936440238232901
88,WFAgent7,OLD_HIGH_INCOME,8,6.327998493282074,0,0.0
88,WFAgent8,FEMALE_YOUNG_LOW_INCOME,12,13.310412331409879,13,12.728603179676902
88,WFAgent9,MALE_YOUNG,15,15.27028395956541,17,15.191948404995932
88,WFAgent16,MALE_YOUNG,15,12.883786620831767,78,0.0
88,WFAgent15,FEMALE_HIGH_INCOME,4,3.332456626235158,0,0.0
88,WFAgent14,FEMALE_YOUNG_HIGH_INCOME,2,2.08612981485259,2,1.7134774008449352
88,WFAgent13,FEMALE_YOUNG_LOW_INCOME,12,13.8428947939962,13,13.689506335556331
88,WFAgent12,FEMALE_YOUNG,14,11.994341805914546,14,11.379384238867283
88,WFAgent11,YOUNG_HIGH_INCOME,5,4.719842857511624,56,0.0
88,WFAgent10,MALE_OLD_LOW_INCOME,11,11.571309106250713,12,10.911631949126546
88,SIAgent7,YOUNG_HIGH_INCOME,5,5.5022297685935735,5,5.1213768532401645
88,SIAgent5,FEMALE_OLD_LOW_INCOME,15,12.399957850997152,15,12.399957850997147
88,SIAgent6,FEMALE_YOUNG_LOW_INCOME,12,12.63646738666738,11,11.583428437778434
88,SIAgent3,FEMALE_HIGH_INCOME,4,4.197204522757556,5,4.165570782793948
88,SIAgent4,MALE_HIGH_INCOME,8,7.950732981544347,8,7.443499219949361
88,SIAgent1,MALE_YOUNG,15,13.404660357349352,21,13.404660357349352
88,SIAgent2,FEMALE_LOW_INCOME,27,21.945955317815475,769,14.63063687854365
88,SIAgent0,MALE_OLD,16,14.5488425988354,524,0.0
88,WFAgent0,FEMALE_HIGH_INCOME,4,3.3492893175812672,75,0.0
88,WFAgent1,MALE_OLD_HIGH_INCOME,5,5.191989625260987,5,4.969208113465217
88,WFAgent2,MALE_HIGH_INCOME,8,8.708150880371994,8,7.9507329815443475
88,WFAgent3,FEMALE_OLD,17,14.331234891402074,17,14.039434867649382
88,WFAgent4,MALE_YOUNG_HIGH_INCOME,4,4.2795397286447425,4,3.9753664907721733
88,WFAgent5,FEMALE_YOUNG_HIGH_INCOME,2,2.1409164293073815,2,1.8879371430046497
89,WFAgent6,OLD_HIGH_INCOME,8,6.5860858990556626,0,0.0
89,WFAgent7,YOUNG_LOW_INCOME,23,25.026954754475288,24,24.110366943026868
89,WFAgent8,MALE_YOUNG_LOW_INCOME,12,11.4834792558717,12,10.806037852435116
89,WFAgent9,MALE_YOUNG_LOW_INCOME,12,11.237221834254228,12,10.570550776569652
89,WFAgent16,FEMALE_OLD_LOW_INCOME,15,14.26953434772778,0,0.0
89,WFAgent15,MALE_YOUNG_HIGH_INCOME,4,3.3435175981074314,0,0.0
89,WFAgent14,OLD_LOW_INCOME,26,27.455187003074684,30,27.248270526709703
89,WFAgent13,OLD_HIGH_INCOME,8,8.148754040567423,8,7.285650191300205
89,WFAgent12,MALE_YOUNG_HIGH_INCOME,4,4.1721932456890665,4,3.691074542287799
89,WFAgent11,MALE_LOW_INCOME,22,19.811069396131042,0,0.0
89,WFAgent10,MALE_OLD,16,15.975301760104871,17,15.308553624283082
89,SIAgent7,YOUNG_HIGH_INCOME,5,4.683658851511657,5,4.631607858732045
89,SIAgent5,YOUNG_LOW_INCOME,23,26.82717690793455,26,26.502103714410552
89,SIAgent6,FEMALE_YOUNG_LOW_INCOME,12,12.080788437768241,12,12.055183471513438
89,SIAgent3,FEMALE_OLD_LOW_INCOME,15,15.175925601273603,435,0.0
89,SIAgent4,FEMALE_HIGH_INCOME,4,3.6428250956501023,22,3.3948935484455522
89,SIAgent1,YOUNG_LOW_INCOME,23,23.105768320400763,64,23.10576832040075
89,SIAgent2,FEMALE_OLD_HIGH_INCOME,3,2.5461701613341643,42,0.0
89,SIAgent0,MALE_YOUNG,15,13.213188470712065,370,0.0
89,WFAgent0,FEMALE_YOUNG_LOW_INCOME,12,12.271351659203605,12,12.080788437768243
89,WFAgent1,MALE_OLD_LOW_INCOME,11,9.99103252646022,307,0.0
89,WFAgent2,YOUNG_LOW_INCOME,23,23.444168670440096,23,22.764950971542742
89,WFAgent3,OLD_HIGH_INCOME,8,7.77230894272682,179,0.0
89,WFAgent4,FEMALE_YOUNG_LOW_INCOME,12,10.523128077975413,346,0.0
89,WFAgent5,OLD_HIGH_INCOME,8,9.745330563557264,10,9.715386178408528
90,WFAgent6,MALE_OLD,16,14.080116905258507,0,0.0
90,WFAgent7,FEMALE_OLD_LOW_INCOME,15,13.878671002808995,419,12.309410603824679
90,WFAgent8,FEMALE_LOW_INCOME,27,27.73903557578856,34,27.683018579144107
90,WFAgent9,FEMALE_YOUNG_LOW_INCOME,12,10.365238128599524,343,6.516746790260122
90,WFAgent16,MALE_OLD_HIGH_INCOME,5,4.511360759386097,134,0.0
90,WFAgent15,YOUNG_HIGH_INCOME,5,4.044531850623331,0,0.0
90,WFAgent14,MALE_YOUNG,15,12.81357903489618,362,0.0
90,WFAgent13,MALE_OLD,16,16.82695376907852,337,0.0
90,WFAgent12,FEMALE_OLD,17,17.496865369137403,81,0.9134363788928977
90,WFAgent11,MALE_YOUNG_HIGH_INCOME,4,3.7866502854327817,4,3.6078846604590735
90,WFAgent10,FEMALE_YOUNG_LOW_INCOME,12,13.091705603809263,12,12.779715044518897
90,SIAgent7,MALE_OLD_HIGH_INCOME,5,4.836477002600202,5,4.400036532893283
90,SIAgent5,MALE_OLD,16,17.303234583708523,19,17.12302853480073
90,SIAgent6,MALE_YOUNG_HIGH_INCOME,4,4.28679423131151,4,3.7866502854327817
90,SIAgent3,FEMALE_HIGH_INCOME,4,3.653745515571591,4,3.653745515571591
90,SIAgent4,MALE_YOUNG_HIGH_INCOME,4,3.6078846604590735,82,0.0
90,SIAgent1,FEMALE_LOW_INCOME,27,19.550240370780365,26,18.826157394084806
90,SIAgent2,FEMALE_YOUNG_LOW_INCOME,12,11.517485601726595,12,11.517485601726593
90,SIAgent0,FEMALE_LOW_INCOME,27,28.754358850167524,27,28.333615702570082
90,WFAgent0,FEMALE_HIGH_INCOME,4,4.167541655607802,4,3.653745515571591
90,WFAgent1,FEMALE_HIGH_INCOME,4,4.142870831016798,41,0.0
90,WFAgent2,MALE_OLD_HIGH_INCOME,5,6.057143274689348,5,5.178947285485429
90,WFAgent3,FEMALE_OLD_LOW_INCOME,15,17.452956304441535,16,16.76015701897991
90,WFAgent4,FEMALE_OLD_LOW_INCOME,15,14.706415646096577,20,14.481659533911388
90,WFAgent5,MALE_HIGH_INCOME,8,8.352432734204807,9,8.117740486032917
91,WFAgent6,MALE_OLD,16,15.420848277543811,17,15.221169515831777
91,WFAgent7,MALE_LOW_INCOME,22,23.79975093471411,24,23.13127241631573
91,WFAgent8,FEMALE_OLD_HIGH_INCOME,3,3.1490752884580524,3,2.9509485616566753
91,WFAgent9,MALE_OLD_LOW_INCOME,11,9.84899203965586,0,0.0
91,WFAgent16,FEMALE_YOUNG_HIGH_INCOME,2,2.2216330902954873,42,0.0
91,WFAgent15,OLD_HIGH_INCOME,8,7.713615110369997,59,0.0
91,WFAgent14,MALE_OLD,16,15.988388924068364,16,15.271217039574317
91,WFAgent13,FEMALE_OLD_LOW_INCOME,15,15.989824081555136,16,15.90890244103216
91,WFAgent12,FEMALE_OLD_LOW_INCOME,15,15.520770023179569,469,0.0
91,WFAgent11,YOUNG_LOW_INCOME,23,23.287562365252196,368,0.0
91,WFAgent10,MALE_OLD_HIGH_INCOME,5,4.804280533909939,5,4.749332604684403
91,SIAgent7,OLD_HIGH_INCOME,8,7.869196164417801,8,7.64246596408205
91,SIAgent5,MALE_YOUNG_HIGH_INCOME,4,4.180038263507476,99,0.0
91,SIAgent6,FEMALE_OLD,17,17.874481836417775,17,17.641565434195122
91,SIAgent3,MALE_OLD_HIGH_INCOME,5,4.640498113216889,134,0.0
91,SIAgent4,OLD_HIGH_INCOME,8,7.64246596408205,8,7.64246596408205
91,SIAgent1,FEMALE_OLD_LOW_INCOME,15,17.369042413604173,16,16.823041728393203
91,SIAgent2,FEMALE_YOUNG_LOW_INCOME,12,11.129185418596046,386,0.0
91,SIAgent0,MALE_OLD_HIGH_INCOME,5,4.937973739717558,5,4.9182476027611255
91,WFAgent0,MALE_OLD_HIGH_INCOME,5,5.184720367119545,5,4.937973739717558
91,WFAgent1,MALE_OLD_LOW_INCOME,11,10.498961714707347,290,0.0
91,WFAgent2,FEMALE_YOUNG_HIGH_INCOME,2,1.7819065576891495,0,0.0
91,WFAgent3,OLD_HIGH_INCOME,8,8.145330690227851,8,7.64246596408205
91,WFAgent4,MALE_OLD_HIGH_INCOME,5,5.301166020905486,5,5.090831681392407
91,WFAgent5,FEMALE_OLD,17,16.147774293624707,0,0.0
92,WFAgent6,OLD_HIGH_INCOME,8,7.6720965222829935,161,0.0
92,WFAgent7,OLD_LOW_INCOME,26,26.41822564585415,447,25.993282117045286
92,WFAgent8,MALE_YOUNG_HIGH_INCOME,4,3.801026161311672,79,0.0
92,WFAgent9,FEMALE_OLD,17,14.563525723924991,0,0.0
92,WFAgent16,FEMALE_HIGH_INCOME,4,3.680209338078797,4,3.650022460837655
92,WFAgent15,FEMALE_YOUNG,14,13.406924167550942,332,0.0
92,WFAgent14,FEMALE_YOUNG_LOW_INCOME,12,12.481579114132503,13,12.449286727011586
92,WFAgent13,MALE_YOUNG_HIGH_INCOME,4,3.5659047669943185,0,0.0
92,WFAgent12,FEMALE_HIGH_INCOME,4,3.650022460837655,53,0.0
92,WFAgent11,FEMALE_HIGH_INCOME,4,3.654747591949292,42,0.0
92,WFAgent10,FEMALE_LOW_INCOME,27,23.863421597709653,0,0.0
92,SIAgent7,FEMALE_LOW_INCOME,27,24.200641971042163,27,24.200641971042163
92,SIAgent5,MALE_YOUNG_HIGH_INCOME,4,4.104216533725222,4,4.045731432942378
92,SIAgent6,MALE_OLD_HIGH_INCOME,5,5.892487811272756,5,5.2858990657308595
92,SIAgent3,MALE_LOW_INCOME,22,21.70716906832179,724,0.0
92,SIAgent4,FEMALE_YOUNG,14,16.006967084614306,15,15.556423033442934
92,SIAgent1,MALE_HIGH_INCOME,8,8.457438505169375,26,8.208433067450445
92,SIAgent2,MALE_YOUNG_HIGH_INCOME,4,4.045731432942378,4,3.801026161311672
92,SIAgent0,YOUNG_HIGH_INCOME,5,5.428660116299747,5,5.18635669312404
92,WFAgent0,FEMALE_HIGH_INCOME,4,3.275133995423356,0,0.0
92,WFAgent1,FEMALE_OLD,17,17.31901250436822,18,16.446364163771822
92,WFAgent2,OLD_HIGH_INCOME,8,9.496626159252465,9,8.631108587568367
92,WFAgent3,MALE_YOUNG_HIGH_INCOME,4,3.8301672069684582,4,3.5659047669943185
92,WFAgent4,YOUNG_LOW_INCOME,23,23.57351834702092,26,23.3043218980406
92,WFAgent5,FEMALE_YOUNG_HIGH_INCOME,2,2.0583760447620505,2,1.637566997711678
93,WFAgent6,MALE_OLD,16,17.796270974028946,18,17.589409892336157
93,WFAgent7,FEMALE_OLD,17,18.80427731035057,24,18.499616255480493
93,WFAgent8,MALE_YOUNG_LOW_INCOME,12,11.196177602492648,0,0.0
93,WFAgent9,OLD_LOW_INCOME,26,30.91616426523016,36,30.659263444808378
93,WFAgent16,FEMALE_OLD_LOW_INCOME,15,12.774693102003491,16,12.333077503653659
93,WFAgent15,FEMALE_YOUNG_LOW_INCOME,12,12.261593010098752,368,0.0
93,WFAgent14,FEMALE_HIGH_INCOME,4,3.5974225864937326,0,0.0
93,WFAgent13,FEMALE_OLD_HIGH_INCOME,3,3.2708031551245824,3,2.9197682488658314
93,WFAgent12,MALE_LOW_INCOME,22,21.498167646188637,364,0.0
93,WFAgent11,MALE_OLD_LOW_INCOME,11,11.074884536599269,334,0.0
93,WFAgent10,MALE_OLD_LOW_INCOME,11,10.407206271149592,0,0.0
93,SIAgent7,YOUNG_HIGH_INCOME,5,4.732451232041231,151,0.0
93,SIAgent5,MALE_YOUNG,15,15.416472996533628,16,14.92823680332353
93,SIAgent6,MALE_YOUNG_HIGH_INCOME,4,3.8248030741137944,4,3.7859609856329848
93,SIAgent3,FEMALE_YOUNG_HIGH_INCOME,2,2.201492651979061,2,1.8929804928164924
93,SIAgent4,MALE_HIGH_INCOME,8,7.340999948353307,8,7.340999948353307
93,SIAgent1,FEMALE_OLD,17,13.10389484763201,474,9.249808127740241
93,SIAgent2,MALE_HIGH_INCOME,8,8.761129171671039,9,8.436141094812186
93,SIAgent0,YOUNG_LOW_INCOME,23,25.012015320074187,24,24.295030210640434
93,WFAgent0,FEMALE_OLD,17,18.86053573078138,17,18.015760322400833
93,WFAgent1,YOUNG_LOW_INCOME,23,23.136208902858957,0,0.0
93,WFAgent2,FEMALE_OLD_HIGH_INCOME,3,3.1792518216001464,3,2.6980669398702997
93,WFAgent3,MALE_HIGH_INCOME,8,7.97815535581552,122,5.50574996126498
93,WFAgent4,MALE_YOUNG_HIGH_INCOME,4,4.603215976561566,4,4.106871647858479
93,WFAgent5,FEMALE_OLD_HIGH_INCOME,3,2.9197682488658314,3,2.3124520319350603
94,WFAgent6,FEMALE_HIGH_INCOME,4,4.023991760052557,4,3.7273747399568826
94,WFAgent7,YOUNG_LOW_INCOME,23,25.561800285561617,26,25.54307165867931
94,WFAgent8,FEMALE_OLD_LOW_INCOME,15,12.415538621300264,0,0.0
94,WFAgent9,FEMALE_LOW_INCOME,27,23.758624952799103,0,0.0
94,WFAgent16,MALE_YOUNG_HIGH_INCOME,4,3.552218756092389,91,2.3780186499764167
94,WFAgent15,MALE_LOW_INCOME,22,22.494147229557754,23,22.279991967968385
94,WFAgent14,MALE_OLD_HIGH_INCOME,5,4.399828179444827,0,0.0
94,WFAgent13,OLD_HIGH_INCOME,8,8.371198509523168,8,7.991631184088243
94,WFAgent12,OLD_LOW_INCOME,26,26.200125521076203,319,20.34260136205809
94,WFAgent11,FEMALE_OLD,17,16.490425410867164,18,16.292093800384134
94,WFAgent10,MALE_YOUNG_LOW_INCOME,12,12.124743322251572,12,11.624343635461763
94,SIAgent7,FEMALE_OLD,17,15.380116015307692,513,0.0
94,SIAgent5,MALE_OLD_HIGH_INCOME,5,4.955820744690498,160,0.0
94,SIAgent6,MALE_HIGH_INCOME,8,7.991631184088244,8,7.944892689650659
94,SIAgent3,FEMALE_OLD,17,15.503622346299617,17,15.401911250188617
94,SIAgent4,MALE_YOUNG_HIGH_INCOME,4,3.1706915333018886,4,3.1706915333018886
94,SIAgent1,MALE_LOW_INCOME,22,21.31129666501323,28,20.34260136205809
94,SIAgent2,MALE_YOUNG_HIGH_INCOME,4,3.8246321944056767,4,3.7273747399568826
94,SIAgent0,YOUNG_HIGH_INCOME,5,4.659218424946103,6,4.659218424946103
94,WFAgent0,MALE_HIGH_INCOME,8,8.036786873346998,8,7.734856087630576
94,WFAgent1,MALE_OLD,16,21.422083829101645,21,21.161639843946162
94,WFAgent2,FEMALE_LOW_INCOME,27,27.734241586490242,31,27.278421242102674
94,WFAgent3,MALE_YOUNG_LOW_INCOME,12,11.789109996313528,12,11.624343635461763
94,WFAgent4,MALE_YOUNG_HIGH_INCOME,4,4.168195940771684,4,3.995815592044122
94,WFAgent5,FEMALE_YOUNG_LOW_INCOME,12,12.023681910131296,362,0.0
95,WFAgent6,FEMALE_OLD_LOW_INCOME,15,16.28041969921223,472,0.0
95,WFAgent7,FEMALE_YOUNG_HIGH_INCOME,2,2.075781865345105,40,0.0
95,WFAgent8,FEMALE_OLD_HIGH_INCOME,3,3.0259118904856677,92,0.0
95,WFAgent9,YOUNG_LOW_INCOME,23,23.777767636691166,27,22.947873954538178
95,WFAgent16,MALE_OLD_LOW_INCOME,11,10.696489209047591,322,0.0
95,WFAgent15,YOUNG_HIGH_INCOME,5,5.547074137816579,5,5.0702728493623965
95,WFAgent14,FEMALE_YOUNG_HIGH_INCOME,2,2.3434561915233654,2,2.1484408516165177
95,WFAgent13,YOUNG_LOW_INCOME,23,23.44784519910181,331,16.148503893934272
95,WFAgent12,YOUNG_HIGH_INCOME,5,5.371102129041294,5,4.687127251638929
95,WFAgent11,MALE_LOW_INCOME,22,20.139724750498182,0,0.0
95,WFAgent10,OLD_LOW_INCOME,26,26.5102031253948,28,25.6323769551795
95,SIAgent7,MALE_YOUNG,15,13.937774063848595,15,13.560877780322066
95,SIAgent5,MALE_YOUNG_LOW_INCOME,12,12.944497447751058,13,12.079404188668779
95,SIAgent6,FEMALE_YOUNG_LOW_INCOME,12,10.199055090905853,11,9.349133833330368
95,SIAgent3,MALE_YOUNG,15,16.28886384070091,15,15.595643312096366
95,SIAgent4,MALE_YOUNG,15,12.053292646215969,406,0.0
95,SIAgent1,MALE_OLD_HIGH_INCOME,5,4.330139042948383,159,3.464111234358706
95,SIAgent2,MALE_OLD_LOW_INCOME,11,11.50637413518866,11,10.847749021038823
95,SIAgent0,MALE_YOUNG_HIGH_INCOME,4,3.881550005117214,4,3.881550005117214
95,WFAgent0,OLD_LOW_INCOME,26,25.640134049728132,0,0.0
95,WFAgent1,FEMALE_YOUNG_LOW_INCOME,12,14.012244202273024,13,13.253129895144498
95,WFAgent2,MALE_YOUNG_LOW_INCOME,12,11.529349087624801,12,11.150219251078873
95,WFAgent3,MALE_OLD_HIGH_INCOME,5,4.915813122869966,5,4.330139042948383
95,WFAgent4,MALE_YOUNG_LOW_INCOME,12,13.140310078135292,12,13.009442666358307
95,WFAgent5,FEMALE_HIGH_INCOME,4,4.056218279489917,0,0.0
96,WFAgent6,YOUNG_HIGH_INCOME,5,5.593004505600105,6,5.211913588271469
96,WFAgent7,FEMALE_YOUNG,14,13.709517000892706,0,0.0
96,WFAgent8,MALE_OLD_LOW_INCOME,11,11.804848512331283,11,11.603271243964839
96,WFAgent9,MALE_YOUNG_LOW_INCOME,12,11.752075296969485,17,11.742560108747096
96,WFAgent16,FEMALE_YOUNG_LOW_INCOME,12,11.453288891593184,12,10.82112702087425
96,WFAgent15,FEMALE_OLD_HIGH_INCOME,3,3.360466405398374,76,0.0
96,WFAgent14,FEMALE_OLD_LOW_INCOME,15,15.445498901507252,16,15.246074148434618
96,WFAgent13,YOUNG_LOW_INCOME,23,22.647359031687518,23,21.916231588374764
96,WFAgent12,FEMALE_LOW_INCOME,27,21.715568400802198,0,0.0
96,WFAgent11,OLD_LOW_INCOME,26,26.499685149095615,29,26.151056967112762
96,WFAgent10,FEMALE_YOUNG_HIGH_INCOME,2,2.055024282972159,33,0.0
96,SIAgent7,MALE_YOUNG,15,15.14461020736034,21,14.505515428452295
96,SIAgent5,FEMALE_LOW_INCOME,27,24.347535796967065,100,24.347535796967055
96,SIAgent6,MALE_LOW_INCOME,22,15.196254258378595,602,10.361082448894496
96,SIAgent3,MALE_YOUNG_HIGH_INCOME,4,3.0993079040060283,82,0.0
96,SIAgent4,YOUNG_HIGH_INCOME,5,5.281514210663601,5,5.106598394517478
96,SIAgent1,FEMALE_LOW_INCOME,27,29.18781694015631,29,28.87789455890835
96,SIAgent2,MALE_OLD,16,16.877485445767043,47,16.73498872264768
96,SIAgent0,FEMALE_YOUNG_HIGH_INCOME,2,1.995995140168026,2,1.995995140168026
96,WFAgent0,MALE_OLD,16,13.816737922011157,139,0.0
96,WFAgent1,FEMALE_LOW_INCOME,27,25.727750125483418,339,22.544014626821347
96,WFAgent2,MALE_OLD_LOW_INCOME,11,10.797311997201698,15,10.361082448894496
96,WFAgent3,OLD_LOW_INCOME,26,26.98943686806324,31,26.769929723896617
96,WFAgent4,MALE_YOUNG_HIGH_INCOME,4,4.499438537144615,4,4.22521136853088
96,WFAgent5,OLD_LOW_INCOME,26,29.07401469764899,27,28.480756689731876
97,WFAgent6,YOUNG_HIGH_INCOME,5,5.382444151331962,5,4.920516436363503
97,WFAgent7,OLD_HIGH_INCOME,8,6.211836848924526,67,0.0
97,WFAgent8,MALE_OLD_LOW_INCOME,11,10.488756040597991,340,0.0
97,WFAgent9,MALE_OLD_HIGH_INCOME,5,4.48996787752863,140,3.4766170238837923
97,WFAgent16,YOUNG_LOW_INCOME,23,20.429501431532177,300,9.604630478775986
97,WFAgent15,YOUNG_HIGH_INCOME,5,5.358034290252436,6,5.238889352059629
97,WFAgent14,FEMALE_YOUNG_LOW_INCOME,12,11.750161036860916,13,11.45747060139084
97,WFAgent13,FEMALE_HIGH_INCOME,4,4.158556183577557,4,3.4766170238837923
97,WFAgent12,FEMALE_YOUNG_LOW_INCOME,12,11.84790550073689,13,11.547109504779057
97,WFAgent11,FEMALE_OLD_HIGH_INCOME,3,3.038988395551093,3,2.6074627679128444
97,WFAgent10,MALE_YOUNG_LOW_INCOME,12,10.964915485927357,12,10.477778704119258
97,SIAgent7,MALE_YOUNG,15,13.097223380149071,14,12.224075154805801
97,SIAgent5,MALE_LOW_INCOME,22,22.4425574053822,23,21.422441159683014
97,SIAgent6,OLD_HIGH_INCOME,8,6.953234047767585,8,6.084079791796637
97,SIAgent3,MALE_OLD_HIGH_INCOME,5,5.321835852102373,5,4.48996787752863
97,SIAgent4,FEMALE_OLD_LOW_INCOME,15,17.335617615988927,16,16.724643438745627
97,SIAgent1,FEMALE_YOUNG,14,12.338814493805517,368,0.0
97,SIAgent2,FEMALE_YOUNG_LOW_INCOME,12,12.036046262554656,12,11.750161036860916
97,SIAgent0,OLD_LOW_INCOME,26,27.177545587961635,47,26.523022388178976
97,WFAgent0,FEMALE_YOUNG,14,15.563002290389067,15,15.045057828193324
97,WFAgent1,OLD_HIGH_INCOME,8,8.52531535025138,8,8.103969054802915
97,WFAgent2,FEMALE_YOUNG,14,14.261437491013984,16,14.10150227863488
97,WFAgent3,MALE_LOW_INCOME,22,24.619189006539816,25,24.05225855921709
97,WFAgent4,MALE_OLD,16,16.97484682831929,19,16.51393086344801
97,WFAgent5,YOUNG_HIGH_INCOME,5,4.920516436363503,77,4.365741126716357
98,WFAgent6,FEMALE_OLD_HIGH_INCOME,3,3.625132105683279,3,3.0446488189879224
98,WFAgent7,FEMALE_YOUNG_HIGH_INCOME,2,1.8988157606020655,0,0.0
98,WFAgent8,FEMALE_YOUNG_LOW_INCOME,12,11.05282402225778,13,10.272741111299865
98,WFAgent9,FEMALE_YOUNG,14,14.093936688137505,50,0.0
98,WFAgent16,FEMALE_OLD,17,18.445803818032118,20,18.022750013405552
98,WFAgent15,MALE_YOUNG,15,12.746336032414566,94,0.0
98,WFAgent14,MALE_HIGH_INCOME,8,7.775237619223637,8,7.727869804320443
98,WFAgent13,FEMALE_LOW_INCOME,27,26.729407548266963,32,26.355896733797742
98,WFAgent12,FEMALE_OLD_HIGH_INCOME,3,2.5795854885672824,0,0.0
98,WFAgent11,OLD_LOW_INCOME,26,29.05519233105553,30,28.40375583367004
98,WFAgent10,OLD_LOW_INCOME,26,25.99441013654487,27,25.191091753039824
98,SIAgent7,MALE_OLD_HIGH_INCOME,5,5.28899710436831,5,4.829918627700278
98,SIAgent5,MALE_HIGH_INCOME,8,7.100047211003475,17,6.212541309628041
98,SIAgent6,OLD_HIGH_INCOME,8,10.358488319296562,9,9.629186238022927
98,SIAgent3,FEMALE_YOUNG_LOW_INCOME,12,9.482530256584493,353,0.0
98,SIAgent4,FEMALE_YOUNG_HIGH_INCOME,2,2.0282842206390677,2,1.9440987655668573
98,SIAgent1,MALE_HIGH_INCOME,8,7.727869804320444,8,7.335480683497339
98,SIAgent2,FEMALE_OLD,17,17.253009974264895,42,17.253009974264895
98,SIAgent0,FEMALE_OLD_HIGH_INCOME,3,2.643194328426639,53,2.643194328426639
98,WFAgent0,FEMALE_OLD_LOW_INCOME,15,15.862792377105388,15,15.223244094939615
98,WFAgent1,YOUNG_LOW_INCOME,23,18.943300777417114,397,0.0
98,WFAgent2,FEMALE_HIGH_INCOME,4,3.8881975311337147,4,3.524259104568852
98,WFAgent3,OLD_LOW_INCOME,26,24.258088354779105,0,0.0
98,WFAgent4,MALE_OLD_HIGH_INCOME,5,4.559701222749672,149,3.5500236055017376
98,WFAgent5,MALE_OLD_LOW_INCOME,11,10.414710472345678,261,0.0
99,WFAgent6,FEMALE_YOUNG_HIGH_INCOME,2,2.2547219775460334,2,2.0564245456134316
99,WFAgent7,MALE_YOUNG,15,17.62724967319312,15,16.72445827732033
99,WFAgent8,MALE_YOUNG,15,14.816632599114323,16,14.526454216489633
99,WFAgent9,FEMALE_YOUNG,14,15.829053528664904,16,15.767887143753278
99,WFAgent16,MALE_YOUNG,15,17.048200621452978,16,16.596625310080206
99,WFAgent15,FEMALE_OLD_HIGH_INCOME,3,2.9566875486384037,3,2.9003262125130362
99,WFAgent14,FEMALE_YOUNG_LOW_INCOME,12,13.060395055297072,358,0.0
99,WFAgent13,YOUNG_HIGH_INCOME,5,4.83813029756211,37,0.0
99,WFAgent12,MALE_YOUNG_LOW_INCOME,12,12.651474690821663,12,11.853306079291457
99,WFAgent11,MALE_YOUNG,15,14.51151958084698,17,14.499377167511149
99,WFAgent10,MALE_YOUNG,15,16.72445827732033,17,16.03591155571582
99,SIAgent7,FEMALE_YOUNG_HIGH_INCOME,2,1.9977254788629457,2,1.691514277322736
99,SIAgent5,MALE_YOUNG,15,17.221276526754146,16,16.8182173498874
99,SIAgent6,MALE_YOUNG_HIGH_INCOME,4,3.7731556601684293,33,0.0
99,SIAgent3,MALE_OLD_LOW_INCOME,11,10.772498071700566,12,10.23485447118434
99,SIAgent4,FEMALE_OLD,17,16.435181870907204,17,15.709072277849337
99,SIAgent1,YOUNG_HIGH_INCOME,5,5.141061364033579,5,5.082362297283094
99,SIAgent2,FEMALE_HIGH_INCOME,4,3.383028554645472,22,3.383028554645472
99,SIAgent0,MALE_LOW_INCOME,22,18.763899863837956,652,0.0
99,WFAgent0,FEMALE_LOW_INCOME,27,33.464105041651116,34,32.87036374181442
99,WFAgent1,FEMALE_YOUNG_LOW_INCOME,12,11.825915357814955,0,0.0
99,WFAgent2,MALE_OLD_HIGH_INCOME,5,5.202596212345444,162,0.0
99,WFAgent3,FEMALE_OLD_LOW_INCOME,15,14.601259320044718,469,7.734203233368097
99,WFAgent4,MALE_YOUNG,15,13.618550827959025,0,0.0
99,WFAgent5,MALE_YOUNG,15,15.559336228200191,16,15.478954219570111

