0,WFAgent6,YOUNG_LOW_INCOME,287,305.25785860641207,362,76.01999999999987
0,WEAgent0,FEMALE_HIGH_INCOME,50,46.928235976115424,0,0.0
0,WFAgent0,FEMALE_OLD,211,237.61634456656438,492,103.31999999999906
0,WFAgent1,FEMALE_YOUNG_LOW_INCOME,149,146.47310733558305,356,74.7599999999999
0,WFAgent2,MALE_OLD_LOW_INCOME,135,164.08712630192187,381,80.00999999999975
0,WFAgent3,FEMALE_HIGH_INCOME,50,51.28953021202456,85,17.850000000000037
0,WFAgent4,FEMALE_HIGH_INCOME,50,56.1948154662658,59,55.37531845181626
0,WFAgent5,MALE_OLD_HIGH_INCOME,61,61.267667677317405,167,35.07000000000011
1,WFAgent6,MALE_OLD_HIGH_INCOME,61,61.18985904162549,147,30.87000000000009
1,WEAgent0,MALE_YOUNG_HIGH_INCOME,39,40.476871691327574,0,0.0
1,WFAgent0,FEMALE_OLD_LOW_INCOME,181,184.55848020817047,471,98.90999999999919
1,WFAgent1,MALE_YOUNG_LOW_INCOME,138,121.73937239679583,351,73.70999999999994
1,WFAgent2,MALE_HIGH_INCOME,100,97.53287690409316,0,0.0
1,WFAgent3,YOUNG_HIGH_INCOME,59,54.37596459186575,54,11.340000000000012
1,WFAgent4,MALE_YOUNG_HIGH_INCOME,39,42.21068165093119,110,23.10000000000006
1,WFAgent5,FEMALE_OLD_LOW_INCOME,181,174.99789999286688,0,0.0
2,WFAgent6,MALE_YOUNG,177,155.7388940716803,0,0.0
2,WEAgent0,MALE_YOUNG,177,177.30552991229985,184,177.25171654710434
2,WFAgent0,FEMALE_HIGH_INCOME,50,46.318703291486436,55,11.550000000000013
2,WFAgent1,MALE_YOUNG,177,173.871969723377,197,41.37000000000013
2,WFAgent2,OLD_HIGH_INCOME,92,106.37540929320781,182,38.22000000000012
2,WFAgent3,MALE_YOUNG,177,170.09825874615842,0,0.0
2,WFAgent4,OLD_LOW_INCOME,315,309.57209011641373,450,94.49999999999932
2,WFAgent5,MALE_YOUNG_HIGH_INCOME,39,38.924908204394676,66,31.623532788913426
3,WFAgent6,FEMALE_HIGH_INCOME,50,52.59605761967734,53,52.58111887987503
3,WEAgent0,FEMALE_OLD,211,209.33237893686115,511,107.30999999999894
3,WFAgent0,FEMALE_YOUNG_HIGH_INCOME,20,22.349303095392,57,11.970000000000015
3,WFAgent1,FEMALE_OLD_HIGH_INCOME,31,32.07234227855394,27,24.126717525432092
3,WFAgent2,FEMALE_YOUNG_LOW_INCOME,149,159.75020954469463,390,81.8999999999997
3,WFAgent3,MALE_YOUNG,177,191.28154487878354,357,74.9699999999999
3,WFAgent4,MALE_YOUNG_HIGH_INCOME,39,46.67685039677211,84,17.640000000000036
3,WFAgent5,FEMALE_OLD_LOW_INCOME,181,161.7383656334521,0,0.0
4,WFAgent6,MALE_YOUNG_HIGH_INCOME,39,39.886671531239635,110,23.10000000000006
4,WEAgent0,YOUNG_HIGH_INCOME,59,65.90954874486422,0,0.0
4,WFAgent0,MALE_YOUNG,177,186.78586134595005,384,80.63999999999973
4,WFAgent1,MALE_OLD_HIGH_INCOME,61,47.67458267422002,0,0.0
4,WFAgent2,MALE_LOW_INCOME,273,295.6216909389019,371,77.90999999999981
4,WFAgent3,MALE_YOUNG_LOW_INCOME,138,130.96338921575287,0,0.0
4,WFAgent4,OLD_HIGH_INCOME,92,89.51469185259997,239,50.19000000000017
4,WFAgent5,FEMALE_YOUNG,168,150.48541455375215,408,85.67999999999958
5,WFAgent6,FEMALE_YOUNG,168,168.0439411644231,213,167.50887863062223
5,WEAgent0,MALE_YOUNG_HIGH_INCOME,39,39.381827123254325,55,29.145389659271686
5,WFAgent0,FEMALE_YOUNG_LOW_INCOME,149,133.75604161771324,228,47.88000000000016
5,WFAgent1,OLD_LOW_INCOME,315,340.2248898997948,497,104.36999999999902
5,WFAgent2,YOUNG_LOW_INCOME,287,245.73072719467768,0,0.0
5,WFAgent3,MALE_YOUNG_HIGH_INCOME,39,41.1628611895603,40,40.3916175623121
5,WFAgent4,MALE_YOUNG_LOW_INCOME,138,146.81424799679183,389,81.6899999999997
5,WFAgent5,MALE_OLD_LOW_INCOME,135,151.4122004404398,328,68.88000000000008
6,WFAgent6,YOUNG_HIGH_INCOME,59,51.22669217365076,158,33.1800000000001
6,WEAgent0,FEMALE_OLD_LOW_INCOME,181,215.90588249571363,488,102.47999999999908
6,WFAgent0,FEMALE_YOUNG,168,178.49628718405333,384,80.63999999999973
6,WFAgent1,MALE_YOUNG_LOW_INCOME,138,140.47897438479197,369,77.48999999999982
6,WFAgent2,YOUNG_HIGH_INCOME,59,49.75523181291515,0,0.0
6,WFAgent3,FEMALE_OLD,211,214.3534691841989,0,0.0
6,WFAgent4,MALE_OLD_HIGH_INCOME,61,57.89192520755941,146,30.66000000000009
6,WFAgent5,MALE_OLD,196,178.84287976755417,380,79.79999999999976
7,WFAgent6,YOUNG_HIGH_INCOME,59,59.70949340824423,107,22.470000000000056
7,WEAgent0,MALE_HIGH_INCOME,100,100.32023347179157,0,0.0
7,WFAgent0,FEMALE_OLD_HIGH_INCOME,31,30.841606133662086,76,15.960000000000031
7,WFAgent1,MALE_OLD,196,205.95008159892387,383,80.42999999999974
7,WFAgent2,MALE_YOUNG_HIGH_INCOME,39,37.144948277148345,0,0.0
7,WFAgent3,MALE_OLD_HIGH_INCOME,61,53.92178869497532,153,32.130000000000095
7,WFAgent4,MALE_YOUNG_HIGH_INCOME,39,41.47678768495872,41,41.131295723434576
7,WFAgent5,MALE_YOUNG,177,174.28589308425958,359,75.38999999999989
8,WFAgent6,MALE_YOUNG_LOW_INCOME,138,147.04118686176506,353,74.12999999999992
8,WEAgent0,MALE_LOW_INCOME,273,269.71714354627505,347,72.86999999999996
8,WFAgent0,MALE_OLD_LOW_INCOME,135,131.53518506083364,0,0.0
8,WFAgent1,OLD_HIGH_INCOME,92,90.98391052545871,89,18.69000000000004
8,WFAgent2,FEMALE_YOUNG,168,176.6035501075467,413,86.72999999999955
8,WFAgent3,FEMALE_YOUNG_HIGH_INCOME,20,21.281532160360193,30,6.3
8,WFAgent4,MALE_OLD_HIGH_INCOME,61,60.67131656229055,169,35.49000000000011
8,WFAgent5,FEMALE_YOUNG_HIGH_INCOME,20,21.309741981828047,20,21.02423215566032
9,WFAgent6,FEMALE_LOW_INCOME,329,337.9980153300801,487,337.17405392828874
9,WEAgent0,MALE_YOUNG_LOW_INCOME,138,163.9724545637171,182,163.81020653835594
9,WFAgent0,FEMALE_OLD_LOW_INCOME,181,186.54100231593782,185,185.90965010925711
9,WFAgent1,MALE_YOUNG_LOW_INCOME,138,124.20773902358846,0,0.0
9,WFAgent2,FEMALE_YOUNG_LOW_INCOME,149,148.34921082045173,0,0.0
9,WFAgent3,MALE_HIGH_INCOME,100,88.20028431915648,160,33.6000000000001
9,WFAgent4,FEMALE_LOW_INCOME,329,330.61770208619095,94,19.740000000000045
9,WFAgent5,MALE_YOUNG_LOW_INCOME,138,162.31669607182067,214,44.94000000000015
10,WFAgent6,OLD_LOW_INCOME,315,307.9053111777393,472,99.11999999999918
10,WEAgent0,MALE_YOUNG_LOW_INCOME,138,156.1084361865934,0,0.0
10,WFAgent0,MALE_OLD_HIGH_INCOME,61,52.12304774762761,182,38.22000000000012
10,WFAgent1,OLD_LOW_INCOME,315,261.9572873056392,0,0.0
10,WFAgent2,MALE_LOW_INCOME,273,243.14706642073315,0,0.0
10,WFAgent3,MALE_LOW_INCOME,273,287.8029370118671,552,115.91999999999868
10,WFAgent4,FEMALE_YOUNG_HIGH_INCOME,20,20.45975481386847,63,13.23000000000002
10,WFAgent5,MALE_YOUNG_LOW_INCOME,138,148.6545969492884,166,147.84766676132472
11,WFAgent6,MALE_OLD,196,222.71137231225555,308,222.62699722946542
11,WEAgent0,FEMALE_YOUNG_HIGH_INCOME,20,19.50311984701799,68,14.280000000000024
11,WFAgent0,FEMALE_YOUNG_LOW_INCOME,149,156.32833432510904,380,79.79999999999976
11,WFAgent1,MALE_YOUNG_HIGH_INCOME,39,40.58588147984043,116,24.360000000000063
11,WFAgent2,MALE_OLD_LOW_INCOME,135,135.63309505304557,147,30.87000000000009
11,WFAgent3,MALE_OLD_LOW_INCOME,135,127.9894608690556,0,0.0
11,WFAgent4,FEMALE_OLD,211,218.7666887819091,468,98.2799999999992
11,WFAgent5,MALE_OLD,196,183.63191936050796,0,0.0
12,WFAgent6,FEMALE_YOUNG,168,142.49560333594385,54,11.340000000000012
12,WEAgent0,FEMALE_YOUNG_HIGH_INCOME,20,20.48152664218321,0,0.0
12,WFAgent0,FEMALE_OLD,211,283.4735054485014,495,103.94999999999904
12,WFAgent1,MALE_YOUNG_HIGH_INCOME,39,34.66722723340787,109,22.890000000000057
12,WFAgent2,MALE_OLD_HIGH_INCOME,61,69.8905668600908,166,34.860000000000106
12,WFAgent3,FEMALE_YOUNG_LOW_INCOME,149,159.87768081881543,370,77.69999999999982
12,WFAgent4,MALE_OLD,196,178.98050957301098,362,76.01999999999987
12,WFAgent5,MALE_YOUNG,177,156.88456432132847,367,77.06999999999984
13,WFAgent6,FEMALE_LOW_INCOME,329,284.6816268780361,497,104.36999999999902
13,WEAgent0,MALE_YOUNG_LOW_INCOME,138,121.88676694173915,343,72.02999999999999
13,WFAgent0,MALE_OLD,196,161.30747624767218,0,0.0
13,WFAgent1,FEMALE_OLD_HIGH_INCOME,31,29.620454196082058,75,15.75000000000003
13,WFAgent2,MALE_YOUNG_HIGH_INCOME,39,41.128813456728565,41,41.122924771650965
13,WFAgent3,MALE_HIGH_INCOME,100,100.29981651622192,200,42.000000000000135
13,WFAgent4,MALE_YOUNG_HIGH_INCOME,39,40.06478740643048,67,14.070000000000023
13,WFAgent5,MALE_OLD,196,178.9392513308458,356,74.7599999999999
14,WFAgent6,MALE_YOUNG_HIGH_INCOME,39,36.1348283788728,52,10.92000000000001
14,WEAgent0,FEMALE_OLD,211,216.96877752793202,558,117.17999999999864
14,WFAgent0,YOUNG_HIGH_INCOME,59,56.0207773584886,83,55.8852114297365
14,WFAgent1,MALE_YOUNG_HIGH_INCOME,39,34.97130795999503,0,0.0
14,WFAgent2,FEMALE_HIGH_INCOME,50,51.17101181763334,0,0.0
14,WFAgent3,FEMALE_YOUNG_LOW_INCOME,149,148.6596120833052,0,0.0
14,WFAgent4,FEMALE_YOUNG_LOW_INCOME,149,162.6556658504374,413,86.72999999999955
14,WFAgent5,OLD_HIGH_INCOME,92,116.18937210224784,168,35.28000000000011
15,WFAgent6,MALE_YOUNG,177,185.7686478981716,0,0.0
15,WEAgent0,FEMALE_LOW_INCOME,329,326.5568156835737,252,160.9151992836879
15,WFAgent0,FEMALE_YOUNG,168,171.04023161867954,206,170.8195469800071
15,WFAgent1,YOUNG_HIGH_INCOME,59,52.07894500606385,95,19.950000000000045
15,WFAgent2,MALE_OLD_HIGH_INCOME,61,58.58559488181976,182,38.22000000000012
15,WFAgent3,MALE_OLD_LOW_INCOME,135,128.33105501479707,360,75.59999999999988
15,WFAgent4,MALE_YOUNG,177,198.8340439591164,367,77.06999999999984
15,WFAgent5,FEMALE_OLD_LOW_INCOME,181,218.54773540193014,469,98.4899999999992
16,WFAgent6,FEMALE_OLD_LOW_INCOME,181,187.33167416092988,474,99.53999999999917
16,WEAgent0,FEMALE_HIGH_INCOME,50,52.718932862418164,51,10.71000000000001
16,WFAgent0,MALE_HIGH_INCOME,100,95.71737672985051,144,30.240000000000087
16,WFAgent1,MALE_YOUNG_HIGH_INCOME,39,41.185228623879354,41,40.402309642426815
16,WFAgent2,FEMALE_OLD,211,164.75886111882116,0,0.0
16,WFAgent3,MALE_YOUNG_HIGH_INCOME,39,40.847921899887,67,14.070000000000023
16,WFAgent4,FEMALE_OLD_HIGH_INCOME,31,32.95354253185477,98,20.580000000000048
16,WFAgent5,MALE_YOUNG_HIGH_INCOME,39,38.431465269625484,0,0.0
17,WFAgent6,FEMALE_YOUNG_HIGH_INCOME,20,21.6915127773528,24,21.052162259547515
17,WEAgent0,YOUNG_HIGH_INCOME,59,72.590569086174,118,24.780000000000065
17,WFAgent0,FEMALE_HIGH_INCOME,50,47.678909353566,91,19.110000000000042
17,WFAgent1,OLD_LOW_INCOME,315,323.67334262139934,383,80.42999999999974
17,WFAgent2,FEMALE_LOW_INCOME,329,335.79974010068014,374,78.5399999999998
17,WFAgent3,YOUNG_LOW_INCOME,287,318.8452778391699,372,78.1199999999998
17,WFAgent4,OLD_LOW_INCOME,315,344.39376556989555,472,99.11999999999918
17,WFAgent5,MALE_YOUNG,177,155.25969666416293,0,0.0
18,WFAgent6,MALE_LOW_INCOME,273,281.0178982505606,388,81.4799999999997
18,WEAgent0,FEMALE_OLD_HIGH_INCOME,31,28.988228699633268,91,19.110000000000042
18,WFAgent0,MALE_LOW_INCOME,273,246.77671161371345,0,0.0
18,WFAgent1,MALE_OLD,196,232.85766884269717,332,232.10289566889648
18,WFAgent2,MALE_YOUNG_LOW_INCOME,138,121.90759104163757,0,0.0
18,WFAgent3,OLD_HIGH_INCOME,92,83.83891960296589,0,0.0
18,WFAgent4,MALE_OLD,196,190.58249004520806,118,24.780000000000065
18,WFAgent5,MALE_OLD,196,175.84609815357706,0,0.0
19,WFAgent6,MALE_HIGH_INCOME,100,92.09950052680117,157,32.9700000000001
19,WEAgent0,FEMALE_OLD_HIGH_INCOME,31,30.569203095088557,76,15.960000000000031
19,WFAgent0,FEMALE_OLD_LOW_INCOME,181,162.88983993606266,461,96.80999999999925
19,WFAgent1,OLD_LOW_INCOME,315,345.7849305116264,369,77.48999999999982
19,WFAgent2,MALE_YOUNG_HIGH_INCOME,39,45.97111453439366,91,19.110000000000042
19,WFAgent3,YOUNG_LOW_INCOME,287,237.7425080949412,0,0.0
19,WFAgent4,FEMALE_YOUNG,168,168.28101770371157,449,94.28999999999932
19,WFAgent5,MALE_YOUNG,177,210.55199687496508,397,83.36999999999965
20,WFAgent6,OLD_LOW_INCOME,315,344.59320082822325,481,101.00999999999912
20,WEAgent0,MALE_OLD,196,210.6513487380242,514,107.93999999999892
20,WFAgent0,FEMALE_YOUNG,168,156.14371772419395,255,53.55000000000018
20,WFAgent1,FEMALE_YOUNG,168,168.03091883634866,205,167.40834741215372
20,WFAgent2,MALE_LOW_INCOME,273,240.68630907864232,346,72.65999999999997
20,WFAgent3,MALE_OLD_HIGH_INCOME,61,59.01192984115314,0,0.0
20,WFAgent4,FEMALE_LOW_INCOME,329,287.88088929731896,0,0.0
20,WFAgent5,MALE_HIGH_INCOME,100,101.30351099762916,92,19.320000000000043
21,WFAgent6,FEMALE_YOUNG_LOW_INCOME,149,153.86540940866956,391,82.10999999999969
21,WEAgent0,MALE_OLD_HIGH_INCOME,61,54.220417682600186,0,0.0
21,WFAgent0,OLD_HIGH_INCOME,92,98.17001831024639,42,8.820000000000002
21,WFAgent1,MALE_LOW_INCOME,273,270.13455926072066,395,82.94999999999966
21,WFAgent2,OLD_HIGH_INCOME,92,111.23592721674619,171,110.5845236899347
21,WFAgent3,FEMALE_YOUNG_LOW_INCOME,149,113.62445779800328,0,0.0
21,WFAgent4,OLD_LOW_INCOME,315,266.3019694191515,357,74.9699999999999
21,WFAgent5,FEMALE_OLD_LOW_INCOME,181,181.57041391231058,458,96.17999999999927
22,WFAgent6,FEMALE_OLD_LOW_INCOME,181,137.8456582361511,0,0.0
22,WEAgent0,OLD_HIGH_INCOME,92,94.13171442880451,245,51.45000000000017
22,WFAgent0,FEMALE_HIGH_INCOME,50,44.495052925884664,42,8.820000000000002
22,WFAgent1,YOUNG_HIGH_INCOME,59,59.605623995056035,0,0.0
22,WFAgent2,MALE_HIGH_INCOME,100,119.22664354060466,110,23.10000000000006
22,WFAgent3,OLD_HIGH_INCOME,92,93.67913835673457,0,0.0
22,WFAgent4,FEMALE_OLD_LOW_INCOME,181,179.06325740573578,454,95.33999999999929
22,WFAgent5,MALE_LOW_INCOME,273,254.6958540944833,393,82.52999999999967
23,WFAgent6,MALE_YOUNG,177,153.43556409336108,0,0.0
23,WEAgent0,YOUNG_LOW_INCOME,287,299.11207891151406,325,298.9747224451196
23,WFAgent0,MALE_YOUNG,177,162.8262334547262,0,0.0
23,WFAgent1,MALE_OLD,196,217.5743702983008,374,78.5399999999998
23,WFAgent2,FEMALE_YOUNG,168,172.69333136629464,452,94.9199999999993
23,WFAgent3,OLD_HIGH_INCOME,92,100.72837152870943,84,17.640000000000036
23,WFAgent4,MALE_YOUNG,177,170.91915736239656,157,32.9700000000001
23,WFAgent5,MALE_OLD_HIGH_INCOME,61,68.31805387341127,156,32.7600000000001
24,WFAgent6,FEMALE_YOUNG,168,161.75943570087972,0,0.0
24,WEAgent0,FEMALE_LOW_INCOME,329,327.95237371351595,255,53.55000000000018
24,WFAgent0,FEMALE_YOUNG_LOW_INCOME,149,155.28977289097293,155,154.50643746381436
24,WFAgent1,FEMALE_OLD_HIGH_INCOME,31,26.612316387188525,0,0.0
24,WFAgent2,YOUNG_HIGH_INCOME,59,53.55878600119861,130,27.300000000000075
24,WFAgent3,YOUNG_LOW_INCOME,287,295.714303001845,354,74.33999999999992
24,WFAgent4,FEMALE_OLD,211,219.27118040823854,552,115.91999999999868
24,WFAgent5,FEMALE_OLD_HIGH_INCOME,31,33.59383444912103,39,33.480010938721016
25,WFAgent6,MALE_OLD_HIGH_INCOME,61,66.79364214963596,156,32.7600000000001
25,WEAgent0,FEMALE_OLD,211,233.66514982795744,344,231.4983640429873
25,WFAgent0,OLD_LOW_INCOME,315,327.3728686172838,237,200.74692911275213
25,WFAgent1,MALE_OLD_LOW_INCOME,135,140.51551703508957,341,71.61
25,WFAgent2,FEMALE_LOW_INCOME,329,278.6740070805722,388,81.4799999999997
25,WFAgent3,MALE_YOUNG_HIGH_INCOME,39,37.81422882995872,0,0.0
25,WFAgent4,FEMALE_YOUNG_HIGH_INCOME,20,18.36038078995335,44,9.240000000000004
25,WFAgent5,MALE_YOUNG_HIGH_INCOME,39,38.92565727323119,103,21.630000000000052
26,WFAgent6,MALE_OLD_LOW_INCOME,135,123.93351793110747,0,0.0
26,WEAgent0,OLD_LOW_INCOME,315,296.5248398679905,274,57.5400000000002
26,WFAgent0,FEMALE_LOW_INCOME,329,280.0941764477261,430,90.29999999999944
26,WFAgent1,MALE_OLD,196,184.46631565898372,162,34.0200000000001
26,WFAgent2,MALE_OLD_LOW_INCOME,135,137.1450729012517,161,137.0673629425044
26,WFAgent3,FEMALE_HIGH_INCOME,50,49.3594603157199,47,9.870000000000006
26,WFAgent4,OLD_HIGH_INCOME,92,73.49800323194827,72,15.120000000000028
26,WFAgent5,OLD_LOW_INCOME,315,335.9868794944799,394,335.43193167295857
27,WFAgent6,MALE_OLD_HIGH_INCOME,61,64.46583573196587,152,31.920000000000094
27,WEAgent0,MALE_LOW_INCOME,273,307.0184998589908,168,148.1784526063609
27,WFAgent0,YOUNG_HIGH_INCOME,59,52.417281560586865,147,30.87000000000009
27,WFAgent1,MALE_LOW_INCOME,273,240.78998548533622,0,0.0
27,WFAgent2,FEMALE_YOUNG_LOW_INCOME,149,149.60224917372932,418,87.77999999999952
27,WFAgent3,OLD_LOW_INCOME,315,299.0581674884229,159,140.24032121673451
27,WFAgent4,FEMALE_OLD,211,204.52430830951812,247,204.1845476273487
27,WFAgent5,FEMALE_LOW_INCOME,329,312.35206025050843,273,57.3300000000002
28,WFAgent6,FEMALE_YOUNG_LOW_INCOME,149,132.22146054381528,0,0.0
28,WEAgent0,MALE_HIGH_INCOME,100,87.77485736585089,123,25.83000000000007
28,WFAgent0,FEMALE_OLD,211,204.5600332793955,224,47.040000000000155
28,WFAgent1,FEMALE_OLD,211,229.7642373745526,250,228.89426355121097
28,WFAgent2,FEMALE_YOUNG_HIGH_INCOME,20,19.555285009284216,50,10.500000000000009
28,WFAgent3,MALE_OLD_HIGH_INCOME,61,58.233887206732845,171,35.91000000000011
28,WFAgent4,FEMALE_HIGH_INCOME,50,49.8007417742634,73,15.330000000000028
28,WFAgent5,FEMALE_LOW_INCOME,329,301.22485083339245,363,76.22999999999986
29,WFAgent6,MALE_YOUNG_HIGH_INCOME,39,32.32188030553501,0,0.0
29,WEAgent0,YOUNG_LOW_INCOME,287,302.83672875823623,192,150.19343114484604
29,WFAgent0,MALE_YOUNG_HIGH_INCOME,39,38.21637652586117,101,21.21000000000005
29,WFAgent1,FEMALE_HIGH_INCOME,50,48.421850554217244,48,10.080000000000007
29,WFAgent2,MALE_OLD_HIGH_INCOME,61,57.36695045167248,0,0.0
29,WFAgent3,OLD_LOW_INCOME,315,306.48756955334244,481,101.00999999999912
29,WFAgent4,MALE_YOUNG_LOW_INCOME,138,153.0796715045203,145,153.00113473848177
29,WFAgent5,MALE_OLD_HIGH_INCOME,61,76.31054546230908,151,31.710000000000093
30,WFAgent6,MALE_YOUNG,177,181.11682177943302,356,74.7599999999999
30,WEAgent0,MALE_HIGH_INCOME,100,99.76588491993097,0,0.0
30,WFAgent0,MALE_OLD,196,202.62550839395735,371,77.90999999999981
30,WFAgent1,MALE_HIGH_INCOME,100,83.44474924691275,226,47.46000000000016
30,WFAgent2,FEMALE_HIGH_INCOME,50,43.65835755636356,47,9.870000000000006
30,WFAgent3,FEMALE_OLD_HIGH_INCOME,31,32.00451435645358,36,31.434017440581794
30,WFAgent4,FEMALE_OLD_HIGH_INCOME,31,31.28357407208758,51,10.71000000000001
30,WFAgent5,FEMALE_OLD_LOW_INCOME,181,189.43956591354834,476,99.95999999999916
31,WFAgent6,FEMALE_OLD_LOW_INCOME,181,199.3981093068474,213,199.0917847208556
31,WEAgent0,YOUNG_LOW_INCOME,287,255.9925333331237,0,0.0
31,WFAgent0,FEMALE_OLD,211,206.3459736305058,360,75.59999999999988
31,WFAgent1,YOUNG_LOW_INCOME,287,300.4310232299537,385,80.84999999999972
31,WFAgent2,FEMALE_LOW_INCOME,329,328.0863864415976,378,79.37999999999977
31,WFAgent3,FEMALE_OLD_LOW_INCOME,181,169.18128185199467,0,0.0
31,WFAgent4,YOUNG_HIGH_INCOME,59,50.40905857719763,159,33.3900000000001
31,WFAgent5,FEMALE_OLD_LOW_INCOME,181,142.19680386857547,0,0.0
32,WFAgent6,MALE_OLD,196,211.6632586383979,202,210.7992871387746
32,WEAgent0,YOUNG_LOW_INCOME,287,313.9864010582849,205,43.05000000000014
32,WFAgent0,MALE_OLD,196,210.14778375691475,315,66.15000000000016
32,WFAgent1,FEMALE_YOUNG_LOW_INCOME,149,127.99037756094053,0,0.0
32,WFAgent2,MALE_YOUNG_LOW_INCOME,138,152.675575289429,177,152.04226059252662
32,WFAgent3,YOUNG_LOW_INCOME,287,302.99755420786977,393,82.52999999999967
32,WFAgent4,FEMALE_OLD,211,182.02963580337365,0,0.0
32,WFAgent5,OLD_LOW_INCOME,315,328.7216606371988,455,95.54999999999929
33,WFAgent6,FEMALE_YOUNG,168,151.5450667545855,421,88.4099999999995
33,WEAgent0,MALE_OLD,196,198.06888489244403,248,197.78110740012738
33,WFAgent0,MALE_HIGH_INCOME,100,104.83126563732161,113,23.73000000000006
33,WFAgent1,MALE_OLD_LOW_INCOME,135,161.89400291332672,201,42.210000000000136
33,WFAgent2,FEMALE_OLD,211,226.93334345124003,550,115.49999999999869
33,WFAgent3,YOUNG_LOW_INCOME,287,215.7153557747763,0,0.0
33,WFAgent4,YOUNG_LOW_INCOME,287,315.78069555194304,378,79.37999999999977
33,WFAgent5,FEMALE_LOW_INCOME,329,342.82296682609075,0,0.0
34,WFAgent6,FEMALE_HIGH_INCOME,50,46.00537513844377,0,0.0
34,WEAgent0,FEMALE_OLD_HIGH_INCOME,31,31.648700959084227,75,15.75000000000003
34,WFAgent0,FEMALE_LOW_INCOME,329,307.30021662062416,474,99.53999999999917
34,WFAgent1,FEMALE_YOUNG_HIGH_INCOME,20,16.30674262620572,50,10.500000000000009
34,WFAgent2,YOUNG_LOW_INCOME,287,337.15562610700084,357,74.9699999999999
34,WFAgent3,MALE_YOUNG_HIGH_INCOME,39,39.183765184911216,99,20.79000000000005
34,WFAgent4,YOUNG_LOW_INCOME,287,227.73996149393224,418,87.77999999999952
34,WFAgent5,MALE_OLD_LOW_INCOME,135,131.3641214456575,350,73.49999999999994
35,WFAgent6,MALE_OLD_HIGH_INCOME,61,59.28530946683787,182,38.22000000000012
35,WEAgent0,FEMALE_YOUNG,168,177.9963361692145,216,177.97268900469663
35,WFAgent0,FEMALE_YOUNG_LOW_INCOME,149,149.98097612984571,206,43.26000000000014
35,WFAgent1,MALE_YOUNG_HIGH_INCOME,39,31.516312452793798,0,0.0
35,WFAgent2,MALE_HIGH_INCOME,100,99.47483829869601,119,24.990000000000066
35,WFAgent3,FEMALE_YOUNG_LOW_INCOME,149,133.1420137201026,0,0.0
35,WFAgent4,FEMALE_YOUNG,168,133.42244598416983,0,0.0
35,WFAgent5,YOUNG_HIGH_INCOME,59,55.607968308647095,0,0.0
36,WFAgent6,YOUNG_HIGH_INCOME,59,49.741537716697906,0,0.0
36,WEAgent0,MALE_HIGH_INCOME,100,93.0394122624711,250,52.50000000000018
36,WFAgent0,MALE_YOUNG_LOW_INCOME,138,143.34016761079513,372,78.1199999999998
36,WFAgent1,FEMALE_OLD_HIGH_INCOME,31,32.37682372043251,81,17.010000000000034
36,WFAgent2,FEMALE_YOUNG_LOW_INCOME,149,160.0318565943107,396,83.15999999999966
36,WFAgent3,MALE_OLD,196,173.24642660128035,0,0.0
36,WFAgent4,FEMALE_YOUNG_LOW_INCOME,149,159.1147226218811,0,0.0
36,WFAgent5,MALE_LOW_INCOME,273,287.1279536118173,354,74.33999999999992
37,WFAgent6,OLD_HIGH_INCOME,92,89.6939982373533,99,89.05937893929358
37,WEAgent0,FEMALE_OLD_LOW_INCOME,181,184.95668325856064,474,99.53999999999917
37,WFAgent0,FEMALE_OLD_HIGH_INCOME,31,34.38576312398948,85,17.850000000000037
37,WFAgent1,MALE_OLD,196,176.3195785060759,358,75.1799999999999
37,WFAgent2,MALE_YOUNG_LOW_INCOME,138,131.47051977218376,367,77.06999999999984
37,WFAgent3,YOUNG_HIGH_INCOME,59,59.526623178296354,150,31.500000000000092
37,WFAgent4,MALE_OLD_HIGH_INCOME,61,57.90970150396205,69,14.490000000000025
37,WFAgent5,FEMALE_LOW_INCOME,329,317.3474947021203,398,83.57999999999964
38,WFAgent6,FEMALE_OLD_HIGH_INCOME,31,34.46525836168215,32,34.17811756570745
38,WEAgent0,YOUNG_HIGH_INCOME,59,59.25399641928114,70,56.00386125089182
38,WFAgent0,FEMALE_LOW_INCOME,329,382.36885008549064,404,84.8399999999996
38,WFAgent1,FEMALE_OLD,211,225.3619626988835,460,96.59999999999926
38,WFAgent2,MALE_LOW_INCOME,273,288.07107093713296,358,75.1799999999999
38,WFAgent3,YOUNG_HIGH_INCOME,59,61.30622996399316,95,61.25386125089184
38,WFAgent4,MALE_OLD,196,195.09707636695788,350,73.49999999999994
38,WFAgent5,FEMALE_OLD_HIGH_INCOME,31,33.13274917263126,58,12.180000000000016
39,WFAgent6,FEMALE_YOUNG_HIGH_INCOME,20,19.376998040056243,20,18.90156207017072
39,WEAgent0,MALE_YOUNG_LOW_INCOME,138,124.82992708427015,398,83.57999999999964
39,WFAgent0,FEMALE_HIGH_INCOME,50,49.691722607009844,64,13.44000000000002
39,WFAgent1,FEMALE_HIGH_INCOME,50,47.59564292728857,28,5.88
39,WFAgent2,MALE_OLD_HIGH_INCOME,61,58.920265207582,143,30.030000000000086
39,WFAgent3,FEMALE_YOUNG_HIGH_INCOME,20,16.451279076962017,0,0.0
39,WFAgent4,FEMALE_YOUNG,168,158.7731213894341,0,0.0
39,WFAgent5,FEMALE_YOUNG,168,166.62385002651507,425,89.24999999999947
40,WFAgent6,YOUNG_HIGH_INCOME,59,63.64507593508919,90,56.06947074234242
40,WEAgent0,MALE_HIGH_INCOME,100,96.85606273947418,51,49.39659199713186
40,WFAgent0,MALE_LOW_INCOME,273,276.5275249496222,377,79.16999999999977
40,WFAgent1,MALE_OLD_LOW_INCOME,135,120.6065024277025,0,0.0
40,WFAgent2,MALE_LOW_INCOME,273,299.8563670676515,340,299.42974857904704
40,WFAgent3,MALE_LOW_INCOME,273,240.42447459435306,0,0.0
40,WFAgent4,FEMALE_HIGH_INCOME,50,44.987259024470546,0,0.0
40,WFAgent5,OLD_HIGH_INCOME,92,99.20423759066894,247,51.870000000000175
41,WFAgent6,MALE_OLD_HIGH_INCOME,61,55.73858964289442,169,35.49000000000011
41,WEAgent0,OLD_LOW_INCOME,315,308.8662367137641,346,72.65999999999997
41,WFAgent0,YOUNG_HIGH_INCOME,59,64.55669787660179,158,33.1800000000001
41,WFAgent1,YOUNG_LOW_INCOME,287,273.30600212119975,0,0.0
41,WFAgent2,FEMALE_LOW_INCOME,329,373.0837158795751,370,352.3457170203631
41,WFAgent3,YOUNG_LOW_INCOME,287,275.2822917102785,354,74.33999999999992
41,WFAgent4,FEMALE_OLD,211,246.46207252258176,603,126.62999999999836
41,WFAgent5,MALE_YOUNG_HIGH_INCOME,39,37.45134883923744,0,0.0
42,WFAgent6,FEMALE_YOUNG,168,170.124412581163,197,169.6281471241231
42,WEAgent0,YOUNG_LOW_INCOME,287,274.28214084083436,117,111.81536752047923
42,WFAgent0,FEMALE_HIGH_INCOME,50,48.232644383388134,0,0.0
42,WFAgent1,MALE_LOW_INCOME,273,268.6260409361658,360,75.59999999999988
42,WFAgent2,YOUNG_LOW_INCOME,287,283.384115707487,280,139.3341854035189
42,WFAgent3,MALE_YOUNG,177,201.98110762902556,239,201.11574352583176
42,WFAgent4,FEMALE_OLD_HIGH_INCOME,31,34.84653080193514,74,15.54000000000003
42,WFAgent5,MALE_OLD_HIGH_INCOME,61,57.89794863909889,172,36.12000000000011
43,WFAgent6,MALE_YOUNG,177,149.90513497410274,0,0.0
43,WEAgent0,YOUNG_HIGH_INCOME,59,61.22886884079526,0,0.0
43,WFAgent0,MALE_LOW_INCOME,273,302.7306655657453,351,73.70999999999994
43,WFAgent1,FEMALE_OLD_LOW_INCOME,181,163.47134012255103,0,0.0
43,WFAgent2,MALE_YOUNG_LOW_INCOME,138,135.42580270564113,363,76.22999999999986
43,WFAgent3,MALE_YOUNG_HIGH_INCOME,39,42.087703496556465,97,20.370000000000047
43,WFAgent4,FEMALE_OLD_LOW_INCOME,181,178.64513187237807,541,113.60999999999875
43,WFAgent5,FEMALE_YOUNG_HIGH_INCOME,20,20.7378386600276,48,10.080000000000007
44,WFAgent6,FEMALE_OLD_HIGH_INCOME,31,28.351402523862042,0,0.0
44,WEAgent0,MALE_OLD_LOW_INCOME,135,131.70556732779974,135,131.70556732779963
44,WFAgent0,FEMALE_OLD_HIGH_INCOME,31,33.763241292454566,78,16.38000000000003
44,WFAgent1,MALE_OLD_LOW_INCOME,135,133.28640267278945,164,133.2019865576753
44,WFAgent2,FEMALE_OLD_LOW_INCOME,181,186.16875986037758,275,57.7500000000002
44,WFAgent3,FEMALE_OLD_LOW_INCOME,181,196.15379108894817,208,195.86708239540977
44,WFAgent4,MALE_YOUNG_HIGH_INCOME,39,39.464685220568164,94,19.740000000000045
44,WFAgent5,FEMALE_OLD_LOW_INCOME,181,170.4420284306202,0,0.0
45,WFAgent6,OLD_LOW_INCOME,315,368.0136774999777,485,101.8499999999991
45,WEAgent0,OLD_HIGH_INCOME,92,99.53579462303297,92,99.01364647576773
45,WFAgent0,FEMALE_HIGH_INCOME,50,53.27968407589423,68,14.280000000000024
45,WFAgent1,MALE_OLD_HIGH_INCOME,61,67.40817267864556,97,20.370000000000047
45,WFAgent2,OLD_LOW_INCOME,315,315.7833479128162,338,70.98000000000002
45,WFAgent3,MALE_YOUNG,177,201.05407058865688,361,75.80999999999987
45,WFAgent4,YOUNG_LOW_INCOME,287,369.1665765550453,401,84.20999999999962
45,WFAgent5,FEMALE_OLD_HIGH_INCOME,31,33.268361047150485,64,13.44000000000002
46,WFAgent6,FEMALE_OLD_LOW_INCOME,181,193.11750860488814,223,193.07634048560033
46,WEAgent0,FEMALE_OLD_LOW_INCOME,181,191.9087652784518,181,191.90876527845106
46,WFAgent0,YOUNG_LOW_INCOME,287,271.03812871817877,378,79.37999999999977
46,WFAgent1,MALE_OLD_LOW_INCOME,135,143.7124994096633,0,0.0
46,WFAgent2,MALE_HIGH_INCOME,100,98.29463807464377,175,36.750000000000114
46,WFAgent3,FEMALE_HIGH_INCOME,50,52.62689633553855,46,9.660000000000005
46,WFAgent4,FEMALE_LOW_INCOME,329,320.9534578571161,456,95.75999999999928
46,WFAgent5,MALE_OLD_LOW_INCOME,135,151.4115145024545,343,72.02999999999999
47,WFAgent6,MALE_YOUNG,177,183.1617667165781,341,71.61
47,WEAgent0,YOUNG_LOW_INCOME,287,272.60597405607064,0,0.0
47,WFAgent0,OLD_LOW_INCOME,315,335.6841149856611,398,83.57999999999964
47,WFAgent1,YOUNG_LOW_INCOME,287,300.785585202429,411,86.30999999999956
47,WFAgent2,FEMALE_LOW_INCOME,329,329.3353423710182,452,94.9199999999993
47,WFAgent3,FEMALE_OLD_LOW_INCOME,181,156.92539038192183,0,0.0
47,WFAgent4,FEMALE_YOUNG_HIGH_INCOME,20,21.13713435517989,56,11.760000000000014
47,WFAgent5,MALE_YOUNG_HIGH_INCOME,39,44.36468725240397,99,20.79000000000005
48,WFAgent6,YOUNG_HIGH_INCOME,59,60.279172365549314,109,22.890000000000057
48,WEAgent0,FEMALE_HIGH_INCOME,50,56.68412390709918,50,47.13023117713109
48,WFAgent0,FEMALE_YOUNG_LOW_INCOME,149,123.84515830763826,0,0.0
48,WFAgent1,MALE_YOUNG_LOW_INCOME,138,146.14094182175265,347,72.86999999999996
48,WFAgent2,MALE_OLD_LOW_INCOME,135,128.32197529874705,372,78.1199999999998
48,WFAgent3,FEMALE_OLD_LOW_INCOME,181,156.38758506023206,485,101.8499999999991
48,WFAgent4,YOUNG_HIGH_INCOME,59,55.613672789014714,0,0.0
48,WFAgent5,YOUNG_LOW_INCOME,287,273.72462520559657,368,77.27999999999983
49,WFAgent6,FEMALE_YOUNG,168,139.29585981470683,0,0.0
49,WEAgent0,MALE_YOUNG_HIGH_INCOME,39,32.49104993439032,0,0.0
49,WFAgent0,FEMALE_YOUNG_HIGH_INCOME,20,21.918817503739305,26,21.55769259037129
49,WFAgent1,MALE_YOUNG,177,178.74043068879175,453,95.1299999999993
49,WFAgent2,FEMALE_YOUNG_LOW_INCOME,149,147.4985459854475,401,84.20999999999962
49,WFAgent3,MALE_YOUNG_LOW_INCOME,138,119.44923155353982,0,0.0
49,WFAgent4,FEMALE_YOUNG_HIGH_INCOME,20,18.01783137705232,14,2.94
49,WFAgent5,FEMALE_HIGH_INCOME,50,51.03758741769896,85,17.850000000000037
50,WFAgent6,YOUNG_HIGH_INCOME,59,63.675798655759685,149,31.29000000000009
50,WEAgent0,FEMALE_YOUNG_LOW_INCOME,149,128.07278275907677,0,0.0
50,WFAgent0,FEMALE_YOUNG_LOW_INCOME,149,161.98035141380828,188,161.72042497853496
50,WFAgent1,FEMALE_OLD_HIGH_INCOME,31,34.447348992838336,72,15.120000000000028
50,WFAgent2,FEMALE_YOUNG,168,169.11030353694804,211,44.310000000000144
50,WFAgent3,MALE_YOUNG_HIGH_INCOME,39,39.57992854288243,0,0.0
50,WFAgent4,OLD_HIGH_INCOME,92,79.99347949959792,159,33.3900000000001
50,WFAgent5,FEMALE_YOUNG,168,144.51612444890353,0,0.0
51,WFAgent6,MALE_LOW_INCOME,273,296.950797365174,359,75.38999999999989
51,WEAgent0,FEMALE_OLD_HIGH_INCOME,31,29.114488078456105,84,17.640000000000036
51,WFAgent0,OLD_LOW_INCOME,315,325.8748904379249,422,88.6199999999995
51,WFAgent1,FEMALE_YOUNG_HIGH_INCOME,20,17.04474798297449,0,0.0
51,WFAgent2,FEMALE_YOUNG,168,170.5751721411907,0,0.0
51,WFAgent3,YOUNG_HIGH_INCOME,59,54.88533059120069,161,33.8100000000001
51,WFAgent4,YOUNG_LOW_INCOME,287,316.4678285848193,404,84.8399999999996
51,WFAgent5,MALE_YOUNG,177,153.78449190203054,0,0.0
52,WFAgent6,MALE_OLD_LOW_INCOME,135,117.17898859463999,378,79.37999999999977
52,WEAgent0,MALE_HIGH_INCOME,100,118.03448066030381,82,74.22747037484315
52,WFAgent0,YOUNG_LOW_INCOME,287,312.09973046841213,392,82.31999999999968
52,WFAgent1,YOUNG_HIGH_INCOME,59,62.9627035721145,55,11.550000000000013
52,WFAgent2,MALE_YOUNG_LOW_INCOME,138,135.51251662697433,386,81.05999999999972
52,WFAgent3,OLD_LOW_INCOME,315,316.0733343627434,477,100.16999999999915
52,WFAgent4,MALE_YOUNG_HIGH_INCOME,39,35.30330908071814,0,0.0
52,WFAgent5,FEMALE_OLD_HIGH_INCOME,31,31.23258297673958,68,14.280000000000024
53,WFAgent6,FEMALE_YOUNG_HIGH_INCOME,20,17.94277794497249,0,0.0
53,WEAgent0,FEMALE_YOUNG,168,171.41134524245552,0,0.0
53,WFAgent0,MALE_YOUNG_HIGH_INCOME,39,36.388913372875365,100,21.00000000000005
53,WFAgent1,OLD_LOW_INCOME,315,348.90859797486974,373,78.3299999999998
53,WFAgent2,FEMALE_YOUNG,168,190.50785885395402,436,91.5599999999994
53,WFAgent3,MALE_LOW_INCOME,273,294.7739644261267,385,80.84999999999972
53,WFAgent4,FEMALE_LOW_INCOME,329,357.47652013005865,469,98.4899999999992
53,WFAgent5,MALE_YOUNG_LOW_INCOME,138,122.53914144865263,0,0.0
54,WFAgent6,FEMALE_YOUNG_HIGH_INCOME,20,18.96918764138296,0,0.0
54,WEAgent0,MALE_HIGH_INCOME,100,87.99590257277175,98,20.580000000000048
54,WFAgent0,FEMALE_YOUNG_HIGH_INCOME,20,18.346518443915926,0,0.0
54,WFAgent1,FEMALE_YOUNG_LOW_INCOME,149,169.06619907088762,393,82.52999999999967
54,WFAgent2,FEMALE_YOUNG_HIGH_INCOME,20,20.121570103476135,36,7.56
54,WFAgent3,MALE_OLD_LOW_INCOME,135,133.74912580991034,368,77.27999999999983
54,WFAgent4,YOUNG_HIGH_INCOME,59,51.322506302466074,0,0.0
54,WFAgent5,FEMALE_YOUNG_HIGH_INCOME,20,20.43604141312887,21,19.91764702345211
55,WFAgent6,FEMALE_YOUNG_HIGH_INCOME,20,24.55264596627229,59,12.390000000000017
55,WEAgent0,MALE_OLD_LOW_INCOME,135,148.30486937495576,361,75.80999999999987
55,WFAgent0,FEMALE_YOUNG_LOW_INCOME,149,162.02637368687277,417,87.56999999999952
55,WFAgent1,FEMALE_YOUNG_LOW_INCOME,149,129.65456238238735,0,0.0
55,WFAgent2,YOUNG_LOW_INCOME,287,307.90641486280316,371,77.90999999999981
55,WFAgent3,FEMALE_YOUNG_HIGH_INCOME,20,19.23977075281137,0,0.0
55,WFAgent4,FEMALE_OLD_LOW_INCOME,181,190.777968607735,484,101.6399999999991
55,WFAgent5,FEMALE_OLD_HIGH_INCOME,31,35.69736391045225,71,14.910000000000027
56,WFAgent6,FEMALE_YOUNG_HIGH_INCOME,20,20.1951303567091,52,10.92000000000001
56,WEAgent0,MALE_YOUNG_HIGH_INCOME,39,47.5664077843279,0,0.0
56,WFAgent0,MALE_LOW_INCOME,273,272.31328982430676,372,78.1199999999998
56,WFAgent1,FEMALE_YOUNG,168,165.51523209142488,0,0.0
56,WFAgent2,MALE_OLD_HIGH_INCOME,61,71.05380708352287,171,35.91000000000011
56,WFAgent3,FEMALE_OLD_HIGH_INCOME,31,35.607891225568835,82,17.220000000000034
56,WFAgent4,MALE_YOUNG,177,189.50422630011496,440,92.39999999999938
56,WFAgent5,FEMALE_YOUNG_LOW_INCOME,149,167.62414706480996,399,83.78999999999964
57,WFAgent6,YOUNG_LOW_INCOME,287,267.1511437843607,381,80.00999999999975
57,WEAgent0,FEMALE_OLD,211,195.8697669469281,210,194.94147421258273
57,WFAgent0,MALE_OLD,196,190.06038483525364,359,75.38999999999989
57,WFAgent1,FEMALE_YOUNG,168,185.99441783825793,236,49.560000000000166
57,WFAgent2,FEMALE_YOUNG_HIGH_INCOME,20,18.02968413218522,41,8.610000000000001
57,WFAgent3,FEMALE_OLD,211,228.02231222836383,262,55.02000000000019
57,WFAgent4,YOUNG_HIGH_INCOME,59,58.52541750336804,90,18.90000000000004
57,WFAgent5,FEMALE_YOUNG_LOW_INCOME,149,165.84625507484537,178,165.6895595596391
58,WFAgent6,FEMALE_HIGH_INCOME,50,46.31127077153737,89,18.69000000000004
58,WEAgent0,MALE_OLD_LOW_INCOME,135,129.40711423656418,347,72.86999999999996
58,WFAgent0,MALE_LOW_INCOME,273,241.54340521974,0,0.0
58,WFAgent1,YOUNG_LOW_INCOME,287,283.4225919692443,377,79.16999999999977
58,WFAgent2,FEMALE_OLD_HIGH_INCOME,31,28.663977188710934,0,0.0
58,WFAgent3,FEMALE_OLD,211,201.17587530089193,462,97.01999999999924
58,WFAgent4,OLD_HIGH_INCOME,92,91.10983877061636,172,36.12000000000011
58,WFAgent5,FEMALE_YOUNG,168,166.8505472456183,443,93.02999999999936
59,WFAgent6,FEMALE_OLD,211,188.8918989256213,561,117.80999999999862
59,WEAgent0,FEMALE_LOW_INCOME,329,328.7020618475929,220,186.65880549809
59,WFAgent0,MALE_OLD_LOW_INCOME,135,132.88633299369783,376,78.95999999999978
59,WFAgent1,FEMALE_YOUNG,168,159.90572846367695,0,0.0
59,WFAgent2,FEMALE_YOUNG_HIGH_INCOME,20,21.389344355861496,22,20.940035870243406
59,WFAgent3,MALE_HIGH_INCOME,100,112.7980784644102,111,23.31000000000006
59,WFAgent4,FEMALE_YOUNG,168,171.87790443096938,184,171.2078613689836
59,WFAgent5,OLD_HIGH_INCOME,92,92.55417050745199,164,34.440000000000104
60,WFAgent6,FEMALE_LOW_INCOME,329,327.75590831097253,512,107.51999999999893
60,WEAgent0,FEMALE_YOUNG_HIGH_INCOME,20,22.12792867272453,0,0.0
60,WFAgent0,MALE_YOUNG_LOW_INCOME,138,115.79614434507134,0,0.0
60,WFAgent1,YOUNG_LOW_INCOME,287,295.5208899322397,361,75.80999999999987
60,WFAgent2,FEMALE_YOUNG_HIGH_INCOME,20,21.665539329669723,52,10.92000000000001
60,WFAgent3,YOUNG_LOW_INCOME,287,299.8116993604323,354,74.33999999999992
60,WFAgent4,YOUNG_HIGH_INCOME,59,53.1347195054658,99,20.79000000000005
60,WFAgent5,FEMALE_HIGH_INCOME,50,60.654430331441006,86,18.060000000000038
61,WFAgent6,OLD_HIGH_INCOME,92,87.66558253146762,234,49.140000000000164
61,WEAgent0,FEMALE_YOUNG_HIGH_INCOME,20,20.734822451353466,41,8.610000000000001
61,WFAgent0,YOUNG_LOW_INCOME,287,263.75675101977845,154,32.340000000000096
61,WFAgent1,MALE_YOUNG_LOW_INCOME,138,122.28458827074432,0,0.0
61,WFAgent2,FEMALE_OLD,211,203.0341910492546,0,0.0
61,WFAgent3,FEMALE_YOUNG_LOW_INCOME,149,139.36530733779327,395,82.94999999999966
61,WFAgent4,MALE_YOUNG,177,202.46059746521343,264,202.15808445472166
61,WFAgent5,FEMALE_OLD,211,211.64828310145967,496,104.15999999999903
62,WFAgent6,FEMALE_OLD,211,207.65139077598528,512,107.51999999999893
62,WEAgent0,FEMALE_YOUNG,168,190.71042302501723,221,189.81305914825023
62,WFAgent0,MALE_OLD_HIGH_INCOME,61,58.742562140901605,164,34.440000000000104
62,WFAgent1,FEMALE_HIGH_INCOME,50,58.761602045249596,71,14.910000000000027
62,WFAgent2,FEMALE_YOUNG,168,175.22751379190035,176,36.960000000000115
62,WFAgent3,FEMALE_YOUNG_LOW_INCOME,149,139.20442329843019,0,0.0
62,WFAgent4,MALE_YOUNG,177,215.12642165264606,483,101.42999999999911
62,WFAgent5,MALE_YOUNG_LOW_INCOME,138,121.19728835414566,0,0.0
63,WFAgent6,OLD_HIGH_INCOME,92,84.15351310727534,161,33.8100000000001
63,WEAgent0,FEMALE_OLD,211,226.9817268169855,242,226.56578456800025
63,WFAgent0,MALE_YOUNG_HIGH_INCOME,39,42.952077790029996,105,22.050000000000054
63,WFAgent1,FEMALE_HIGH_INCOME,50,47.75236805039941,47,9.870000000000006
63,WFAgent2,MALE_LOW_INCOME,273,277.73639859412833,373,78.3299999999998
63,WFAgent3,FEMALE_OLD_HIGH_INCOME,31,27.698888830361867,52,10.92000000000001
63,WFAgent4,FEMALE_YOUNG,168,166.39774090824218,393,82.52999999999967
63,WFAgent5,FEMALE_OLD_LOW_INCOME,181,195.39555656178948,257,53.970000000000184
64,WFAgent6,MALE_YOUNG,177,144.27770270803762,0,0.0
64,WEAgent0,OLD_LOW_INCOME,315,310.1910615182626,346,72.65999999999997
64,WFAgent0,OLD_LOW_INCOME,315,267.2429889136581,490,102.89999999999907
64,WFAgent1,MALE_YOUNG_LOW_INCOME,138,129.40511090614072,158,128.7902656941804
64,WFAgent2,YOUNG_LOW_INCOME,287,259.09332066814846,218,45.78000000000015
64,WFAgent3,FEMALE_OLD_HIGH_INCOME,31,33.618409327728784,91,19.110000000000042
64,WFAgent4,YOUNG_HIGH_INCOME,59,49.068376727952376,118,24.780000000000065
64,WFAgent5,FEMALE_YOUNG,168,156.74789236903135,437,91.7699999999994
65,WFAgent6,FEMALE_YOUNG,168,187.38689003713614,436,91.5599999999994
65,WEAgent0,FEMALE_YOUNG_LOW_INCOME,149,158.87312212817056,0,0.0
65,WFAgent0,FEMALE_OLD_LOW_INCOME,181,181.39026537684805,478,100.37999999999914
65,WFAgent1,YOUNG_HIGH_INCOME,59,52.4007143502491,0,0.0
65,WFAgent2,MALE_YOUNG_HIGH_INCOME,39,42.02374778305138,92,19.320000000000043
65,WFAgent3,FEMALE_YOUNG,168,173.4420797516287,0,0.0
65,WFAgent4,MALE_OLD_HIGH_INCOME,61,56.9237481437902,150,31.500000000000092
65,WFAgent5,MALE_YOUNG,177,160.6202591694209,387,81.26999999999971
66,WFAgent6,FEMALE_OLD_LOW_INCOME,181,186.22344961331288,500,104.999999999999
66,WEAgent0,FEMALE_YOUNG_HIGH_INCOME,20,22.640739773214815,0,0.0
66,WFAgent0,FEMALE_YOUNG_LOW_INCOME,149,142.39768176106242,375,78.74999999999979
66,WFAgent1,MALE_YOUNG_HIGH_INCOME,39,33.27736172831015,113,23.73000000000006
66,WFAgent2,FEMALE_HIGH_INCOME,50,51.27513690006853,31,29.19299306314751
66,WFAgent3,FEMALE_HIGH_INCOME,50,55.77396819641062,80,55.23512795265219
66,WFAgent4,OLD_HIGH_INCOME,92,91.48391370702039,164,34.440000000000104
66,WFAgent5,OLD_HIGH_INCOME,92,86.63726973579254,0,0.0
67,WFAgent6,YOUNG_HIGH_INCOME,59,57.94364942584436,110,23.10000000000006
67,WEAgent0,MALE_OLD_LOW_INCOME,135,119.75162342825006,327,68.67000000000009
67,WFAgent0,FEMALE_YOUNG,168,158.44150419167684,417,87.56999999999952
67,WFAgent1,FEMALE_OLD_LOW_INCOME,181,162.8443715391354,0,0.0
67,WFAgent2,FEMALE_HIGH_INCOME,50,51.62473148034284,100,21.00000000000005
67,WFAgent3,FEMALE_OLD_LOW_INCOME,181,170.88551001752026,454,95.33999999999929
67,WFAgent4,FEMALE_HIGH_INCOME,50,47.81314724514994,40,8.4
67,WFAgent5,MALE_YOUNG,177,183.75488371984466,380,79.79999999999976
68,WFAgent6,OLD_LOW_INCOME,315,294.62752695151363,464,97.43999999999923
68,WEAgent0,MALE_OLD_LOW_INCOME,135,139.22719555058234,0,0.0
68,WFAgent0,MALE_OLD_LOW_INCOME,135,141.05880119069704,150,140.2988223578641
68,WFAgent1,FEMALE_YOUNG_LOW_INCOME,149,146.0822437843827,418,87.77999999999952
68,WFAgent2,MALE_YOUNG_LOW_INCOME,138,132.4165990366832,0,0.0
68,WFAgent3,MALE_OLD,196,198.72357854352504,383,80.42999999999974
68,WFAgent4,MALE_LOW_INCOME,273,282.9417218789772,375,78.74999999999979
68,WFAgent5,FEMALE_YOUNG,168,151.21957852270754,53,11.130000000000011
69,WFAgent6,FEMALE_YOUNG,168,162.38809391415916,58,12.180000000000016
69,WEAgent0,FEMALE_LOW_INCOME,329,339.70838146586954,267,163.82382362318955
69,WFAgent0,FEMALE_YOUNG_LOW_INCOME,149,154.07269116617616,149,153.8496925179778
69,WFAgent1,YOUNG_HIGH_INCOME,59,58.888101517990386,0,0.0
69,WFAgent2,MALE_YOUNG,177,194.0124265235083,455,95.54999999999929
69,WFAgent3,OLD_LOW_INCOME,315,352.23142960628,366,76.85999999999984
69,WFAgent4,MALE_YOUNG_LOW_INCOME,138,148.74655371208547,0,0.0
69,WFAgent5,OLD_HIGH_INCOME,92,98.10251491363672,231,48.51000000000016
70,WFAgent6,MALE_YOUNG,177,185.71303568204146,492,103.31999999999906
70,WEAgent0,FEMALE_YOUNG,168,150.86002711108392,404,84.8399999999996
70,WFAgent0,MALE_LOW_INCOME,273,267.15920541795185,0,0.0
70,WFAgent1,OLD_LOW_INCOME,315,290.75368975076805,0,0.0
70,WFAgent2,FEMALE_OLD_HIGH_INCOME,31,29.724661794249737,92,19.320000000000043
70,WFAgent3,FEMALE_OLD_LOW_INCOME,181,191.25076799093495,207,191.06671040764812
70,WFAgent4,OLD_LOW_INCOME,315,330.8236706122139,630,132.29999999999848
70,WFAgent5,YOUNG_HIGH_INCOME,59,53.85140836305992,0,0.0
71,WFAgent6,MALE_OLD_HIGH_INCOME,61,64.00815395476687,102,21.42000000000005
71,WEAgent0,OLD_HIGH_INCOME,92,91.0804421528477,110,90.69560057694386
71,WFAgent0,MALE_LOW_INCOME,273,248.78682926290222,356,74.7599999999999
71,WFAgent1,OLD_LOW_INCOME,315,287.57314422801386,517,108.5699999999989
71,WFAgent2,MALE_OLD,196,175.26194554222982,0,0.0
71,WFAgent3,FEMALE_YOUNG,168,140.00677544032774,413,86.72999999999955
71,WFAgent4,MALE_HIGH_INCOME,100,102.44048262282408,86,18.060000000000038
71,WFAgent5,MALE_OLD_LOW_INCOME,135,128.586138327842,365,76.64999999999985
72,WFAgent6,FEMALE_YOUNG,168,142.680570964246,50,10.500000000000009
72,WEAgent0,MALE_OLD_HIGH_INCOME,61,58.77278214731326,0,0.0
72,WFAgent0,FEMALE_LOW_INCOME,329,376.47657999710054,390,376.2075356059696
72,WFAgent1,OLD_LOW_INCOME,315,262.7485550863643,0,0.0
72,WFAgent2,FEMALE_LOW_INCOME,329,317.3648184983676,0,0.0
72,WFAgent3,MALE_OLD,196,178.0907022737074,553,116.12999999999867
72,WFAgent4,FEMALE_LOW_INCOME,329,354.3686897980365,474,99.53999999999917
72,WFAgent5,FEMALE_OLD_LOW_INCOME,181,171.90062671650443,0,0.0
73,WFAgent6,MALE_YOUNG_LOW_INCOME,138,123.29823321060694,0,0.0
73,WEAgent0,MALE_YOUNG,177,172.0599731139461,462,97.01999999999924
73,WFAgent0,FEMALE_YOUNG_LOW_INCOME,149,137.41973741049583,0,0.0
73,WFAgent1,FEMALE_LOW_INCOME,329,350.4423965398237,474,99.53999999999917
73,WFAgent2,FEMALE_OLD,211,189.0757443634621,101,21.21000000000005
73,WFAgent3,OLD_LOW_INCOME,315,411.28974237662675,361,75.80999999999987
73,WFAgent4,MALE_OLD_LOW_INCOME,135,136.63941891666312,0,0.0
73,WFAgent5,FEMALE_YOUNG_LOW_INCOME,149,140.1460762091746,405,85.0499999999996
74,WFAgent6,FEMALE_OLD_HIGH_INCOME,31,31.759239039014698,73,15.330000000000028
74,WEAgent0,FEMALE_YOUNG_HIGH_INCOME,20,23.625942994698,57,11.970000000000015
74,WFAgent0,MALE_YOUNG,177,175.71857574486455,391,82.10999999999969
74,WFAgent1,FEMALE_OLD_LOW_INCOME,181,193.44918281454258,480,100.79999999999913
74,WFAgent2,FEMALE_OLD_HIGH_INCOME,31,30.350560966495898,0,0.0
74,WFAgent3,FEMALE_OLD_LOW_INCOME,181,190.52784358505818,0,0.0
74,WFAgent4,YOUNG_HIGH_INCOME,59,57.265846842299815,95,19.950000000000045
74,WFAgent5,FEMALE_YOUNG_LOW_INCOME,149,154.48547908914904,383,80.42999999999974
75,WFAgent6,MALE_OLD_HIGH_INCOME,61,64.06617148915453,0,0.0
75,WEAgent0,FEMALE_YOUNG_LOW_INCOME,149,140.43853965631095,378,79.37999999999977
75,WFAgent0,MALE_YOUNG_HIGH_INCOME,39,42.68591917120032,102,21.42000000000005
75,WFAgent1,MALE_OLD,196,209.88086591560395,284,209.3036946775765
75,WFAgent2,MALE_OLD_LOW_INCOME,135,141.99205570010866,164,141.40506971161952
75,WFAgent3,MALE_OLD_LOW_INCOME,135,131.96332708447585,45,9.450000000000005
75,WFAgent4,MALE_YOUNG,177,158.0120891325201,368,77.27999999999983
75,WFAgent5,OLD_LOW_INCOME,315,271.6012009704888,444,93.23999999999936
76,WFAgent6,MALE_HIGH_INCOME,100,91.56207359145344,0,0.0
76,WEAgent0,MALE_YOUNG,177,207.55751078327737,280,207.24914249405919
76,WFAgent0,MALE_YOUNG,177,159.9527019693859,0,0.0
76,WFAgent1,MALE_OLD_HIGH_INCOME,61,59.75355590666802,112,23.52000000000006
76,WFAgent2,MALE_OLD_HIGH_INCOME,61,64.14142601316425,70,64.09345151401749
76,WFAgent3,YOUNG_LOW_INCOME,287,296.2420800091005,118,24.780000000000065
76,WFAgent4,FEMALE_YOUNG,168,153.66102289024283,0,0.0
76,WFAgent5,FEMALE_YOUNG,168,164.17536511050267,454,95.33999999999929
77,WFAgent6,MALE_OLD,196,219.9606318111812,534,112.13999999999879
77,WEAgent0,FEMALE_YOUNG_HIGH_INCOME,20,22.918586530807264,0,0.0
77,WFAgent0,MALE_YOUNG_LOW_INCOME,138,146.4717939217636,403,84.62999999999961
77,WFAgent1,MALE_OLD_HIGH_INCOME,61,62.37781902449703,0,0.0
77,WFAgent2,FEMALE_YOUNG,168,153.05059501233092,445,93.44999999999935
77,WFAgent3,MALE_HIGH_INCOME,100,117.32012572920608,108,22.680000000000057
77,WFAgent4,OLD_LOW_INCOME,315,337.2466067422685,441,92.60999999999937
77,WFAgent5,MALE_YOUNG_HIGH_INCOME,39,40.708689250590915,0,0.0
78,WFAgent6,OLD_HIGH_INCOME,92,95.41451801584593,248,52.080000000000176
78,WEAgent0,FEMALE_OLD_HIGH_INCOME,31,35.23243252088735,0,0.0
78,WFAgent0,MALE_YOUNG_LOW_INCOME,138,152.8944482374772,358,75.1799999999999
78,WFAgent1,FEMALE_LOW_INCOME,329,280.51276170773355,420,88.1999999999995
78,WFAgent2,FEMALE_OLD_LOW_INCOME,181,181.5717510625816,465,97.64999999999922
78,WFAgent3,FEMALE_YOUNG_HIGH_INCOME,20,19.3550919070574,45,9.450000000000005
78,WFAgent4,MALE_HIGH_INCOME,100,109.01554608010352,100,21.00000000000005
78,WFAgent5,YOUNG_HIGH_INCOME,59,60.18048510135735,0,0.0
79,WFAgent6,OLD_HIGH_INCOME,92,94.74773603780226,127,94.3773903436494
79,WEAgent0,FEMALE_OLD_LOW_INCOME,181,170.7843800180914,129,27.090000000000074
79,WFAgent0,MALE_YOUNG,177,155.31696220298895,0,0.0
79,WFAgent1,OLD_LOW_INCOME,315,308.45797485428113,326,307.60059605468547
79,WFAgent2,MALE_YOUNG_LOW_INCOME,138,149.33920290842926,363,76.22999999999986
79,WFAgent3,MALE_OLD,196,188.6116500817254,0,0.0
79,WFAgent4,MALE_YOUNG_HIGH_INCOME,39,34.87858363886646,115,24.150000000000063
79,WFAgent5,MALE_OLD,196,201.0388003869947,457,95.96999999999927
80,WFAgent6,MALE_HIGH_INCOME,100,123.12413362683458,153,32.130000000000095
80,WEAgent0,MALE_YOUNG,177,159.27724116963705,157,135.76084143658707
80,WFAgent0,MALE_OLD_LOW_INCOME,135,127.92307037016508,0,0.0
80,WFAgent1,FEMALE_YOUNG_LOW_INCOME,149,140.83628279275655,407,85.46999999999959
80,WFAgent2,FEMALE_OLD_HIGH_INCOME,31,29.40263510909012,86,18.060000000000038
80,WFAgent3,MALE_YOUNG,177,184.7149986962999,205,184.47364090268755
80,WFAgent4,MALE_OLD_LOW_INCOME,135,135.25682891284845,364,76.43999999999986
80,WFAgent5,MALE_YOUNG_HIGH_INCOME,39,43.494898510280294,98,20.580000000000048
81,WFAgent6,MALE_LOW_INCOME,273,278.00483893079394,388,81.4799999999997
81,WEAgent0,MALE_OLD_LOW_INCOME,135,125.19076973904225,0,0.0
81,WFAgent0,MALE_HIGH_INCOME,100,104.86424675628292,163,34.2300000000001
81,WFAgent1,FEMALE_YOUNG,168,163.03155906470127,0,0.0
81,WFAgent2,FEMALE_OLD_HIGH_INCOME,31,31.162621931741075,86,18.060000000000038
81,WFAgent3,YOUNG_HIGH_INCOME,59,65.39122852246385,155,32.5500000000001
81,WFAgent4,FEMALE_OLD,211,208.653494179856,478,100.37999999999914
81,WFAgent5,FEMALE_YOUNG_LOW_INCOME,149,166.67738190553246,393,82.52999999999967
82,WFAgent6,MALE_OLD_HIGH_INCOME,61,68.93436550005856,76,68.60200251687341
82,WEAgent0,MALE_HIGH_INCOME,100,90.26579278535985,91,82.14187143467736
82,WFAgent0,FEMALE_HIGH_INCOME,50,40.94171202839483,83,17.430000000000035
82,WFAgent1,FEMALE_OLD_LOW_INCOME,181,191.75782756573824,492,103.31999999999906
82,WFAgent2,MALE_YOUNG,177,184.34527363602396,367,77.06999999999984
82,WFAgent3,MALE_OLD_HIGH_INCOME,61,62.12930131240218,0,0.0
82,WFAgent4,YOUNG_HIGH_INCOME,59,64.35019062016984,151,31.710000000000093
82,WFAgent5,FEMALE_YOUNG,168,193.62290167324204,382,80.21999999999974
83,WFAgent6,FEMALE_YOUNG,168,186.860135502146,385,80.84999999999972
83,WEAgent0,MALE_YOUNG_HIGH_INCOME,39,36.907808803836275,0,0.0
83,WFAgent0,YOUNG_HIGH_INCOME,59,56.323085103571835,137,28.77000000000008
83,WFAgent1,MALE_OLD_LOW_INCOME,135,117.00168900900839,0,0.0
83,WFAgent2,FEMALE_HIGH_INCOME,50,58.427920176122726,77,16.17000000000003
83,WFAgent3,FEMALE_OLD_HIGH_INCOME,31,29.954919826856074,0,0.0
83,WFAgent4,MALE_LOW_INCOME,273,258.02529953970924,388,81.4799999999997
83,WFAgent5,MALE_YOUNG,177,179.54917067993654,364,76.43999999999986
84,WFAgent6,MALE_YOUNG,177,166.72163101474342,371,77.90999999999981
84,WEAgent0,FEMALE_YOUNG_HIGH_INCOME,20,20.364650982939803,0,0.0
84,WFAgent0,FEMALE_OLD,211,237.36443647788283,490,102.89999999999907
84,WFAgent1,MALE_YOUNG_HIGH_INCOME,39,44.35798785907833,98,20.580000000000048
84,WFAgent2,FEMALE_HIGH_INCOME,50,42.21988497506615,0,0.0
84,WFAgent3,FEMALE_YOUNG_HIGH_INCOME,20,22.519324897508533,45,9.450000000000005
84,WFAgent4,FEMALE_HIGH_INCOME,50,52.18970312975666,74,15.54000000000003
84,WFAgent5,FEMALE_YOUNG_LOW_INCOME,149,158.10556422066807,386,81.05999999999972
85,WFAgent6,YOUNG_LOW_INCOME,287,308.350370045302,381,80.00999999999975
85,WEAgent0,OLD_LOW_INCOME,315,302.55560825221636,307,267.1033785018982
85,WFAgent0,MALE_OLD,196,198.57419935438386,259,197.7343529402322
85,WFAgent1,OLD_LOW_INCOME,315,313.0680696989286,226,217.07164274603363
85,WFAgent2,MALE_OLD_LOW_INCOME,135,132.52223331538417,137,131.58767723985295
85,WFAgent3,MALE_YOUNG,177,168.70915557524884,384,80.63999999999973
85,WFAgent4,FEMALE_HIGH_INCOME,50,51.72058972340574,38,7.9799999999999995
85,WFAgent5,FEMALE_OLD_HIGH_INCOME,31,32.41006471692847,92,19.320000000000043
86,WFAgent6,MALE_HIGH_INCOME,100,97.8322167992793,0,0.0
86,WEAgent0,MALE_OLD,196,193.49189951136287,470,98.69999999999919
86,WFAgent0,MALE_OLD_HIGH_INCOME,61,62.43611582551628,63,62.19382484293812
86,WFAgent1,FEMALE_HIGH_INCOME,50,50.5119186816658,0,0.0
86,WFAgent2,FEMALE_YOUNG_HIGH_INCOME,20,20.303396712104835,0,0.0
86,WFAgent3,FEMALE_HIGH_INCOME,50,56.487666180504945,53,53.54263380256572
86,WFAgent4,FEMALE_LOW_INCOME,329,330.69502849197187,473,99.32999999999917
86,WFAgent5,FEMALE_HIGH_INCOME,50,51.75858415628642,86,18.060000000000038
87,WFAgent6,FEMALE_HIGH_INCOME,50,52.352317936799224,96,20.160000000000046
87,WEAgent0,MALE_YOUNG_HIGH_INCOME,39,33.8818208898199,0,0.0
87,WFAgent0,MALE_YOUNG_LOW_INCOME,138,132.4941830913341,359,75.38999999999989
87,WFAgent1,MALE_HIGH_INCOME,100,115.90311191028799,97,20.370000000000047
87,WFAgent2,FEMALE_OLD,211,174.86149988252896,484,101.6399999999991
87,WFAgent3,FEMALE_YOUNG_HIGH_INCOME,20,20.584733712649673,47,9.870000000000006
87,WFAgent4,MALE_YOUNG_HIGH_INCOME,39,29.56523056037144,0,0.0
87,WFAgent5,MALE_OLD_HIGH_INCOME,61,60.8235545488465,158,33.1800000000001
88,WFAgent6,FEMALE_YOUNG,168,188.26875542359753,374,78.5399999999998
88,WEAgent0,MALE_OLD_LOW_INCOME,135,98.78508791494042,0,0.0
88,WFAgent0,FEMALE_OLD_HIGH_INCOME,31,25.811164629172065,0,0.0
88,WFAgent1,MALE_LOW_INCOME,273,296.2030896533058,364,76.43999999999986
88,WFAgent2,MALE_OLD,196,203.02573842151475,362,76.01999999999987
88,WFAgent3,FEMALE_OLD_HIGH_INCOME,31,32.363200778513054,86,18.060000000000038
88,WFAgent4,YOUNG_HIGH_INCOME,59,65.93102547959231,155,32.5500000000001
88,WFAgent5,OLD_HIGH_INCOME,92,99.96762383976098,160,33.6000000000001
89,WFAgent6,MALE_OLD_LOW_INCOME,135,124.95634841666208,0,0.0
89,WEAgent0,OLD_LOW_INCOME,315,338.0146788252372,320,337.7988975905269
89,WFAgent0,MALE_OLD_HIGH_INCOME,61,54.7536140201913,0,0.0
89,WFAgent1,OLD_LOW_INCOME,315,348.69770118917387,361,182.82974658517477
89,WFAgent2,MALE_YOUNG_LOW_INCOME,138,122.4357488456663,0,0.0
89,WFAgent3,MALE_LOW_INCOME,273,285.172388900317,344,72.23999999999998
89,WFAgent4,MALE_OLD,196,208.66846700286692,326,68.4600000000001
89,WFAgent5,MALE_HIGH_INCOME,100,96.73771061977527,121,25.410000000000068
90,WFAgent6,FEMALE_OLD,211,180.1644634590395,573,120.32999999999855
90,WEAgent0,FEMALE_HIGH_INCOME,50,47.01852605721498,56,11.760000000000014
90,WFAgent0,MALE_LOW_INCOME,273,296.30496693335886,356,74.7599999999999
90,WFAgent1,MALE_OLD_HIGH_INCOME,61,62.2638669877731,165,34.650000000000105
90,WFAgent2,OLD_LOW_INCOME,315,256.39563838881173,0,0.0
90,WFAgent3,MALE_LOW_INCOME,273,287.3773833263044,337,70.77000000000002
90,WFAgent4,MALE_OLD_LOW_INCOME,135,134.2410555246222,0,0.0
90,WFAgent5,MALE_HIGH_INCOME,100,110.59479631616978,108,22.680000000000057
91,WFAgent6,MALE_HIGH_INCOME,100,101.51311614586623,104,21.840000000000053
91,WEAgent0,FEMALE_OLD,211,203.7983550005905,568,119.27999999999858
91,WFAgent0,FEMALE_LOW_INCOME,329,276.7873205033287,0,0.0
91,WFAgent1,FEMALE_YOUNG_HIGH_INCOME,20,19.894667301172326,0,0.0
91,WFAgent2,MALE_YOUNG_LOW_INCOME,138,117.7673372349916,372,78.1199999999998
91,WFAgent3,MALE_OLD,196,179.00156097595516,0,0.0
91,WFAgent4,MALE_OLD_LOW_INCOME,135,152.63773070020045,335,70.35000000000004
91,WFAgent5,FEMALE_YOUNG_HIGH_INCOME,20,21.192004464265583,61,12.810000000000018
92,WFAgent6,MALE_YOUNG,177,219.79364556142394,460,96.59999999999926
92,WEAgent0,FEMALE_YOUNG,168,174.15207500282844,0,0.0
92,WFAgent0,FEMALE_LOW_INCOME,329,353.32980137275456,380,79.79999999999976
92,WFAgent1,FEMALE_HIGH_INCOME,50,51.197710710633835,49,10.290000000000008
92,WFAgent2,MALE_YOUNG_HIGH_INCOME,39,34.93952365737007,0,0.0
92,WFAgent3,FEMALE_YOUNG,168,161.62458541778074,0,0.0
92,WFAgent4,MALE_LOW_INCOME,273,310.52202740903806,381,80.00999999999975
92,WFAgent5,FEMALE_OLD,211,218.86724419504625,487,102.26999999999909
93,WFAgent6,OLD_HIGH_INCOME,92,105.82912718684929,100,105.10197646896174
93,WEAgent0,FEMALE_OLD,211,224.6148973340414,497,104.36999999999902
93,WFAgent0,MALE_HIGH_INCOME,100,105.10197646896201,115,24.150000000000063
93,WFAgent1,FEMALE_YOUNG_HIGH_INCOME,20,18.77592799152072,0,0.0
93,WFAgent2,MALE_OLD_HIGH_INCOME,61,64.10043682815189,0,0.0
93,WFAgent3,FEMALE_YOUNG,168,158.81569248281474,0,0.0
93,WFAgent4,OLD_HIGH_INCOME,92,98.64304010019973,80,16.800000000000033
93,WFAgent5,FEMALE_YOUNG,168,211.0857973543433,479,100.58999999999914
94,WFAgent6,FEMALE_YOUNG,168,154.3811382617314,210,153.99320163315093
94,WEAgent0,FEMALE_LOW_INCOME,329,241.25601589193565,248,170.3460169956769
94,WFAgent0,YOUNG_HIGH_INCOME,59,55.19998718567854,100,21.00000000000005
94,WFAgent1,MALE_HIGH_INCOME,100,95.1274028038507,163,34.2300000000001
94,WFAgent2,MALE_YOUNG_LOW_INCOME,138,136.50168969142402,328,68.88000000000008
94,WFAgent3,YOUNG_HIGH_INCOME,59,51.64770480295238,0,0.0
94,WFAgent4,FEMALE_YOUNG_HIGH_INCOME,20,17.926575120118024,52,10.92000000000001
94,WFAgent5,MALE_YOUNG_LOW_INCOME,138,131.9824127831791,0,0.0
95,WFAgent6,YOUNG_LOW_INCOME,287,291.35576654533196,24,5.04
95,WEAgent0,FEMALE_LOW_INCOME,329,340.68947825562213,382,339.97871547746877
95,WFAgent0,MALE_OLD,196,186.20394063636945,367,77.06999999999984
95,WFAgent1,MALE_OLD_LOW_INCOME,135,101.80103094021456,0,0.0
95,WFAgent2,OLD_HIGH_INCOME,92,80.56762126746652,232,48.72000000000016
95,WFAgent3,YOUNG_HIGH_INCOME,59,66.81874143288903,92,19.320000000000043
95,WFAgent4,FEMALE_HIGH_INCOME,50,54.53910676970701,40,8.4
95,WFAgent5,YOUNG_LOW_INCOME,287,255.42903492678983,346,72.65999999999997
96,WFAgent6,MALE_YOUNG,177,156.98472416635238,0,0.0
96,WEAgent0,MALE_OLD,196,222.06019722504124,0,0.0
96,WFAgent0,MALE_YOUNG_HIGH_INCOME,39,42.4242119425359,125,26.25000000000007
96,WFAgent1,FEMALE_OLD_LOW_INCOME,181,174.06622259473554,466,97.85999999999922
96,WFAgent2,MALE_LOW_INCOME,273,294.42146305355664,343,72.02999999999999
96,WFAgent3,OLD_LOW_INCOME,315,330.9458478215985,339,71.19000000000001
96,WFAgent4,MALE_LOW_INCOME,273,260.83835401089397,0,0.0
96,WFAgent5,MALE_YOUNG_HIGH_INCOME,39,35.653390178154666,0,0.0
97,WFAgent6,YOUNG_HIGH_INCOME,59,60.86816001237912,159,33.3900000000001
97,WEAgent0,FEMALE_OLD_LOW_INCOME,181,185.4859250770291,180,184.46114096058173
97,WFAgent0,FEMALE_LOW_INCOME,329,333.92936440988586,442,92.81999999999937
97,WFAgent1,OLD_LOW_INCOME,315,339.9421011787549,370,77.69999999999982
97,WFAgent2,MALE_OLD_HIGH_INCOME,61,51.03374323511963,0,0.0
97,WFAgent3,FEMALE_OLD,211,217.65487696628537,287,217.5233344744018
97,WFAgent4,MALE_YOUNG_LOW_INCOME,138,129.58607634236364,395,82.94999999999966
97,WFAgent5,MALE_HIGH_INCOME,100,113.99865026902148,161,33.8100000000001
98,WFAgent6,MALE_YOUNG_LOW_INCOME,138,148.2735245753014,355,74.54999999999991
98,WEAgent0,FEMALE_YOUNG_LOW_INCOME,149,133.25156953840354,401,84.20999999999962
98,WFAgent0,FEMALE_OLD_LOW_INCOME,181,185.14895913917138,490,102.89999999999907
98,WFAgent1,MALE_YOUNG_LOW_INCOME,138,107.09639043882702,0,0.0
98,WFAgent2,OLD_HIGH_INCOME,92,90.46733989424524,94,19.740000000000045
98,WFAgent3,MALE_OLD,196,177.81069838630737,360,75.59999999999988
98,WFAgent4,MALE_OLD_HIGH_INCOME,61,63.83043912279215,70,63.50382085225259
98,WFAgent5,FEMALE_OLD,211,199.41516915635356,0,0.0
99,WFAgent6,FEMALE_OLD_HIGH_INCOME,31,25.97455401230539,0,0.0
99,WEAgent0,MALE_HIGH_INCOME,100,98.74679487915846,87,61.808205132328744
99,WFAgent0,OLD_HIGH_INCOME,92,85.28095092356385,99,82.95099507155592
99,WFAgent1,FEMALE_OLD_HIGH_INCOME,31,26.414738126416836,0,0.0
99,WFAgent2,YOUNG_HIGH_INCOME,59,53.216876470277136,0,0.0
99,WFAgent3,MALE_OLD_HIGH_INCOME,61,72.70562876877995,73,72.08516026178569
99,WFAgent4,MALE_YOUNG,177,186.3052362588973,365,76.64999999999985
99,WFAgent5,MALE_YOUNG_HIGH_INCOME,39,44.31023821463943,108,22.680000000000057

