0,WFAgent6,YOUNG_LOW_INCOME,24,22.47928585886887,26,22.36000000000001
0,WEAgent0,YOUNG_LOW_INCOME,24,26.69794653610917,31,26.660000000000007
0,WFAgent0,MALE_OLD_LOW_INCOME,12,11.035434294648581,12,10.320000000000007
0,WFAgent1,MALE_YOUNG_HIGH_INCOME,4,3.9069892316897703,4,3.440000000000002
0,WFAgent2,MALE_YOUNG_HIGH_INCOME,4,4.345739755986417,5,4.3000000000000025
0,WFAgent3,MALE_LOW_INCOME,23,24.70591312587236,27,24.349413307941777
0,WFAgent4,FEMALE_LOW_INCOME,28,25.251243430458153,29,24.94000000000001
0,WFAgent5,MALE_OLD_LOW_INCOME,12,11.277767258339487,13,11.180000000000009
1,WFAgent6,MALE_LOW_INCOME,23,24.46778474468131,28,24.08000000000001
1,WEAgent0,OLD_HIGH_INCOME,8,7.503648633840865,8,6.8800000000000034
1,WFAgent0,MALE_YOUNG,15,12.864500117422129,0,0.0
1,WFAgent1,YOUNG_LOW_INCOME,24,23.4829241710939,27,23.22000000000001
1,WFAgent2,FEMALE_YOUNG,14,13.359679292176256,15,12.900000000000011
1,WFAgent3,MALE_YOUNG_HIGH_INCOME,4,3.7523110767346717,4,3.440000000000002
1,WFAgent4,MALE_OLD_HIGH_INCOME,6,6.590021926062699,7,6.020000000000003
1,WFAgent5,MALE_OLD,17,19.05605904989011,22,18.920000000000012
2,WFAgent6,MALE_OLD,17,18.35582455411534,21,18.060000000000013
2,WEAgent0,YOUNG_HIGH_INCOME,5,4.970026256868823,5,4.3000000000000025
2,WFAgent0,YOUNG_HIGH_INCOME,5,6.162549267909293,6,5.512197507312191
2,WFAgent1,FEMALE_YOUNG_HIGH_INCOME,2,1.6370140193531055,0,0.0
2,WFAgent2,MALE_HIGH_INCOME,9,8.268296260968286,9,7.740000000000004
2,WFAgent3,FEMALE_YOUNG,14,14.64390466839586,17,14.620000000000013
2,WFAgent4,MALE_YOUNG,15,15.809511944312202,18,15.480000000000015
2,WFAgent5,FEMALE_OLD_LOW_INCOME,16,14.19735111307527,16,13.760000000000012
3,WFAgent6,MALE_YOUNG_HIGH_INCOME,4,3.902448212518368,4,3.440000000000002
3,WEAgent0,FEMALE_OLD_HIGH_INCOME,3,3.4811085930311894,4,3.440000000000002
3,WFAgent0,MALE_OLD_LOW_INCOME,12,13.849980806704332,16,13.760000000000012
3,WFAgent1,MALE_LOW_INCOME,23,26.670846544016964,31,26.660000000000007
3,WFAgent2,FEMALE_YOUNG,14,14.640941175665121,17,14.620000000000013
3,WFAgent3,MALE_OLD,17,12.40956672658,0,0.0
3,WFAgent4,FEMALE_OLD_HIGH_INCOME,3,3.00515258621624,3,2.580000000000002
3,WFAgent5,OLD_LOW_INCOME,27,27.709968625742487,32,27.520000000000007
4,WFAgent6,FEMALE_OLD_LOW_INCOME,16,15.036345707302804,17,14.620000000000013
4,WEAgent0,MALE_LOW_INCOME,23,20.830282673045623,24,20.64000000000001
4,WFAgent0,FEMALE_YOUNG_HIGH_INCOME,2,1.7256809353364129,2,1.720000000000001
4,WFAgent1,FEMALE_OLD_HIGH_INCOME,3,3.4289516700641585,3,2.833723004682033
4,WFAgent2,MALE_YOUNG_LOW_INCOME,12,12.261411658827818,14,12.04000000000001
4,WFAgent3,FEMALE_OLD_HIGH_INCOME,3,2.9867793793641515,3,2.7832422478716508
4,WFAgent4,FEMALE_OLD_HIGH_INCOME,3,2.7832422478716508,3,2.580000000000002
4,WFAgent5,FEMALE_OLD,18,17.002338028092197,19,16.340000000000014
5,WFAgent6,MALE_LOW_INCOME,23,20.872206142914372,24,20.64000000000001
5,WEAgent0,FEMALE_OLD,18,20.84122922096704,24,20.64000000000001
5,WFAgent0,FEMALE_LOW_INCOME,28,26.36863240939841,30,25.800000000000008
5,WFAgent1,FEMALE_YOUNG,14,13.852434701327148,16,13.760000000000012
5,WFAgent2,FEMALE_YOUNG_HIGH_INCOME,2,1.708789564500596,0,0.0
5,WFAgent3,FEMALE_OLD_HIGH_INCOME,3,3.2792381149596754,3,2.580000000000002
5,WFAgent4,MALE_YOUNG_LOW_INCOME,12,12.452913368313085,14,12.04000000000001
5,WFAgent5,MALE_OLD_LOW_INCOME,12,13.50720395173526,15,12.900000000000011
6,WFAgent6,MALE_OLD_LOW_INCOME,12,12.29719273845017,14,12.04000000000001
6,WEAgent0,FEMALE_OLD_HIGH_INCOME,3,3.576074179979912,4,3.440000000000002
6,WFAgent0,FEMALE_YOUNG_HIGH_INCOME,2,2.25978746844492,2,1.720000000000001
6,WFAgent1,MALE_YOUNG_HIGH_INCOME,4,3.57200708612402,4,3.440000000000002
6,WFAgent2,MALE_YOUNG_LOW_INCOME,12,12.869996177248247,14,12.04000000000001
6,WFAgent3,FEMALE_OLD_HIGH_INCOME,3,3.366503337898627,3,2.580000000000002
6,WFAgent4,MALE_OLD_LOW_INCOME,12,12.066838890984327,14,12.04000000000001
6,WFAgent5,MALE_YOUNG,15,13.434067701741213,15,12.900000000000011
7,WFAgent6,FEMALE_OLD_HIGH_INCOME,3,2.9921961961016716,3,2.7658816729569673
7,WEAgent0,FEMALE_OLD_HIGH_INCOME,3,2.7658816729569673,3,2.580000000000002
7,WFAgent0,FEMALE_YOUNG_HIGH_INCOME,2,2.044754271945559,2,1.720000000000001
7,WFAgent1,MALE_YOUNG,15,13.862604004131308,16,13.760000000000012
7,WFAgent2,MALE_HIGH_INCOME,9,8.344434367396289,9,7.740000000000004
7,WFAgent3,YOUNG_LOW_INCOME,24,21.526857864400668,25,21.50000000000001
7,WFAgent4,FEMALE_YOUNG,14,15.08098104107906,17,14.620000000000013
7,WFAgent5,FEMALE_OLD,18,17.061940281365395,19,16.340000000000014
8,WFAgent6,OLD_HIGH_INCOME,8,7.0821830330121776,8,6.8800000000000034
8,WEAgent0,FEMALE_YOUNG,14,16.88535634894187,19,16.340000000000014
8,WFAgent0,FEMALE_OLD_HIGH_INCOME,3,3.310277095413445,3,2.580000000000002
8,WFAgent1,MALE_LOW_INCOME,23,23.36884614381417,27,23.22000000000001
8,WFAgent2,FEMALE_YOUNG_LOW_INCOME,13,13.548427634885696,15,12.900000000000011
8,WFAgent3,OLD_HIGH_INCOME,8,10.074699150343337,11,9.460000000000006
8,WFAgent4,FEMALE_OLD_HIGH_INCOME,3,3.3943381350816084,3,2.6558186373795665
8,WFAgent5,MALE_OLD_LOW_INCOME,12,9.754314302271219,0,0.0
9,WFAgent6,MALE_OLD_HIGH_INCOME,6,5.28263507894392,6,5.160000000000003
9,WEAgent0,MALE_YOUNG,15,13.239456797158391,15,12.900000000000011
9,WFAgent0,FEMALE_YOUNG,14,13.947086428110808,16,13.760000000000012
9,WFAgent1,FEMALE_OLD_LOW_INCOME,16,16.690794107436254,19,16.340000000000014
9,WFAgent2,FEMALE_OLD_HIGH_INCOME,3,2.928047005845823,3,2.580000000000002
9,WFAgent3,FEMALE_OLD,18,19.08764962115768,22,18.920000000000012
9,WFAgent4,FEMALE_YOUNG_LOW_INCOME,13,11.861274396479633,13,11.180000000000009
9,WFAgent5,MALE_OLD,17,18.595059891100277,21,18.060000000000013
10,WFAgent6,FEMALE_YOUNG,14,14.89136101293257,17,14.620000000000013
10,WEAgent0,FEMALE_LOW_INCOME,28,30.117477812177285,32,29.80937357775121
10,WFAgent0,FEMALE_OLD_LOW_INCOME,16,15.048698761159157,17,14.620000000000013
10,WFAgent1,FEMALE_OLD,18,16.61844801602904,19,16.340000000000014
10,WFAgent2,FEMALE_YOUNG_LOW_INCOME,13,13.254134291597575,15,12.900000000000011
10,WFAgent3,FEMALE_OLD_HIGH_INCOME,3,2.983801189754391,3,2.580000000000002
10,WFAgent4,FEMALE_OLD_HIGH_INCOME,3,3.074881754943905,3,2.7697413360048397
10,WFAgent5,FEMALE_YOUNG,14,13.041600940266148,15,12.900000000000011
11,WFAgent6,FEMALE_OLD_LOW_INCOME,16,16.189935362210036,18,15.480000000000015
11,WEAgent0,YOUNG_HIGH_INCOME,5,5.215078708965056,6,5.160000000000003
11,WFAgent0,FEMALE_HIGH_INCOME,5,4.863675520683764,5,4.3000000000000025
11,WFAgent1,FEMALE_HIGH_INCOME,5,4.62420635332662,5,4.3000000000000025
11,WFAgent2,MALE_YOUNG_HIGH_INCOME,4,3.7089018020104607,4,3.440000000000002
11,WFAgent3,MALE_YOUNG_HIGH_INCOME,4,3.853465018940353,4,3.440000000000002
11,WFAgent4,MALE_YOUNG,15,12.15264572742737,0,0.0
11,WFAgent5,MALE_YOUNG_LOW_INCOME,12,10.795680030873424,12,10.320000000000007
12,WFAgent6,MALE_OLD_HIGH_INCOME,6,5.935424880097193,6,5.160000000000003
12,WEAgent0,OLD_LOW_INCOME,27,29.026155918427367,33,28.380000000000006
12,WFAgent0,OLD_HIGH_INCOME,8,8.637426517416836,10,8.600000000000005
12,WFAgent1,FEMALE_LOW_INCOME,28,28.697912623786035,33,28.380000000000006
12,WFAgent2,FEMALE_YOUNG,14,15.537866215672292,18,15.480000000000015
12,WFAgent3,MALE_OLD_LOW_INCOME,12,12.748024919260384,14,12.04000000000001
12,WFAgent4,MALE_YOUNG_HIGH_INCOME,4,5.1523002174536625,5,4.3000000000000025
12,WFAgent5,MALE_OLD_LOW_INCOME,12,13.38209774757924,12,12.748024919260383
13,WFAgent6,FEMALE_HIGH_INCOME,5,4.716488964966028,5,4.3000000000000025
13,WEAgent0,YOUNG_HIGH_INCOME,5,5.063556363947993,5,4.3000000000000025
13,WFAgent0,FEMALE_OLD_HIGH_INCOME,3,3.7956870123088953,4,3.440000000000002
13,WFAgent1,FEMALE_LOW_INCOME,28,29.983947167060403,34,29.240000000000006
13,WFAgent2,MALE_YOUNG_HIGH_INCOME,4,3.7311498878463567,4,3.440000000000002
13,WFAgent3,MALE_OLD_HIGH_INCOME,6,5.885858939070611,6,5.160000000000003
13,WFAgent4,MALE_OLD_HIGH_INCOME,6,5.328917340193222,6,5.160000000000003
13,WFAgent5,MALE_OLD_LOW_INCOME,12,11.431411903649852,13,11.180000000000009
14,WFAgent6,MALE_YOUNG_HIGH_INCOME,4,4.243571903912807,4,3.440000000000002
14,WEAgent0,OLD_LOW_INCOME,27,25.613367430003297,29,24.94000000000001
14,WFAgent0,MALE_OLD,17,16.44008985182689,19,16.340000000000014
14,WFAgent1,YOUNG_LOW_INCOME,24,24.570420344371936,28,24.08000000000001
14,WFAgent2,FEMALE_OLD_HIGH_INCOME,3,2.945584725877777,3,2.580000000000002
14,WFAgent3,FEMALE_YOUNG_LOW_INCOME,13,13.493311052231727,15,12.900000000000011
14,WFAgent4,FEMALE_YOUNG,14,13.263519600446788,15,12.900000000000011
14,WFAgent5,MALE_HIGH_INCOME,9,10.37359485843407,12,10.320000000000007
15,WFAgent6,YOUNG_LOW_INCOME,24,25.710665623949374,29,24.94000000000001
15,WEAgent0,OLD_LOW_INCOME,27,24.28688835622266,28,24.08000000000001
15,WFAgent0,FEMALE_YOUNG,14,15.386127638372203,17,14.620000000000013
15,WFAgent1,FEMALE_YOUNG_HIGH_INCOME,2,2.5664871055576866,2,1.720000000000001
15,WFAgent2,MALE_YOUNG,15,15.58557980992887,18,15.480000000000015
15,WFAgent3,FEMALE_OLD,18,19.069207429595263,22,18.920000000000012
15,WFAgent4,MALE_LOW_INCOME,23,23.44436394274984,27,23.22000000000001
15,WFAgent5,MALE_YOUNG_LOW_INCOME,12,13.45966999251915,15,12.900000000000011
16,WFAgent6,FEMALE_LOW_INCOME,28,28.836445784641374,33,28.380000000000006
16,WEAgent0,MALE_YOUNG_LOW_INCOME,12,11.160551203848554,12,10.320000000000007
16,WFAgent0,FEMALE_YOUNG,14,13.66259138861102,15,12.900000000000011
16,WFAgent1,OLD_HIGH_INCOME,8,9.255290986498652,10,8.600000000000005
16,WFAgent2,MALE_YOUNG_HIGH_INCOME,4,4.065532762764891,4,3.440000000000002
16,WFAgent3,FEMALE_HIGH_INCOME,5,4.465431711481083,5,4.3000000000000025
16,WFAgent4,MALE_LOW_INCOME,23,23.86374887119352,27,23.22000000000001
16,WFAgent5,MALE_LOW_INCOME,23,26.25102255389256,30,25.800000000000008
17,WFAgent6,MALE_LOW_INCOME,23,18.740209751690845,0,0.0
17,WEAgent0,OLD_LOW_INCOME,27,22.460747233682486,0,0.0
17,WFAgent0,OLD_HIGH_INCOME,8,8.344000311374876,9,7.740000000000004
17,WFAgent1,OLD_LOW_INCOME,27,25.663764213185633,29,24.94000000000001
17,WFAgent2,FEMALE_HIGH_INCOME,5,5.249824501659696,6,5.160000000000003
17,WFAgent3,MALE_OLD_LOW_INCOME,12,11.368483516475639,13,11.180000000000009
17,WFAgent4,MALE_YOUNG_LOW_INCOME,12,12.749117371176935,14,12.04000000000001
17,WFAgent5,OLD_HIGH_INCOME,8,7.940683298835359,9,7.740000000000004
18,WFAgent6,MALE_YOUNG_HIGH_INCOME,4,3.395580497540733,0,0.0
18,WEAgent0,FEMALE_LOW_INCOME,28,29.15054990959969,33,28.380000000000006
18,WFAgent0,MALE_HIGH_INCOME,9,7.7127449101939325,0,0.0
18,WFAgent1,MALE_YOUNG_LOW_INCOME,12,13.900556218293323,16,13.760000000000012
18,WFAgent2,MALE_YOUNG,15,15.161247767367376,17,14.620000000000013
18,WFAgent3,MALE_YOUNG_LOW_INCOME,12,9.99248438357702,0,0.0
18,WFAgent4,FEMALE_YOUNG_HIGH_INCOME,2,1.8985382234650043,2,1.720000000000001
18,WFAgent5,FEMALE_HIGH_INCOME,5,4.116979693015231,0,0.0
19,WFAgent6,FEMALE_YOUNG_LOW_INCOME,13,13.764335202911694,16,13.760000000000012
19,WEAgent0,FEMALE_HIGH_INCOME,5,5.4639000071173305,6,5.160000000000003
19,WFAgent0,FEMALE_OLD_HIGH_INCOME,3,3.135695295599179,3,2.580000000000002
19,WFAgent1,OLD_LOW_INCOME,27,19.52109391069797,0,0.0
19,WFAgent2,MALE_HIGH_INCOME,9,8.643410277126453,10,8.600000000000005
19,WFAgent3,MALE_YOUNG_LOW_INCOME,12,11.234919432909635,13,11.180000000000009
19,WFAgent4,MALE_YOUNG_HIGH_INCOME,4,3.6450952321672188,4,3.440000000000002
19,WFAgent5,FEMALE_OLD,18,18.42957305053911,21,18.060000000000013
20,WFAgent6,MALE_OLD,17,17.94702742477348,20,17.200000000000014
20,WEAgent0,FEMALE_OLD_HIGH_INCOME,3,2.840795071622222,3,2.580000000000002
20,WFAgent0,YOUNG_LOW_INCOME,24,20.843577282119256,24,20.64000000000001
20,WFAgent1,FEMALE_HIGH_INCOME,5,6.055014876948199,7,6.020000000000003
20,WFAgent2,YOUNG_HIGH_INCOME,5,4.469221970554841,5,4.3000000000000025
20,WFAgent3,FEMALE_OLD_LOW_INCOME,16,14.34375014775253,16,13.760000000000012
20,WFAgent4,MALE_YOUNG_LOW_INCOME,12,12.419296109964032,14,12.04000000000001
20,WFAgent5,OLD_HIGH_INCOME,8,8.835648642995542,9,8.522385214866665
21,WFAgent6,MALE_LOW_INCOME,23,23.037434617111458,26,22.36000000000001
21,WEAgent0,FEMALE_OLD_HIGH_INCOME,3,2.6855925678376753,3,2.580000000000002
21,WFAgent0,FEMALE_OLD,18,17.208868315755588,20,17.200000000000014
21,WFAgent1,FEMALE_LOW_INCOME,28,30.24069033681429,35,30.100000000000005
21,WFAgent2,FEMALE_YOUNG_LOW_INCOME,13,15.083988581063684,17,14.620000000000013
21,WFAgent3,MALE_OLD_HIGH_INCOME,6,6.559357425435479,7,6.020000000000003
21,WFAgent4,FEMALE_OLD,18,17.041595493393107,19,16.340000000000014
21,WFAgent5,MALE_YOUNG_LOW_INCOME,12,10.438404883832996,12,10.320000000000007
22,WFAgent6,FEMALE_HIGH_INCOME,5,5.1161973120241715,5,4.3000000000000025
22,WEAgent0,MALE_YOUNG_HIGH_INCOME,4,4.148344360367725,4,3.440000000000002
22,WFAgent0,OLD_HIGH_INCOME,8,9.052043373825525,10,8.600000000000005
22,WFAgent1,FEMALE_OLD,18,19.835311459018914,20,19.543434466516032
22,WFAgent2,MALE_OLD,17,16.94784002792217,19,16.340000000000014
22,WFAgent3,FEMALE_OLD,18,17.06944804588745,19,16.340000000000014
22,WFAgent4,FEMALE_LOW_INCOME,28,27.360808253122443,31,26.660000000000007
22,WFAgent5,FEMALE_OLD_LOW_INCOME,16,15.705103977341462,18,15.480000000000015
23,WFAgent6,MALE_HIGH_INCOME,9,10.096121780959677,11,9.460000000000006
23,WEAgent0,MALE_YOUNG_LOW_INCOME,12,11.193922858752249,13,11.180000000000009
23,WFAgent0,YOUNG_HIGH_INCOME,5,5.0743354878101155,5,4.3000000000000025
23,WFAgent1,FEMALE_OLD_HIGH_INCOME,3,2.8450347457223053,3,2.580000000000002
23,WFAgent2,MALE_LOW_INCOME,23,24.45984786414847,28,24.08000000000001
23,WFAgent3,OLD_LOW_INCOME,27,23.595586484848038,27,23.22000000000001
23,WFAgent4,FEMALE_LOW_INCOME,28,27.121735725615295,31,26.660000000000007
23,WFAgent5,FEMALE_YOUNG_HIGH_INCOME,2,2.2137799184973153,2,1.720000000000001
24,WFAgent6,FEMALE_HIGH_INCOME,5,4.744737097096464,5,4.3000000000000025
24,WEAgent0,MALE_LOW_INCOME,23,24.110838984538276,28,24.08000000000001
24,WFAgent0,OLD_LOW_INCOME,27,27.290187593626587,31,26.660000000000007
24,WFAgent1,FEMALE_YOUNG_LOW_INCOME,13,12.014894013004321,13,11.180000000000009
24,WFAgent2,FEMALE_OLD,18,18.825942441608824,21,18.060000000000013
24,WFAgent3,FEMALE_OLD_LOW_INCOME,16,16.385569711839928,19,16.340000000000014
24,WFAgent4,MALE_OLD_LOW_INCOME,12,10.082085376015307,0,0.0
24,WFAgent5,FEMALE_LOW_INCOME,28,23.425883866665735,0,0.0
25,WFAgent6,OLD_HIGH_INCOME,8,9.178274209517397,10,8.600000000000005
25,WEAgent0,YOUNG_LOW_INCOME,24,23.930637662569353,27,23.22000000000001
25,WFAgent0,MALE_OLD_LOW_INCOME,12,12.02912264011215,13,11.180000000000009
25,WFAgent1,MALE_YOUNG_HIGH_INCOME,4,4.277796078206595,4,3.440000000000002
25,WFAgent2,MALE_OLD,17,18.496551700214706,21,18.060000000000013
25,WFAgent3,MALE_LOW_INCOME,23,22.958752562039116,26,22.36000000000001
25,WFAgent4,YOUNG_LOW_INCOME,24,24.40246307113349,28,24.08000000000001
25,WFAgent5,FEMALE_OLD_HIGH_INCOME,3,3.444992858664907,4,3.440000000000002
26,WFAgent6,FEMALE_YOUNG_HIGH_INCOME,2,1.7197753439244718,0,0.0
26,WEAgent0,FEMALE_LOW_INCOME,28,28.089723629013303,32,27.520000000000007
26,WFAgent0,MALE_YOUNG,15,15.684828041985872,18,15.480000000000015
26,WFAgent1,MALE_OLD_HIGH_INCOME,6,6.271368494186637,7,6.020000000000003
26,WFAgent2,MALE_HIGH_INCOME,9,9.335390446541261,10,8.600000000000005
26,WFAgent3,MALE_YOUNG,15,16.03274163167023,18,15.480000000000015
26,WFAgent4,MALE_OLD_HIGH_INCOME,6,5.379233440016306,6,5.160000000000003
26,WFAgent5,FEMALE_YOUNG,14,15.465551425774654,17,14.620000000000013
27,WFAgent6,MALE_YOUNG_LOW_INCOME,12,10.713718213936499,12,10.320000000000007
27,WEAgent0,MALE_OLD_HIGH_INCOME,6,5.269884246813056,6,5.160000000000003
27,WFAgent0,FEMALE_OLD_LOW_INCOME,16,14.328276771163308,16,13.760000000000012
27,WFAgent1,MALE_LOW_INCOME,23,25.400560223965442,29,24.94000000000001
27,WFAgent2,FEMALE_OLD_HIGH_INCOME,3,3.3248412812923753,3,2.580000000000002
27,WFAgent3,FEMALE_OLD_LOW_INCOME,16,15.760110044578163,18,15.480000000000015
27,WFAgent4,FEMALE_OLD,18,14.315550209473702,0,0.0
27,WFAgent5,MALE_OLD,17,15.18307367463056,17,14.620000000000013
28,WFAgent6,MALE_YOUNG,15,17.627832752653262,20,17.200000000000014
28,WEAgent0,FEMALE_YOUNG_HIGH_INCOME,2,2.308937580751605,2,1.720000000000001
28,WFAgent0,MALE_HIGH_INCOME,9,9.381476705472393,10,8.600000000000005
28,WFAgent1,FEMALE_OLD_HIGH_INCOME,3,2.6427662934020475,3,2.580000000000002
28,WFAgent2,MALE_YOUNG,15,14.530839418058296,16,13.760000000000012
28,WFAgent3,FEMALE_OLD_HIGH_INCOME,3,3.1435734518859353,3,2.580000000000002
28,WFAgent4,OLD_HIGH_INCOME,8,7.896361836807627,9,7.740000000000004
28,WFAgent5,MALE_YOUNG_HIGH_INCOME,4,3.7965332395827565,4,3.440000000000002
29,WFAgent6,FEMALE_OLD_HIGH_INCOME,3,3.107194232108711,3,2.580000000000002
29,WEAgent0,FEMALE_YOUNG_LOW_INCOME,13,12.807739594705623,14,12.04000000000001
29,WFAgent0,MALE_OLD_LOW_INCOME,12,11.095766724566761,12,10.320000000000007
29,WFAgent1,FEMALE_OLD_LOW_INCOME,16,18.611522017262136,21,18.060000000000013
29,WFAgent2,FEMALE_YOUNG_LOW_INCOME,13,11.712934551915888,13,11.180000000000009
29,WFAgent3,MALE_OLD_HIGH_INCOME,6,6.5263576254842555,7,6.020000000000003
29,WFAgent4,FEMALE_LOW_INCOME,28,33.11931512275422,36,32.435818759151715
29,WFAgent5,FEMALE_HIGH_INCOME,5,4.365196077119527,5,4.3000000000000025
30,WFAgent6,YOUNG_LOW_INCOME,24,24.156078154446693,28,24.08000000000001
30,WEAgent0,OLD_HIGH_INCOME,8,7.935461463261461,9,7.740000000000004
30,WFAgent0,YOUNG_LOW_INCOME,24,21.511368113477285,25,21.50000000000001
30,WFAgent1,FEMALE_YOUNG_LOW_INCOME,13,13.62922335180182,15,13.444605070923298
30,WFAgent2,OLD_LOW_INCOME,27,30.777700836306447,35,30.100000000000005
30,WFAgent3,MALE_YOUNG_LOW_INCOME,12,12.974122390238199,14,12.548298066195079
30,WFAgent4,MALE_YOUNG_LOW_INCOME,12,11.582091971468513,13,11.180000000000009
30,WFAgent5,OLD_LOW_INCOME,27,29.59725615493499,34,29.240000000000006
31,WFAgent6,FEMALE_OLD_LOW_INCOME,16,15.992678441401731,18,15.480000000000015
31,WEAgent0,FEMALE_YOUNG,14,15.239983064332124,17,14.78125311574197
31,WFAgent0,FEMALE_YOUNG_HIGH_INCOME,2,1.8785788314560854,2,1.827502077161306
31,WFAgent1,MALE_OLD_LOW_INCOME,12,12.592582167689228,14,12.04000000000001
31,WFAgent2,FEMALE_YOUNG_HIGH_INCOME,2,1.827502077161306,2,1.720000000000001
31,WFAgent3,YOUNG_LOW_INCOME,24,20.6202451506188,0,0.0
31,WFAgent4,YOUNG_HIGH_INCOME,5,5.551106489179731,6,5.160000000000003
31,WFAgent5,MALE_OLD_LOW_INCOME,12,13.897229570464166,16,13.760000000000012
32,WFAgent6,FEMALE_YOUNG_HIGH_INCOME,2,1.8797986256281247,2,1.720000000000001
32,WEAgent0,FEMALE_YOUNG_LOW_INCOME,13,11.73300392681577,13,11.180000000000009
32,WFAgent0,FEMALE_OLD_LOW_INCOME,16,16.507676278588445,19,16.340000000000014
32,WFAgent1,MALE_LOW_INCOME,23,22.916881650607277,26,22.36000000000001
32,WFAgent2,OLD_LOW_INCOME,27,29.28845239932475,34,29.240000000000006
32,WFAgent3,FEMALE_HIGH_INCOME,5,4.652935780649861,5,4.3000000000000025
32,WFAgent4,MALE_OLD_HIGH_INCOME,6,6.903651771205916,8,6.8800000000000034
32,WFAgent5,YOUNG_LOW_INCOME,24,21.906154370578392,25,21.50000000000001
33,WFAgent6,FEMALE_OLD_HIGH_INCOME,3,2.9560799746183224,3,2.580000000000002
33,WEAgent0,FEMALE_YOUNG,14,14.993291845952127,17,14.620000000000013
33,WFAgent0,MALE_YOUNG,15,16.424398280083608,19,16.340000000000014
33,WFAgent1,YOUNG_LOW_INCOME,24,23.840610293273958,27,23.22000000000001
33,WFAgent2,YOUNG_LOW_INCOME,24,23.772330007829726,27,23.22000000000001
33,WFAgent3,MALE_YOUNG_HIGH_INCOME,4,3.8084263069747246,4,3.440000000000002
33,WFAgent4,MALE_OLD_HIGH_INCOME,6,5.252002395813933,6,5.160000000000003
33,WFAgent5,FEMALE_OLD,18,15.97221608647883,18,15.480000000000015
34,WFAgent6,FEMALE_YOUNG_LOW_INCOME,13,13.156561355391748,15,12.900000000000011
34,WEAgent0,OLD_HIGH_INCOME,8,8.002742887342741,9,7.740000000000004
34,WFAgent0,MALE_OLD,17,19.174617064739365,22,18.920000000000012
34,WFAgent1,MALE_OLD_LOW_INCOME,12,11.666993494783851,13,11.180000000000009
34,WFAgent2,FEMALE_OLD_LOW_INCOME,16,13.704561000698483,0,0.0
34,WFAgent3,MALE_LOW_INCOME,23,24.43075264795764,28,24.08000000000001
34,WFAgent4,MALE_OLD_HIGH_INCOME,6,5.540927568869052,6,5.160000000000003
34,WFAgent5,MALE_YOUNG,15,15.344368796498252,17,14.620000000000013
35,WFAgent6,OLD_HIGH_INCOME,8,7.195420981001689,8,6.8800000000000034
35,WEAgent0,YOUNG_HIGH_INCOME,5,5.326243286519161,6,5.160000000000003
35,WFAgent0,MALE_YOUNG_LOW_INCOME,12,11.482052498369915,13,11.180000000000009
35,WFAgent1,MALE_HIGH_INCOME,9,8.987903713071224,10,8.600000000000005
35,WFAgent2,FEMALE_YOUNG,14,11.487401638638392,0,0.0
35,WFAgent3,FEMALE_OLD_LOW_INCOME,16,17.45730275816898,20,17.200000000000014
35,WFAgent4,FEMALE_OLD,18,16.677727561670196,19,16.340000000000014
35,WFAgent5,FEMALE_OLD_LOW_INCOME,16,18.477199788000178,19,17.60426798176298
36,WFAgent6,FEMALE_LOW_INCOME,28,23.96928600820049,0,0.0
36,WEAgent0,MALE_LOW_INCOME,23,19.1473768071466,0,0.0
36,WFAgent0,MALE_HIGH_INCOME,9,9.215633060311164,10,8.600000000000005
36,WFAgent1,MALE_LOW_INCOME,23,26.041491285627448,30,25.800000000000008
36,WFAgent2,MALE_YOUNG,15,14.018934151505597,16,13.760000000000012
36,WFAgent3,FEMALE_YOUNG,14,15.233772563036593,17,14.620000000000013
36,WFAgent4,MALE_OLD_LOW_INCOME,12,12.762729425661938,14,12.04000000000001
36,WFAgent5,FEMALE_OLD,18,19.770723965788452,22,18.920000000000012
37,WFAgent6,FEMALE_YOUNG_HIGH_INCOME,2,1.9821474108936388,2,1.720000000000001
37,WEAgent0,FEMALE_OLD_LOW_INCOME,16,13.877077907132431,16,13.760000000000012
37,WFAgent0,MALE_YOUNG_LOW_INCOME,12,11.669856483127562,13,11.180000000000009
37,WFAgent1,FEMALE_OLD_HIGH_INCOME,3,3.129280596016746,3,2.580000000000002
37,WFAgent2,MALE_OLD_LOW_INCOME,12,12.10142390320364,14,12.04000000000001
37,WFAgent3,FEMALE_OLD_HIGH_INCOME,3,3.4422447576365123,3,2.877412263453662
37,WFAgent4,FEMALE_HIGH_INCOME,5,5.31043955432871,5,4.7956871057561035
37,WFAgent5,FEMALE_HIGH_INCOME,5,4.7956871057561035,5,4.3000000000000025
38,WFAgent6,YOUNG_HIGH_INCOME,5,4.964219384284811,5,4.3000000000000025
38,WEAgent0,MALE_YOUNG_HIGH_INCOME,4,3.29240578501489,0,0.0
38,WFAgent0,FEMALE_YOUNG_LOW_INCOME,13,12.553864150947266,14,12.04000000000001
38,WFAgent1,FEMALE_YOUNG,14,12.985816599363481,15,12.900000000000011
38,WFAgent2,MALE_YOUNG,15,15.042117493257077,17,14.620000000000013
38,WFAgent3,MALE_OLD,17,16.58085707886285,19,16.340000000000014
38,WFAgent4,MALE_LOW_INCOME,23,23.82229011208546,27,23.22000000000001
38,WFAgent5,MALE_OLD_HIGH_INCOME,6,5.262037112753837,6,5.160000000000003
39,WFAgent6,FEMALE_YOUNG,14,16.272403317808827,15,15.30480535295773
39,WEAgent0,MALE_YOUNG_LOW_INCOME,12,12.100435259272434,14,12.04000000000001
39,WFAgent0,MALE_YOUNG_LOW_INCOME,12,10.204119584633677,0,0.0
39,WFAgent1,OLD_HIGH_INCOME,8,7.30000271535525,8,6.8800000000000034
39,WFAgent2,FEMALE_LOW_INCOME,28,29.936360279710556,34,29.240000000000006
39,WFAgent3,FEMALE_HIGH_INCOME,5,5.101601784319246,5,4.3000000000000025
39,WFAgent4,FEMALE_YOUNG_HIGH_INCOME,2,2.04072249784715,2,1.720000000000001
39,WFAgent5,OLD_HIGH_INCOME,8,8.300868688344126,9,7.740000000000004
40,WFAgent6,MALE_OLD_LOW_INCOME,12,12.013028443272104,13,11.180000000000009
40,WEAgent0,FEMALE_YOUNG,14,15.956107884715387,18,15.480000000000015
40,WFAgent0,MALE_HIGH_INCOME,9,7.72304241419479,0,0.0
40,WFAgent1,MALE_OLD_LOW_INCOME,12,12.572651022229415,14,12.04000000000001
40,WFAgent2,FEMALE_OLD_LOW_INCOME,16,16.182888808312253,18,15.480000000000015
40,WFAgent3,YOUNG_LOW_INCOME,24,22.849536346507577,26,22.36000000000001
40,WFAgent4,MALE_HIGH_INCOME,9,9.852380409905374,11,9.460000000000006
40,WFAgent5,YOUNG_LOW_INCOME,24,26.064182802100806,30,25.800000000000008
41,WFAgent6,MALE_HIGH_INCOME,9,7.639433252073653,0,0.0
41,WEAgent0,MALE_YOUNG_HIGH_INCOME,4,3.6345750046394745,4,3.440000000000002
41,WFAgent0,FEMALE_OLD,18,19.349666499420685,22,18.920000000000012
41,WFAgent1,FEMALE_OLD,18,18.652202881937452,21,18.060000000000013
41,WFAgent2,FEMALE_YOUNG_LOW_INCOME,13,11.684881294793268,13,11.180000000000009
41,WFAgent3,MALE_LOW_INCOME,23,20.51150278634804,23,19.780000000000012
41,WFAgent4,FEMALE_YOUNG_LOW_INCOME,13,13.658692185680353,15,12.900000000000011
41,WFAgent5,FEMALE_LOW_INCOME,28,26.717877103435473,31,26.660000000000007
42,WFAgent6,MALE_OLD,17,18.888145345047377,21,18.060000000000013
42,WEAgent0,FEMALE_OLD_LOW_INCOME,16,16.88673350102915,19,16.340000000000014
42,WFAgent0,MALE_OLD_HIGH_INCOME,6,5.983361454690036,6,5.160000000000003
42,WFAgent1,MALE_YOUNG_LOW_INCOME,12,11.027136237946046,12,10.320000000000007
42,WFAgent2,MALE_LOW_INCOME,23,20.075281874345123,23,19.780000000000012
42,WFAgent3,MALE_OLD_LOW_INCOME,12,13.87295468913352,15,13.09257513544247
42,WFAgent4,MALE_YOUNG_HIGH_INCOME,4,4.408296607876712,5,4.3000000000000025
42,WFAgent5,FEMALE_LOW_INCOME,28,26.39293567519487,30,25.800000000000008
43,WFAgent6,FEMALE_OLD_HIGH_INCOME,3,3.08421684967554,3,2.580000000000002
43,WEAgent0,FEMALE_YOUNG_HIGH_INCOME,2,2.2001861658657935,2,1.720000000000001
43,WFAgent0,FEMALE_YOUNG_LOW_INCOME,13,14.779232655220945,17,14.620000000000013
43,WFAgent1,FEMALE_YOUNG_HIGH_INCOME,2,1.9072085552530929,2,1.720000000000001
43,WFAgent2,MALE_LOW_INCOME,23,22.270222178417004,25,21.50000000000001
43,WFAgent3,FEMALE_YOUNG_LOW_INCOME,13,12.854401423394236,14,12.04000000000001
43,WFAgent4,FEMALE_OLD,18,19.17176119841867,22,18.920000000000012
43,WFAgent5,FEMALE_OLD_LOW_INCOME,16,16.94500948167709,19,16.340000000000014
44,WFAgent6,OLD_HIGH_INCOME,8,9.257673363376561,10,8.600000000000005
44,WEAgent0,OLD_LOW_INCOME,27,27.346469641959686,31,26.660000000000007
44,WFAgent0,MALE_OLD_HIGH_INCOME,6,5.642337391965208,6,5.160000000000003
44,WFAgent1,FEMALE_YOUNG_LOW_INCOME,13,14.823180795764225,17,14.620000000000013
44,WFAgent2,MALE_HIGH_INCOME,9,9.53482536092659,11,9.460000000000006
44,WFAgent3,MALE_HIGH_INCOME,9,8.707823873378901,10,8.600000000000005
44,WFAgent4,FEMALE_YOUNG_LOW_INCOME,13,11.478073966734685,13,11.180000000000009
44,WFAgent5,FEMALE_YOUNG,14,16.016599062968343,18,15.480000000000015
45,WFAgent6,MALE_HIGH_INCOME,9,9.328747085140055,10,8.600000000000005
45,WEAgent0,OLD_LOW_INCOME,27,27.68239021647504,32,27.520000000000007
45,WFAgent0,MALE_YOUNG_HIGH_INCOME,4,3.9883396636333006,4,3.440000000000002
45,WFAgent1,MALE_YOUNG,15,15.447953595970274,17,14.620000000000013
45,WFAgent2,OLD_LOW_INCOME,27,28.103022256343234,32,27.520000000000007
45,WFAgent3,MALE_YOUNG_LOW_INCOME,12,12.80649422259668,14,12.050172761261303
45,WFAgent4,FEMALE_OLD_HIGH_INCOME,3,2.483805115291761,0,0.0
45,WFAgent5,MALE_YOUNG_LOW_INCOME,12,10.328719509652545,12,10.320000000000007
46,WFAgent6,YOUNG_HIGH_INCOME,5,5.565707989522335,6,5.160000000000003
46,WEAgent0,YOUNG_LOW_INCOME,24,24.36518248911044,28,24.08000000000001
46,WFAgent0,FEMALE_YOUNG,14,13.943323955570971,16,13.760000000000012
46,WFAgent1,FEMALE_LOW_INCOME,28,24.303528123892484,28,24.08000000000001
46,WFAgent2,MALE_YOUNG_LOW_INCOME,12,11.219554443214498,13,11.180000000000009
46,WFAgent3,MALE_YOUNG,15,14.61257194303698,16,13.760000000000012
46,WFAgent4,MALE_LOW_INCOME,23,25.423979271294126,29,24.94000000000001
46,WFAgent5,FEMALE_YOUNG_HIGH_INCOME,2,1.9925904677585138,2,1.720000000000001
47,WFAgent6,OLD_HIGH_INCOME,8,7.226448209713989,8,6.8800000000000034
47,WEAgent0,FEMALE_YOUNG,14,14.36658326607488,16,13.760000000000012
47,WFAgent0,FEMALE_YOUNG_LOW_INCOME,13,13.156022574737877,15,12.900000000000011
47,WFAgent1,FEMALE_YOUNG,14,13.674436273757152,15,12.900000000000011
47,WFAgent2,MALE_YOUNG,15,16.72175484846416,19,16.340000000000014
47,WFAgent3,FEMALE_YOUNG_LOW_INCOME,13,11.22101575906468,13,11.180000000000009
47,WFAgent4,MALE_OLD,17,16.524647535658513,19,16.340000000000014
47,WFAgent5,YOUNG_LOW_INCOME,24,23.176484681210855,26,22.36000000000001
48,WFAgent6,FEMALE_YOUNG,14,14.40749432767528,14,13.958641122364002
48,WEAgent0,MALE_OLD_LOW_INCOME,12,10.843749944166674,12,10.320000000000007
48,WFAgent0,MALE_OLD_HIGH_INCOME,6,7.256861361385246,8,6.8800000000000034
48,WFAgent1,FEMALE_YOUNG,14,13.958641122364002,16,13.760000000000012
48,WFAgent2,MALE_YOUNG,15,17.349163198769737,20,17.200000000000014
48,WFAgent3,FEMALE_YOUNG,14,14.096244368701255,16,13.760000000000012
48,WFAgent4,MALE_LOW_INCOME,23,20.549555531952738,23,19.780000000000012
48,WFAgent5,FEMALE_YOUNG_LOW_INCOME,13,14.211782768856475,14,14.096244368701251
49,WFAgent6,YOUNG_LOW_INCOME,24,21.995445398244723,25,21.50000000000001
49,WEAgent0,FEMALE_YOUNG,14,12.500751954326077,14,12.04000000000001
49,WFAgent0,MALE_YOUNG_HIGH_INCOME,4,4.006365670035256,4,3.440000000000002
49,WFAgent1,FEMALE_OLD_LOW_INCOME,16,16.927145325892766,19,16.340000000000014
49,WFAgent2,FEMALE_OLD,18,20.06435194487554,23,19.780000000000012
49,WFAgent3,FEMALE_OLD_LOW_INCOME,16,16.227459526910053,18,15.480000000000015
49,WFAgent4,MALE_LOW_INCOME,23,21.102197622009285,24,20.64000000000001
49,WFAgent5,YOUNG_HIGH_INCOME,5,5.646496261966545,6,5.357465123282603
50,WFAgent6,MALE_OLD_LOW_INCOME,12,11.522399481905833,12,10.648977498292055
50,WEAgent0,MALE_LOW_INCOME,23,20.410540205059775,23,20.081562706767723
50,WFAgent0,MALE_YOUNG_HIGH_INCOME,4,4.1839092536121525,4,3.440000000000002
50,WFAgent1,FEMALE_HIGH_INCOME,5,4.642969513091982,5,4.3000000000000025
50,WFAgent2,YOUNG_HIGH_INCOME,5,4.676414588899805,5,4.3000000000000025
50,WFAgent3,FEMALE_OLD_HIGH_INCOME,3,3.879751081191804,4,3.440000000000002
50,WFAgent4,MALE_LOW_INCOME,23,23.00634534618111,26,22.36000000000001
50,WFAgent5,OLD_HIGH_INCOME,8,8.29587474666363,9,7.740000000000004
51,WFAgent6,FEMALE_YOUNG_LOW_INCOME,13,12.479482080160361,14,12.04000000000001
51,WEAgent0,MALE_HIGH_INCOME,9,8.546215581865273,9,7.740000000000004
51,WFAgent0,FEMALE_YOUNG_HIGH_INCOME,2,2.1759551467966296,2,1.720000000000001
51,WFAgent1,FEMALE_OLD_HIGH_INCOME,3,3.70513091862048,4,3.440000000000002
51,WFAgent2,FEMALE_LOW_INCOME,28,24.504143282728524,28,24.08000000000001
51,WFAgent3,FEMALE_LOW_INCOME,28,28.613328283647864,33,28.380000000000006
51,WFAgent4,MALE_OLD,17,17.574128049283356,20,17.200000000000014
51,WFAgent5,MALE_OLD,17,19.06647373490207,22,18.920000000000012
52,WFAgent6,MALE_OLD_LOW_INCOME,12,10.357671568510868,12,10.320000000000007
52,WEAgent0,OLD_LOW_INCOME,27,27.950295435873564,32,27.520000000000007
52,WFAgent0,FEMALE_OLD_HIGH_INCOME,3,2.9869292628523154,3,2.580000000000002
52,WFAgent1,MALE_YOUNG,15,18.492765316639808,21,18.060000000000013
52,WFAgent2,YOUNG_LOW_INCOME,24,24.534790943000765,28,24.08000000000001
52,WFAgent3,FEMALE_YOUNG,14,13.596551299798955,15,12.900000000000011
52,WFAgent4,MALE_OLD,17,15.877210969349422,18,15.480000000000015
52,WFAgent5,FEMALE_YOUNG,14,14.641340646147505,17,14.620000000000013
53,WFAgent6,MALE_YOUNG,15,17.026668360428424,19,16.340000000000014
53,WEAgent0,FEMALE_OLD_LOW_INCOME,16,15.564332781303413,18,15.480000000000015
53,WFAgent0,YOUNG_HIGH_INCOME,5,4.867091947664893,5,4.3000000000000025
53,WFAgent1,YOUNG_LOW_INCOME,24,24.52831526027384,28,24.08000000000001
53,WFAgent2,MALE_OLD_LOW_INCOME,12,12.650948804667328,14,12.04000000000001
53,WFAgent3,FEMALE_HIGH_INCOME,5,5.419360515807326,6,5.160000000000003
53,WFAgent4,OLD_HIGH_INCOME,8,7.5011351637884065,8,6.8800000000000034
53,WFAgent5,YOUNG_LOW_INCOME,24,19.740417436030167,0,0.0
54,WFAgent6,MALE_LOW_INCOME,23,25.368310741727377,29,24.94000000000001
54,WEAgent0,MALE_OLD,17,16.575472256876964,19,16.340000000000014
54,WFAgent0,MALE_OLD_LOW_INCOME,12,10.65480435939132,12,10.320000000000007
54,WFAgent1,YOUNG_LOW_INCOME,24,26.579812146446443,30,25.800000000000008
54,WFAgent2,YOUNG_LOW_INCOME,24,20.130825100071803,0,0.0
54,WFAgent3,FEMALE_YOUNG,14,13.862934783544087,16,13.760000000000012
54,WFAgent4,MALE_LOW_INCOME,23,24.57445089082574,28,24.08000000000001
54,WFAgent5,FEMALE_OLD_LOW_INCOME,16,15.22619715017231,17,14.620000000000013
55,WFAgent6,MALE_YOUNG_HIGH_INCOME,4,4.821061676674424,4,4.010399754776142
55,WEAgent0,MALE_YOUNG,15,15.03899908041053,16,14.330399754776153
55,WFAgent0,MALE_LOW_INCOME,23,23.555193709999948,27,23.22000000000001
55,WFAgent1,MALE_YOUNG_HIGH_INCOME,4,4.611809126331442,4,4.010399754776142
55,WFAgent2,MALE_OLD_HIGH_INCOME,6,5.38396737805966,6,5.160000000000003
55,WFAgent3,FEMALE_LOW_INCOME,28,30.671844236420554,35,30.100000000000005
55,WFAgent4,YOUNG_HIGH_INCOME,5,4.654171831384541,5,4.3000000000000025
55,WFAgent5,FEMALE_OLD,18,18.92837387699648,22,18.920000000000012
56,WFAgent6,FEMALE_HIGH_INCOME,5,4.838126784811781,5,4.3000000000000025
56,WEAgent0,YOUNG_LOW_INCOME,24,24.25600707086114,28,24.08000000000001
56,WFAgent0,FEMALE_OLD_HIGH_INCOME,3,3.131073544191558,3,2.580000000000002
56,WFAgent1,MALE_YOUNG_LOW_INCOME,12,10.7114688215577,12,10.320000000000007
56,WFAgent2,OLD_LOW_INCOME,27,25.511439739795033,29,24.94000000000001
56,WFAgent3,FEMALE_OLD,18,18.57725499627742,19,17.952494631707612
56,WFAgent4,MALE_YOUNG_LOW_INCOME,12,13.407793834112187,15,13.38933602694712
56,WFAgent5,FEMALE_OLD,18,18.310843340286024,21,18.060000000000013
57,WFAgent6,FEMALE_OLD,18,19.223706877989592,22,18.920000000000012
57,WEAgent0,FEMALE_YOUNG_LOW_INCOME,13,12.592041065240537,14,12.04000000000001
57,WFAgent0,YOUNG_HIGH_INCOME,5,4.589445509423253,5,4.3000000000000025
57,WFAgent1,MALE_OLD_LOW_INCOME,12,11.499927449603229,13,11.180000000000009
57,WFAgent2,OLD_LOW_INCOME,27,26.730184831239093,31,26.660000000000007
57,WFAgent3,MALE_YOUNG,15,15.446681026481137,17,14.620000000000013
57,WFAgent4,OLD_HIGH_INCOME,8,7.7169610549751555,8,6.8800000000000034
57,WFAgent5,FEMALE_OLD_HIGH_INCOME,3,3.189351806473898,3,2.580000000000002
58,WFAgent6,OLD_HIGH_INCOME,8,8.453298906175473,9,7.740000000000004
58,WEAgent0,FEMALE_YOUNG_HIGH_INCOME,2,2.0352614459328158,2,2.0352614459328158
58,WFAgent0,MALE_OLD_LOW_INCOME,12,12.034531575811636,13,11.180000000000009
58,WFAgent1,FEMALE_HIGH_INCOME,5,5.120041917033751,5,4.615261445932817
58,WFAgent2,FEMALE_OLD_HIGH_INCOME,3,3.0610944069383272,3,2.580000000000002
58,WFAgent3,FEMALE_YOUNG_LOW_INCOME,13,12.51371723546612,14,12.04000000000001
58,WFAgent4,FEMALE_YOUNG,14,11.26226100424664,0,0.0
58,WFAgent5,YOUNG_LOW_INCOME,24,25.52266520142708,29,24.94000000000001
59,WFAgent6,FEMALE_YOUNG_LOW_INCOME,13,10.337026017779909,0,0.0
59,WEAgent0,FEMALE_OLD_LOW_INCOME,16,18.395315027284987,21,18.060000000000013
59,WFAgent0,MALE_OLD,17,17.890402379344113,20,17.200000000000014
59,WFAgent1,FEMALE_YOUNG_LOW_INCOME,13,14.033587725463013,16,13.760000000000012
59,WFAgent2,YOUNG_HIGH_INCOME,5,5.1440483476691945,5,4.3000000000000025
59,WFAgent3,MALE_OLD,17,16.861489729994755,19,16.340000000000014
59,WFAgent4,MALE_YOUNG_HIGH_INCOME,4,4.080666201707211,4,3.440000000000002
59,WFAgent5,MALE_YOUNG_HIGH_INCOME,4,3.21245666548261,0,0.0
60,WFAgent6,MALE_OLD,17,16.5212654697913,19,16.340000000000014
60,WEAgent0,MALE_OLD_HIGH_INCOME,6,6.399087945836445,7,6.020000000000003
60,WFAgent0,FEMALE_OLD_LOW_INCOME,16,14.432198114804121,16,13.760000000000012
60,WFAgent1,MALE_OLD_HIGH_INCOME,6,6.359490673670075,7,6.344063443254843
60,WFAgent2,MALE_LOW_INCOME,23,22.57058666649556,26,22.36000000000001
60,WFAgent3,FEMALE_OLD_LOW_INCOME,16,14.445221877787887,16,13.760000000000012
60,WFAgent4,FEMALE_YOUNG,14,14.127067773061082,16,13.760000000000012
60,WFAgent5,YOUNG_LOW_INCOME,24,21.751074662588028,25,21.50000000000001
61,WFAgent6,FEMALE_OLD_LOW_INCOME,16,14.956235445372593,17,14.620000000000013
61,WEAgent0,FEMALE_LOW_INCOME,28,27.13808475367422,31,26.660000000000007
61,WFAgent0,FEMALE_YOUNG_HIGH_INCOME,2,1.828812452396099,2,1.720000000000001
61,WFAgent1,FEMALE_LOW_INCOME,28,28.51604988445187,33,28.380000000000006
61,WFAgent2,MALE_HIGH_INCOME,9,9.016569396549714,10,8.600000000000005
61,WFAgent3,FEMALE_LOW_INCOME,28,34.380393177954296,35,33.92260594209279
61,WFAgent4,MALE_LOW_INCOME,23,23.2854921213469,27,23.22000000000001
61,WFAgent5,FEMALE_YOUNG_LOW_INCOME,13,11.485665109983866,13,11.180000000000009
62,WFAgent6,OLD_HIGH_INCOME,8,7.516501560653204,8,6.8800000000000034
62,WEAgent0,MALE_LOW_INCOME,23,24.092239329656277,28,24.08000000000001
62,WFAgent0,OLD_LOW_INCOME,27,24.689749096496488,28,24.08000000000001
62,WFAgent1,FEMALE_LOW_INCOME,28,28.741845124183897,33,28.380000000000006
62,WFAgent2,FEMALE_HIGH_INCOME,5,5.085204291571848,5,4.3000000000000025
62,WFAgent3,MALE_YOUNG_HIGH_INCOME,4,4.495826592913182,5,4.3000000000000025
62,WFAgent4,FEMALE_YOUNG,14,17.70414070552602,20,17.200000000000014
62,WFAgent5,FEMALE_OLD,18,15.614166582389053,18,15.480000000000015
63,WFAgent6,FEMALE_OLD,18,19.222928314612638,22,18.920000000000012
63,WEAgent0,YOUNG_HIGH_INCOME,5,4.528092179780294,5,4.3000000000000025
63,WFAgent0,FEMALE_OLD,18,18.33134121823934,21,18.060000000000013
63,WFAgent1,MALE_OLD_LOW_INCOME,12,13.402196774715337,15,12.900000000000011
63,WFAgent2,MALE_OLD_LOW_INCOME,12,13.492107390138145,15,12.900000000000011
63,WFAgent3,MALE_YOUNG_LOW_INCOME,12,10.818968812463815,12,10.320000000000007
63,WFAgent4,FEMALE_OLD_LOW_INCOME,16,13.9353310946582,16,13.760000000000012
63,WFAgent5,MALE_YOUNG_LOW_INCOME,12,11.681080312493417,13,11.180000000000009
64,WFAgent6,FEMALE_YOUNG,14,11.724530703247693,0,0.0
64,WEAgent0,MALE_HIGH_INCOME,9,10.178832950466827,11,9.460000000000006
64,WFAgent0,FEMALE_YOUNG_HIGH_INCOME,2,2.2262828309025195,2,1.720000000000001
64,WFAgent1,FEMALE_LOW_INCOME,28,25.99226755206111,30,25.800000000000008
64,WFAgent2,MALE_YOUNG,15,16.030680175524544,18,15.480000000000015
64,WFAgent3,OLD_HIGH_INCOME,8,9.154131353723468,10,8.600000000000005
64,WFAgent4,YOUNG_HIGH_INCOME,5,4.562281405077556,5,4.3000000000000025
64,WFAgent5,MALE_OLD,17,16.2997634234803,18,15.480000000000015
65,WFAgent6,MALE_OLD,17,16.504567652988957,19,16.340000000000014
65,WEAgent0,MALE_YOUNG_HIGH_INCOME,4,4.452373856261225,5,4.3000000000000025
65,WFAgent0,MALE_LOW_INCOME,23,23.941025581905013,27,23.22000000000001
65,WFAgent1,OLD_HIGH_INCOME,8,6.817250823527278,0,0.0
65,WFAgent2,MALE_OLD_HIGH_INCOME,6,6.169729190699021,7,6.020000000000003
65,WFAgent3,MALE_OLD,17,14.976477703924871,17,14.620000000000013
65,WFAgent4,OLD_LOW_INCOME,27,29.82167351290746,34,29.240000000000006
65,WFAgent5,MALE_OLD_LOW_INCOME,12,11.689427235194707,13,11.45260059711902
66,WFAgent6,MALE_OLD_LOW_INCOME,12,11.710139922411182,13,11.180000000000009
66,WEAgent0,MALE_YOUNG_LOW_INCOME,12,12.060817141216235,14,12.04000000000001
66,WFAgent0,FEMALE_OLD_HIGH_INCOME,3,2.6548088032471733,3,2.580000000000002
66,WFAgent1,FEMALE_OLD_HIGH_INCOME,3,2.675609843616833,3,2.580000000000002
66,WFAgent2,MALE_OLD_HIGH_INCOME,6,5.835905412124535,6,5.160000000000003
66,WFAgent3,FEMALE_OLD_HIGH_INCOME,3,2.527365606646601,0,0.0
66,WFAgent4,MALE_YOUNG,15,17.148737348220752,19,16.340000000000014
66,WFAgent5,MALE_OLD_LOW_INCOME,12,13.620519586605024,15,12.900000000000011
67,WFAgent6,MALE_LOW_INCOME,23,23.338675983040268,26,23.225865118109144
67,WEAgent0,MALE_LOW_INCOME,23,20.545957604481167,23,19.780000000000012
67,WFAgent0,FEMALE_YOUNG_LOW_INCOME,13,11.105422324097534,0,0.0
67,WFAgent1,MALE_OLD_LOW_INCOME,12,12.574610789919962,14,12.506235063597238
67,WFAgent2,MALE_OLD_HIGH_INCOME,6,5.810427560796075,6,5.160000000000003
67,WFAgent3,YOUNG_LOW_INCOME,24,23.289671737035814,27,23.22000000000001
67,WFAgent4,FEMALE_YOUNG_HIGH_INCOME,2,1.9458850468764568,2,1.720000000000001
67,WFAgent5,FEMALE_YOUNG_HIGH_INCOME,2,2.148415154980021,2,1.720000000000001
68,WFAgent6,YOUNG_HIGH_INCOME,5,4.764600166547395,5,4.3000000000000025
68,WEAgent0,FEMALE_OLD_HIGH_INCOME,3,2.7339714729217195,3,2.7339714729217195
68,WFAgent0,FEMALE_OLD_HIGH_INCOME,3,2.9258705295692353,3,2.631323824307241
68,WFAgent1,OLD_HIGH_INCOME,8,8.531896612844811,9,7.740000000000004
68,WFAgent2,FEMALE_HIGH_INCOME,5,5.391391806105748,6,5.160000000000003
68,WFAgent3,MALE_YOUNG_LOW_INCOME,12,12.664529611774514,14,12.04000000000001
68,WFAgent4,YOUNG_LOW_INCOME,24,23.579191975244235,27,23.22000000000001
68,WFAgent5,YOUNG_LOW_INCOME,24,21.490219910410158,24,20.64000000000001
69,WFAgent6,YOUNG_LOW_INCOME,24,23.33141455606656,27,23.22000000000001
69,WEAgent0,YOUNG_LOW_INCOME,24,24.318319186968527,28,24.08000000000001
69,WFAgent0,MALE_OLD_HIGH_INCOME,6,6.544591504772952,7,6.020000000000003
69,WFAgent1,MALE_YOUNG_HIGH_INCOME,4,3.7327920146909843,4,3.440000000000002
69,WFAgent2,FEMALE_YOUNG_HIGH_INCOME,2,2.258908368664612,2,1.720000000000001
69,WFAgent3,MALE_HIGH_INCOME,9,8.389052301393026,9,7.740000000000004
69,WFAgent4,MALE_OLD_LOW_INCOME,12,9.848315057561999,0,0.0
69,WFAgent5,FEMALE_HIGH_INCOME,5,4.698716343944056,5,4.3000000000000025
70,WFAgent6,OLD_LOW_INCOME,27,26.696931017619068,31,26.660000000000007
70,WEAgent0,MALE_YOUNG,15,14.756407766084505,17,14.620000000000013
70,WFAgent0,MALE_OLD_HIGH_INCOME,6,7.15611265644644,8,7.009504725300565
70,WFAgent1,OLD_HIGH_INCOME,8,7.009504725300565,8,6.8800000000000034
70,WFAgent2,MALE_YOUNG,15,14.008095978179709,16,13.760000000000012
70,WFAgent3,FEMALE_OLD,18,18.827650080963608,21,18.060000000000013
70,WFAgent4,YOUNG_HIGH_INCOME,5,5.1481874810947446,5,4.3000000000000025
70,WFAgent5,MALE_OLD_HIGH_INCOME,6,6.207348146534377,7,6.020000000000003
71,WFAgent6,FEMALE_OLD_HIGH_INCOME,3,3.062315922356023,3,2.580000000000002
71,WEAgent0,FEMALE_OLD_HIGH_INCOME,3,3.3060584633887466,3,2.580000000000002
71,WFAgent0,MALE_OLD_HIGH_INCOME,6,5.767942663845091,6,5.160000000000003
71,WFAgent1,OLD_LOW_INCOME,27,27.10564988054684,31,26.660000000000007
71,WFAgent2,FEMALE_OLD_LOW_INCOME,16,18.016138220860118,20,17.200000000000014
71,WFAgent3,FEMALE_YOUNG,14,14.487495270114666,16,13.760000000000012
71,WFAgent4,FEMALE_YOUNG_LOW_INCOME,13,11.63620913788117,13,11.180000000000009
71,WFAgent5,YOUNG_HIGH_INCOME,5,5.615454450063294,6,5.160000000000003
72,WFAgent6,MALE_YOUNG_HIGH_INCOME,4,3.8740418782572124,4,3.440000000000002
72,WEAgent0,MALE_OLD_LOW_INCOME,12,11.229167801939976,13,11.180000000000009
72,WFAgent0,FEMALE_OLD_LOW_INCOME,16,16.92458312781182,19,16.340000000000014
72,WFAgent1,FEMALE_LOW_INCOME,28,29.504521481750675,34,29.240000000000006
72,WFAgent2,FEMALE_YOUNG_HIGH_INCOME,2,1.9622000645113395,2,1.720000000000001
72,WFAgent3,FEMALE_LOW_INCOME,28,30.5047530381348,35,30.100000000000005
72,WFAgent4,FEMALE_OLD_HIGH_INCOME,3,2.9071356563986455,3,2.580000000000002
72,WFAgent5,MALE_YOUNG,15,14.053347216467149,16,13.760000000000012
73,WFAgent6,MALE_OLD_LOW_INCOME,12,12.468160165483331,12,11.975138627913525
73,WEAgent0,MALE_YOUNG,15,15.112946464971703,17,14.620000000000013
73,WFAgent0,MALE_LOW_INCOME,23,22.95234903683426,26,22.36000000000001
73,WFAgent1,OLD_LOW_INCOME,27,27.578574851976953,32,27.520000000000007
73,WFAgent2,MALE_HIGH_INCOME,9,9.064194259495586,10,8.600000000000005
73,WFAgent3,MALE_HIGH_INCOME,9,7.970584610460371,9,7.740000000000004
73,WFAgent4,FEMALE_LOW_INCOME,28,28.817368848347275,33,28.380000000000006
73,WFAgent5,MALE_OLD_LOW_INCOME,12,12.158075866222088,14,12.04000000000001
74,WFAgent6,MALE_OLD,17,17.065483275160894,19,16.340000000000014
74,WEAgent0,FEMALE_YOUNG,14,14.040597242649843,16,13.760000000000012
74,WFAgent0,FEMALE_OLD_LOW_INCOME,16,15.941612056587859,18,15.480000000000015
74,WFAgent1,FEMALE_YOUNG_HIGH_INCOME,2,1.8063482712630199,2,1.720000000000001
74,WFAgent2,FEMALE_OLD_LOW_INCOME,16,15.63870853675932,18,15.480000000000015
74,WFAgent3,YOUNG_HIGH_INCOME,5,4.593823112226536,5,4.3000000000000025
74,WFAgent4,MALE_YOUNG_LOW_INCOME,12,13.280046013352854,15,12.900000000000011
74,WFAgent5,MALE_YOUNG,15,15.391426593503908,17,14.620000000000013
75,WFAgent6,MALE_LOW_INCOME,23,21.493356111869097,24,20.64000000000001
75,WEAgent0,FEMALE_YOUNG_LOW_INCOME,13,12.345689155928248,14,12.04000000000001
75,WFAgent0,OLD_HIGH_INCOME,8,7.912053959968355,9,7.740000000000004
75,WFAgent1,MALE_HIGH_INCOME,9,9.82792658737953,11,9.460000000000006
75,WFAgent2,FEMALE_OLD,18,17.20942692011386,20,17.200000000000014
75,WFAgent3,MALE_YOUNG_HIGH_INCOME,4,4.201649886901527,4,3.440000000000002
75,WFAgent4,FEMALE_OLD_LOW_INCOME,16,16.08178025421427,18,15.480000000000015
75,WFAgent5,OLD_HIGH_INCOME,8,8.45092508240573,9,7.740000000000004
76,WFAgent6,YOUNG_HIGH_INCOME,5,5.500885157097486,6,5.160000000000003
76,WEAgent0,MALE_HIGH_INCOME,9,9.642382927552461,11,9.460000000000006
76,WFAgent0,MALE_YOUNG_LOW_INCOME,12,10.803060150946806,12,10.320000000000007
76,WFAgent1,FEMALE_HIGH_INCOME,5,4.799579484750371,5,4.3000000000000025
76,WFAgent2,FEMALE_YOUNG_HIGH_INCOME,2,1.8355456764744256,2,1.720000000000001
76,WFAgent3,FEMALE_OLD_LOW_INCOME,16,17.329301061891993,20,17.200000000000014
76,WFAgent4,MALE_YOUNG_HIGH_INCOME,4,3.7247612820023286,4,3.440000000000002
76,WFAgent5,MALE_LOW_INCOME,23,19.796516318991085,23,19.780000000000012
77,WFAgent6,FEMALE_LOW_INCOME,28,26.064825651751107,30,25.800000000000008
77,WEAgent0,MALE_OLD,17,15.614578759256503,18,15.480000000000015
77,WFAgent0,FEMALE_OLD_LOW_INCOME,16,13.781318000593613,16,13.760000000000012
77,WFAgent1,MALE_LOW_INCOME,23,23.773817401368895,27,23.22000000000001
77,WFAgent2,FEMALE_HIGH_INCOME,5,3.8532242802314203,0,0.0
77,WFAgent3,YOUNG_HIGH_INCOME,5,4.490511380620308,5,4.3000000000000025
77,WFAgent4,MALE_LOW_INCOME,23,29.933271607683,34,29.240000000000006
77,WFAgent5,FEMALE_OLD_HIGH_INCOME,3,3.0307567887745503,3,2.580000000000002
78,WFAgent6,FEMALE_LOW_INCOME,28,24.4998478439788,28,24.08000000000001
78,WEAgent0,FEMALE_LOW_INCOME,28,28.69873440831284,33,28.380000000000006
78,WFAgent0,MALE_OLD,17,17.923901480340817,20,17.200000000000014
78,WFAgent1,MALE_OLD,17,17.83869636400085,20,17.200000000000014
78,WFAgent2,FEMALE_YOUNG_HIGH_INCOME,2,2.026411637980327,2,1.9124110246703743
78,WFAgent3,OLD_HIGH_INCOME,8,7.811435567068681,9,7.740000000000004
78,WFAgent4,YOUNG_HIGH_INCOME,5,4.781027561675936,5,4.3000000000000025
78,WFAgent5,FEMALE_HIGH_INCOME,5,4.9698471139236915,5,4.3000000000000025
79,WFAgent6,YOUNG_HIGH_INCOME,5,4.9727503680785645,5,4.3000000000000025
79,WEAgent0,FEMALE_YOUNG_LOW_INCOME,13,12.371939007440266,14,12.04000000000001
79,WFAgent0,YOUNG_HIGH_INCOME,5,4.164092069229953,0,0.0
79,WFAgent1,FEMALE_YOUNG_LOW_INCOME,13,14.341585783784353,15,14.275314239354156
79,WFAgent2,MALE_HIGH_INCOME,9,10.258842503597283,11,9.460000000000006
79,WFAgent3,FEMALE_LOW_INCOME,28,28.09795761963001,32,27.520000000000007
79,WFAgent4,FEMALE_OLD_HIGH_INCOME,3,3.3459376271347634,3,2.580000000000002
79,WFAgent5,MALE_HIGH_INCOME,9,10.735292740296222,12,10.320000000000007
80,WFAgent6,FEMALE_OLD,18,15.490868744186278,18,15.480000000000015
80,WEAgent0,MALE_OLD,17,16.92618670930316,19,16.340000000000014
80,WFAgent0,FEMALE_OLD_HIGH_INCOME,3,3.1591350905361444,3,2.58181145736438
80,WFAgent1,MALE_OLD_HIGH_INCOME,6,5.877013385025815,6,5.160000000000003
80,WFAgent2,FEMALE_LOW_INCOME,28,25.814981428408974,30,25.800000000000008
80,WFAgent3,FEMALE_OLD_LOW_INCOME,16,14.678276043084544,17,14.620000000000013
80,WFAgent4,OLD_HIGH_INCOME,8,8.402390406816373,9,7.740000000000004
80,WFAgent5,YOUNG_HIGH_INCOME,5,5.345324115031635,6,5.160000000000003
81,WFAgent6,FEMALE_YOUNG,14,12.962156665160279,15,12.900000000000011
81,WEAgent0,FEMALE_YOUNG_HIGH_INCOME,2,2.1533325431264334,2,1.720000000000001
81,WFAgent0,FEMALE_HIGH_INCOME,5,6.242663456498789,7,6.020000000000003
81,WFAgent1,MALE_YOUNG_HIGH_INCOME,4,3.8403575546786817,4,3.440000000000002
81,WFAgent2,YOUNG_HIGH_INCOME,5,4.080871886459442,0,0.0
81,WFAgent3,YOUNG_HIGH_INCOME,5,5.3003000469644626,5,4.629341666128671
81,WFAgent4,YOUNG_LOW_INCOME,24,21.54998361710767,25,21.50000000000001
81,WFAgent5,FEMALE_OLD_HIGH_INCOME,3,2.576909524467725,0,0.0
82,WFAgent6,MALE_YOUNG_LOW_INCOME,12,12.324510955540463,14,12.04000000000001
82,WEAgent0,OLD_HIGH_INCOME,8,8.417099540795078,9,7.740000000000004
82,WFAgent0,YOUNG_HIGH_INCOME,5,5.12924627820431,5,4.3000000000000025
82,WFAgent1,FEMALE_OLD,18,18.958748344224716,22,18.920000000000012
82,WFAgent2,FEMALE_HIGH_INCOME,5,5.769805395259155,5,5.260687212996924
82,WFAgent3,FEMALE_HIGH_INCOME,5,4.5778632323430575,5,4.3000000000000025
82,WFAgent4,MALE_LOW_INCOME,23,19.169099381532117,0,0.0
82,WFAgent5,YOUNG_HIGH_INCOME,5,5.32650733247133,6,5.160000000000003
83,WFAgent6,FEMALE_YOUNG_LOW_INCOME,13,14.151520339545053,16,13.760000000000012
83,WEAgent0,FEMALE_YOUNG_HIGH_INCOME,2,1.9514134846188398,2,1.720000000000001
83,WFAgent0,MALE_HIGH_INCOME,9,10.022942916382659,11,9.460000000000006
83,WFAgent1,OLD_HIGH_INCOME,8,7.949784091661106,9,7.740000000000004
83,WFAgent2,FEMALE_OLD,18,19.984532533368043,23,19.780000000000012
83,WFAgent3,YOUNG_LOW_INCOME,24,23.56544504608037,27,23.22000000000001
83,WFAgent4,FEMALE_OLD_LOW_INCOME,16,13.958616830306495,16,13.760000000000012
83,WFAgent5,FEMALE_OLD_LOW_INCOME,16,17.475972664363603,20,17.200000000000014
84,WFAgent6,YOUNG_HIGH_INCOME,5,5.354929230357704,6,5.160000000000003
84,WEAgent0,FEMALE_LOW_INCOME,28,24.546526863853707,28,24.08000000000001
84,WFAgent0,MALE_OLD,17,17.300503369329583,20,17.200000000000014
84,WFAgent1,MALE_OLD_LOW_INCOME,12,12.611454203521397,14,12.04000000000001
84,WFAgent2,MALE_YOUNG_LOW_INCOME,12,10.914247960119393,12,10.320000000000007
84,WFAgent3,FEMALE_OLD_HIGH_INCOME,3,3.5822330300465013,4,3.440000000000002
84,WFAgent4,FEMALE_YOUNG_HIGH_INCOME,2,1.7993431797227015,2,1.720000000000001
84,WFAgent5,MALE_YOUNG,15,16.9807837966998,19,16.340000000000014
85,WFAgent6,YOUNG_LOW_INCOME,24,24.18294040356139,28,24.08000000000001
85,WEAgent0,FEMALE_LOW_INCOME,28,29.446040845535254,34,29.240000000000006
85,WFAgent0,MALE_YOUNG,15,16.167729863889228,18,15.480000000000015
85,WFAgent1,FEMALE_OLD_LOW_INCOME,16,15.513287945946265,18,15.480000000000015
85,WFAgent2,FEMALE_OLD_HIGH_INCOME,3,3.000236815011407,3,2.580000000000002
85,WFAgent3,YOUNG_HIGH_INCOME,5,5.859148812045255,6,5.217850088142291
85,WFAgent4,FEMALE_HIGH_INCOME,5,5.7647356139212,6,5.160000000000003
85,WFAgent5,MALE_HIGH_INCOME,9,7.826775132213436,9,7.740000000000004
86,WFAgent6,FEMALE_HIGH_INCOME,5,4.751001101197148,5,4.3000000000000025
86,WEAgent0,MALE_YOUNG,15,14.840231824693973,17,14.620000000000013
86,WFAgent0,FEMALE_YOUNG_LOW_INCOME,13,12.55357454847293,14,12.04000000000001
86,WFAgent1,MALE_OLD_HIGH_INCOME,6,6.359390358515704,7,6.020000000000003
86,WFAgent2,YOUNG_HIGH_INCOME,5,4.814745455337493,5,4.3000000000000025
86,WFAgent3,MALE_LOW_INCOME,23,23.90782161011538,27,23.22000000000001
86,WFAgent4,FEMALE_OLD_LOW_INCOME,16,17.638174990662968,20,17.200000000000014
86,WFAgent5,MALE_OLD_LOW_INCOME,12,12.711911744007644,14,12.04000000000001
87,WFAgent6,FEMALE_OLD_LOW_INCOME,16,16.46400668480997,19,16.340000000000014
87,WEAgent0,MALE_YOUNG_LOW_INCOME,12,12.92377046512638,15,12.900000000000011
87,WFAgent0,FEMALE_YOUNG_LOW_INCOME,13,11.235020884374087,13,11.180000000000009
87,WFAgent1,MALE_YOUNG_LOW_INCOME,12,11.488974870864773,13,11.180000000000009
87,WFAgent2,FEMALE_OLD,18,19.37922344096983,22,18.920000000000012
87,WFAgent3,MALE_LOW_INCOME,23,26.469689515110996,30,25.800000000000008
87,WFAgent4,OLD_LOW_INCOME,27,24.33162501312669,28,24.08000000000001
87,WFAgent5,YOUNG_HIGH_INCOME,5,5.9316157169121135,6,5.160000000000003
88,WFAgent6,YOUNG_HIGH_INCOME,5,4.724563895942579,5,4.3000000000000025
88,WEAgent0,MALE_YOUNG_LOW_INCOME,12,10.17253248144095,0,0.0
88,WFAgent0,FEMALE_HIGH_INCOME,5,5.725409723924022,6,5.160000000000003
88,WFAgent1,FEMALE_OLD_HIGH_INCOME,3,3.0792487168983818,3,2.580000000000002
88,WFAgent2,MALE_HIGH_INCOME,9,9.668750187415487,11,9.460000000000006
88,WFAgent3,MALE_LOW_INCOME,23,21.506051769574167,25,21.50000000000001
88,WFAgent4,FEMALE_LOW_INCOME,28,28.13204613623305,32,27.520000000000007
88,WFAgent5,OLD_LOW_INCOME,27,30.404991059341903,35,30.100000000000005
89,WFAgent6,MALE_OLD_LOW_INCOME,12,11.262250564174124,13,11.180000000000009
89,WEAgent0,FEMALE_OLD_LOW_INCOME,16,18.262963028737992,18,18.157027678028758
89,WFAgent0,OLD_LOW_INCOME,27,27.815937341932266,32,27.520000000000007
89,WFAgent1,YOUNG_LOW_INCOME,24,25.52983236478254,29,24.94000000000001
89,WFAgent2,FEMALE_YOUNG_LOW_INCOME,13,14.789723396715797,17,14.620000000000013
89,WFAgent3,MALE_OLD_LOW_INCOME,12,10.14549983336379,0,0.0
89,WFAgent4,OLD_LOW_INCOME,27,27.235541517043135,31,26.660000000000007
89,WFAgent5,OLD_HIGH_INCOME,8,8.729401625447085,10,8.600000000000005
90,WFAgent6,OLD_HIGH_INCOME,8,6.782740581918958,0,0.0
90,WEAgent0,MALE_OLD,17,17.26522494450273,20,17.200000000000014
90,WFAgent0,MALE_HIGH_INCOME,9,9.308062539045315,10,8.600000000000005
90,WFAgent1,MALE_OLD_HIGH_INCOME,6,6.603866522844944,6,6.09360880394214
90,WFAgent2,FEMALE_OLD_LOW_INCOME,16,16.909726971266007,19,16.340000000000014
90,WFAgent3,MALE_OLD_LOW_INCOME,12,12.921797117438913,15,12.900000000000011
90,WFAgent4,YOUNG_LOW_INCOME,24,28.03844992048773,32,27.520000000000007
90,WFAgent5,FEMALE_HIGH_INCOME,5,4.513241932674149,5,4.3000000000000025
91,WFAgent6,OLD_HIGH_INCOME,8,7.56400043962208,8,6.8800000000000034
91,WEAgent0,MALE_LOW_INCOME,23,22.67411928312247,26,22.36000000000001
91,WFAgent0,MALE_YOUNG_HIGH_INCOME,4,4.217248278228674,4,4.1493788467841215
91,WFAgent1,MALE_HIGH_INCOME,9,9.336102405264274,10,8.600000000000005
91,WFAgent2,FEMALE_YOUNG_HIGH_INCOME,2,2.3545531963967377,2,1.720000000000001
91,WFAgent3,MALE_YOUNG_HIGH_INCOME,4,4.14978859614275,4,3.440000000000002
91,WFAgent4,MALE_OLD_HIGH_INCOME,6,5.563988213790106,6,5.160000000000003
91,WFAgent5,MALE_YOUNG,15,12.671384071055357,0,0.0
92,WFAgent6,YOUNG_HIGH_INCOME,5,4.792810806807987,5,4.3000000000000025
92,WEAgent0,MALE_OLD_LOW_INCOME,12,12.997415099380575,15,12.900000000000011
92,WFAgent0,FEMALE_YOUNG_LOW_INCOME,13,14.53475764827904,16,13.760000000000012
92,WFAgent1,MALE_LOW_INCOME,23,23.289931547314957,27,23.22000000000001
92,WFAgent2,MALE_OLD,17,18.733367432085583,21,18.060000000000013
92,WFAgent3,MALE_HIGH_INCOME,9,8.735059784365578,10,8.600000000000005
92,WFAgent4,MALE_HIGH_INCOME,9,10.018310582275507,11,9.460000000000006
92,WFAgent5,FEMALE_OLD_LOW_INCOME,16,17.269642134563355,20,17.200000000000014
93,WFAgent6,FEMALE_YOUNG,14,13.680016890667513,15,12.900000000000011
93,WEAgent0,MALE_OLD_HIGH_INCOME,6,6.132308978785218,7,6.020000000000003
93,WFAgent0,MALE_YOUNG_HIGH_INCOME,4,3.7480294805475824,4,3.440000000000002
93,WFAgent1,FEMALE_YOUNG_LOW_INCOME,13,13.897585732870477,16,13.760000000000012
93,WFAgent2,FEMALE_YOUNG_LOW_INCOME,13,9.831206164391247,0,0.0
93,WFAgent3,MALE_YOUNG_HIGH_INCOME,4,3.458300962336408,4,3.440000000000002
93,WFAgent4,FEMALE_OLD_LOW_INCOME,16,16.639509605081518,19,16.340000000000014
93,WFAgent5,MALE_OLD_LOW_INCOME,12,11.880489452602422,13,11.180000000000009
94,WFAgent6,MALE_YOUNG_LOW_INCOME,12,11.355028190941557,13,11.180000000000009
94,WEAgent0,MALE_HIGH_INCOME,9,9.262582113823427,9,8.339461953251604
94,WFAgent0,MALE_OLD_HIGH_INCOME,6,6.5616798472019235,7,6.020000000000003
94,WFAgent1,MALE_YOUNG,15,14.62562190156118,16,13.959820651083877
94,WFAgent2,MALE_OLD,17,18.065373080107165,21,18.060000000000013
94,WFAgent3,MALE_YOUNG_HIGH_INCOME,4,3.70642753477849,4,3.440000000000002
94,WFAgent4,FEMALE_HIGH_INCOME,5,5.608905480206624,6,5.160000000000003
94,WFAgent5,MALE_HIGH_INCOME,9,10.148601287911582,10,9.266068836946227
95,WFAgent6,MALE_OLD_LOW_INCOME,12,11.443839004021914,13,11.180000000000009
95,WEAgent0,MALE_YOUNG_HIGH_INCOME,4,4.8276675887838385,5,4.3000000000000025
95,WFAgent0,OLD_LOW_INCOME,27,29.82672347336979,34,29.240000000000006
95,WFAgent1,MALE_LOW_INCOME,23,21.886629851334124,25,21.50000000000001
95,WFAgent2,MALE_OLD,17,17.8046123523313,20,17.200000000000014
95,WFAgent3,MALE_OLD_LOW_INCOME,12,11.71556568235562,12,11.419111226783023
95,WFAgent4,MALE_LOW_INCOME,23,23.479700178003363,27,23.22000000000001
95,WFAgent5,OLD_HIGH_INCOME,8,8.653376278589969,10,8.600000000000005
96,WFAgent6,FEMALE_YOUNG_LOW_INCOME,13,10.505756349787884,0,0.0
96,WEAgent0,YOUNG_LOW_INCOME,24,27.683047918311924,32,27.520000000000007
96,WFAgent0,FEMALE_LOW_INCOME,28,31.010872774274436,36,30.960000000000004
96,WFAgent1,MALE_HIGH_INCOME,9,9.063549834183211,10,8.600000000000005
96,WFAgent2,FEMALE_OLD,18,17.015041318839423,19,16.340000000000014
96,WFAgent3,OLD_HIGH_INCOME,8,7.758393127947346,9,7.740000000000004
96,WFAgent4,FEMALE_HIGH_INCOME,5,4.509909798442158,5,4.3000000000000025
96,WFAgent5,FEMALE_LOW_INCOME,28,33.455483910808226,38,32.68000000000001
97,WFAgent6,FEMALE_HIGH_INCOME,5,5.075639700906953,5,4.3000000000000025
97,WEAgent0,MALE_OLD_LOW_INCOME,12,12.762912561262864,14,12.04000000000001
97,WFAgent0,MALE_YOUNG_LOW_INCOME,12,11.437001104953119,13,11.180000000000009
97,WFAgent1,FEMALE_YOUNG,14,13.505346077946554,15,12.900000000000011
97,WFAgent2,FEMALE_YOUNG_LOW_INCOME,13,12.496929072370019,14,12.04000000000001
97,WFAgent3,FEMALE_OLD_HIGH_INCOME,3,2.763098128381426,3,2.580000000000002
97,WFAgent4,OLD_LOW_INCOME,27,26.75209269806402,31,26.660000000000007
97,WFAgent5,MALE_HIGH_INCOME,9,9.564438918304601,11,9.460000000000006
98,WFAgent6,FEMALE_YOUNG,14,14.477202481765165,16,13.760000000000012
98,WEAgent0,MALE_OLD_HIGH_INCOME,6,6.136034556206596,7,6.020000000000003
98,WFAgent0,MALE_LOW_INCOME,23,22.434213744409906,26,22.36000000000001
98,WFAgent1,YOUNG_LOW_INCOME,24,27.68390244964393,32,27.520000000000007
98,WFAgent2,YOUNG_HIGH_INCOME,5,4.812382782004372,5,4.3000000000000025
98,WFAgent3,MALE_YOUNG_LOW_INCOME,12,13.394146555568202,15,12.900000000000011
98,WFAgent4,MALE_YOUNG_HIGH_INCOME,4,3.895304572489471,4,3.440000000000002
98,WFAgent5,MALE_YOUNG_HIGH_INCOME,4,4.02266695185373,4,3.8499062256034975
99,WFAgent6,OLD_HIGH_INCOME,8,7.413312849443458,8,6.8800000000000034
99,WEAgent0,OLD_HIGH_INCOME,8,9.094859198810054,10,8.600000000000005
99,WFAgent0,FEMALE_LOW_INCOME,28,21.935529322012016,0,0.0
99,WFAgent1,OLD_HIGH_INCOME,8,8.94342750826843,10,8.724801765097514
99,WFAgent2,MALE_OLD,17,14.832163000665776,17,14.620000000000013
99,WFAgent3,FEMALE_LOW_INCOME,28,31.456690826261806,36,30.960000000000004
99,WFAgent4,MALE_OLD_LOW_INCOME,12,11.777054101907613,13,11.180000000000009
99,WFAgent5,FEMALE_OLD_HIGH_INCOME,3,2.400437632684481,0,0.0

