0,WEAgent1,OLD_HIGH_INCOME,729,729.0,0,0.0
0,WFAgent6,FEMALE_YOUNG_LOW_INCOME,396,396.0,396,396.0
0,WEAgent2,MALE_YOUNG_LOW_INCOME,1101,1101.0,0,0.0
0,WFAgent7,MALE_OLD,1561,1561.0,0,0.0
0,WFAgent8,FEMALE_YOUNG_LOW_INCOME,1188,1188.0,1572,431.0
0,WEAgent0,FEMALE_OLD,1684,1684.0,2831,0.0
0,WFAgent9,MALE_LOW_INCOME,2178,2178.0,0,0.0
0,WEAgent3,MALE_HIGH_INCOME,795,795.0,1323,0.0
0,WEAgent4,MALE_OLD,1041,1041.0,0,0.0
0,WFAgent13,MALE_YOUNG,1411,1411.0,0,0.0
0,WFAgent12,MALE_YOUNG_HIGH_INCOME,206,206.0,0,0.0
0,WFAgent11,MALE_LOW_INCOME,1452,1452.0,0,0.0
0,WFAgent0,OLD_LOW_INCOME,2517,2517.0,0,0.0
0,WFAgent10,MALE_HIGH_INCOME,795,795.0,0,0.0
0,WFAgent1,MALE_YOUNG_LOW_INCOME,367,367.0,1827,0.0
0,WFAgent2,MALE_YOUNG_HIGH_INCOME,206,206.0,0,0.0
0,WFAgent3,MALE_YOUNG,941,941.0,0,0.0
0,WFAgent4,OLD_LOW_INCOME,1678,1678.0,1776,0.0
0,WFAgent5,MALE_LOW_INCOME,1452,1452.0,0,0.0
1,WEAgent1,FEMALE_LOW_INCOME,1752,1752.0,1752,1752.0
1,WFAgent6,MALE_HIGH_INCOME,530,530.0,0,0.0
1,WEAgent2,OLD_HIGH_INCOME,729,729.0,785,293.0
1,WFAgent7,MALE_OLD,520,520.0,0,0.0
1,WFAgent8,MALE_YOUNG,1411,1411.0,0,0.0
1,WEAgent0,MALE_OLD_HIGH_INCOME,484,484.0,0,0.0
1,WFAgent9,FEMALE_OLD,1684,1684.0,703,703.0
1,WEAgent3,YOUNG_HIGH_INCOME,309,309.0,599,187.0
1,WEAgent4,MALE_YOUNG,470,470.0,470,470.0
1,WFAgent13,OLD_LOW_INCOME,2517,2517.0,1129,1129.0
1,WFAgent12,FEMALE_YOUNG_LOW_INCOME,792,792.0,781,781.0
1,WFAgent11,FEMALE_LOW_INCOME,1752,1752.0,801,801.0
1,WFAgent0,MALE_LOW_INCOME,2178,2178.0,1100,1100.0
1,WFAgent10,MALE_LOW_INCOME,2178,2178.0,1138,1138.0
1,WFAgent1,YOUNG_LOW_INCOME,1526,1526.0,0,0.0
1,WFAgent2,FEMALE_OLD_HIGH_INCOME,81,81.0,81,81.0
1,WFAgent3,MALE_LOW_INCOME,1452,1452.0,500,500.0
1,WFAgent4,MALE_OLD_HIGH_INCOME,484,484.0,0,0.0
1,WFAgent5,MALE_OLD_HIGH_INCOME,161,161.0,161,161.0
2,WEAgent1,MALE_YOUNG_LOW_INCOME,367,367.0,0,0.0
2,WFAgent6,FEMALE_YOUNG_HIGH_INCOME,102,102.0,248,0.0
2,WEAgent2,MALE_HIGH_INCOME,795,795.0,1326,0.0
2,WFAgent7,MALE_YOUNG_HIGH_INCOME,206,206.0,0,0.0
2,WFAgent8,MALE_OLD_LOW_INCOME,1077,1077.0,0,0.0
2,WEAgent0,YOUNG_HIGH_INCOME,463,463.0,0,0.0
2,WFAgent9,MALE_LOW_INCOME,2178,2178.0,0,0.0
2,WEAgent3,FEMALE_YOUNG,1341,1341.0,2024,0.0
2,WEAgent4,MALE_HIGH_INCOME,265,265.0,0,0.0
2,WFAgent13,MALE_OLD_HIGH_INCOME,323,323.0,0,0.0
2,WFAgent12,MALE_OLD_HIGH_INCOME,161,161.0,0,0.0
2,WFAgent11,MALE_YOUNG_LOW_INCOME,734,734.0,1808,0.0
2,WFAgent0,MALE_YOUNG,941,941.0,0,0.0
2,WFAgent10,MALE_OLD_LOW_INCOME,1077,1077.0,0,0.0
2,WFAgent1,MALE_LOW_INCOME,1452,1452.0,0,0.0
2,WFAgent2,MALE_LOW_INCOME,726,726.0,0,0.0
2,WFAgent3,FEMALE_YOUNG,1341,1341.0,0,0.0
2,WFAgent4,MALE_YOUNG_LOW_INCOME,734,734.0,0,0.0
2,WFAgent5,YOUNG_HIGH_INCOME,463,463.0,0,0.0
3,WEAgent1,OLD_HIGH_INCOME,243,243.0,0,0.0
3,WFAgent6,MALE_YOUNG_LOW_INCOME,734,734.0,581,581.0
3,WEAgent2,MALE_YOUNG_HIGH_INCOME,103,103.0,0,0.0
3,WFAgent7,MALE_YOUNG_HIGH_INCOME,206,206.0,0,0.0
3,WFAgent8,MALE_YOUNG_LOW_INCOME,1101,1101.0,628,628.0
3,WEAgent0,YOUNG_LOW_INCOME,2289,2289.0,1320,1320.0
3,WFAgent9,FEMALE_OLD,561,561.0,850,561.0
3,WEAgent3,MALE_OLD,1561,1561.0,1992,182.0
3,WEAgent4,FEMALE_YOUNG_HIGH_INCOME,102,102.0,252,0.0
3,WFAgent13,FEMALE_OLD,1123,1123.0,0,0.0
3,WFAgent12,FEMALE_YOUNG_LOW_INCOME,1188,1188.0,640,640.0
3,WFAgent11,FEMALE_OLD_LOW_INCOME,960,960.0,995,891.0
3,WFAgent0,MALE_HIGH_INCOME,530,530.0,192,192.0
3,WFAgent10,MALE_OLD_HIGH_INCOME,484,484.0,219,219.0
3,WFAgent1,OLD_HIGH_INCOME,486,486.0,215,215.0
3,WFAgent2,YOUNG_LOW_INCOME,763,763.0,668,668.0
3,WFAgent3,MALE_YOUNG_HIGH_INCOME,310,310.0,490,0.0
3,WFAgent4,YOUNG_LOW_INCOME,2289,2289.0,0,0.0
3,WFAgent5,OLD_LOW_INCOME,839,839.0,839,839.0
4,WEAgent1,MALE_YOUNG_HIGH_INCOME,310,310.0,0,0.0
4,WFAgent6,FEMALE_YOUNG_LOW_INCOME,1188,1188.0,1065,910.0
4,WEAgent2,FEMALE_OLD_HIGH_INCOME,244,244.0,0,0.0
4,WFAgent7,FEMALE_YOUNG,894,894.0,894,894.0
4,WFAgent8,FEMALE_OLD,1684,1684.0,0,0.0
4,WEAgent0,MALE_OLD_HIGH_INCOME,323,323.0,0,0.0
4,WFAgent9,MALE_HIGH_INCOME,530,530.0,1318,0.0
4,WEAgent3,MALE_YOUNG_LOW_INCOME,734,734.0,1365,483.0
4,WEAgent4,MALE_OLD_HIGH_INCOME,484,484.0,0,0.0
4,WFAgent13,FEMALE_OLD_HIGH_INCOME,81,81.0,0,0.0
4,WFAgent12,MALE_OLD_HIGH_INCOME,161,161.0,0,0.0
4,WFAgent11,MALE_OLD_LOW_INCOME,359,359.0,0,0.0
4,WFAgent0,MALE_YOUNG,470,470.0,470,470.0
4,WFAgent10,FEMALE_YOUNG,1341,1341.0,0,0.0
4,WFAgent1,FEMALE_LOW_INCOME,876,876.0,0,0.0
4,WFAgent2,FEMALE_YOUNG_LOW_INCOME,396,396.0,0,0.0
4,WFAgent3,MALE_YOUNG,470,470.0,0,0.0
4,WFAgent4,FEMALE_LOW_INCOME,2628,2628.0,0,0.0
4,WFAgent5,MALE_OLD,1561,1561.0,1872,0.0
5,WEAgent1,FEMALE_YOUNG,894,894.0,0,0.0
5,WFAgent6,FEMALE_OLD_HIGH_INCOME,162,162.0,0,0.0
5,WEAgent2,OLD_LOW_INCOME,2517,2517.0,2051,2051.0
5,WFAgent7,FEMALE_LOW_INCOME,2628,2628.0,3219,1200.0
5,WFAgent8,MALE_YOUNG,470,470.0,470,470.0
5,WEAgent0,OLD_LOW_INCOME,839,839.0,0,0.0
5,WFAgent9,MALE_OLD_HIGH_INCOME,323,323.0,0,0.0
5,WEAgent3,MALE_YOUNG_LOW_INCOME,1101,1101.0,0,0.0
5,WEAgent4,MALE_YOUNG_LOW_INCOME,734,734.0,0,0.0
5,WFAgent13,MALE_LOW_INCOME,2178,2178.0,1435,1435.0
5,WFAgent12,MALE_YOUNG,470,470.0,470,470.0
5,WFAgent11,FEMALE_HIGH_INCOME,265,265.0,0,0.0
5,WFAgent0,MALE_OLD,1561,1561.0,0,0.0
5,WFAgent10,MALE_YOUNG_LOW_INCOME,1101,1101.0,541,541.0
5,WFAgent1,MALE_YOUNG_HIGH_INCOME,206,206.0,335,139.0
5,WFAgent2,MALE_YOUNG,941,941.0,0,0.0
5,WFAgent3,OLD_HIGH_INCOME,729,729.0,0,0.0
5,WFAgent4,MALE_OLD_HIGH_INCOME,484,484.0,811,0.0
5,WFAgent5,MALE_HIGH_INCOME,795,795.0,0,0.0
6,WEAgent1,MALE_YOUNG,470,470.0,1865,0.0
6,WFAgent6,MALE_HIGH_INCOME,795,795.0,0,0.0
6,WEAgent2,FEMALE_OLD_HIGH_INCOME,162,162.0,119,119.0
6,WFAgent7,MALE_HIGH_INCOME,795,795.0,0,0.0
6,WFAgent8,YOUNG_HIGH_INCOME,309,309.0,259,259.0
6,WEAgent0,FEMALE_YOUNG_HIGH_INCOME,153,153.0,84,84.0
6,WFAgent9,OLD_HIGH_INCOME,486,486.0,399,399.0
6,WEAgent3,FEMALE_OLD_LOW_INCOME,1440,1440.0,1218,1218.0
6,WEAgent4,MALE_HIGH_INCOME,530,530.0,279,279.0
6,WFAgent13,FEMALE_OLD_HIGH_INCOME,81,81.0,81,81.0
6,WFAgent12,YOUNG_HIGH_INCOME,463,463.0,256,256.0
6,WFAgent11,MALE_HIGH_INCOME,530,530.0,435,435.0
6,WFAgent0,MALE_YOUNG_HIGH_INCOME,206,206.0,0,0.0
6,WFAgent10,FEMALE_OLD_HIGH_INCOME,162,162.0,0,0.0
6,WFAgent1,MALE_YOUNG_HIGH_INCOME,206,206.0,0,0.0
6,WFAgent2,FEMALE_OLD_HIGH_INCOME,81,81.0,81,81.0
6,WFAgent3,MALE_HIGH_INCOME,530,530.0,0,0.0
6,WFAgent4,OLD_LOW_INCOME,2517,2517.0,2971,1186.0
6,WFAgent5,OLD_LOW_INCOME,839,839.0,0,0.0
7,WEAgent1,MALE_YOUNG,1411,1411.0,0,0.0
7,WFAgent6,MALE_OLD,520,520.0,467,467.0
7,WEAgent2,MALE_OLD,1041,1041.0,1268,478.0
7,WFAgent7,OLD_HIGH_INCOME,729,729.0,0,0.0
7,WFAgent8,FEMALE_HIGH_INCOME,397,397.0,0,0.0
7,WEAgent0,MALE_OLD,520,520.0,0,0.0
7,WFAgent9,MALE_LOW_INCOME,726,726.0,0,0.0
7,WEAgent3,YOUNG_HIGH_INCOME,309,309.0,834,0.0
7,WEAgent4,FEMALE_OLD_HIGH_INCOME,244,244.0,0,0.0
7,WFAgent13,YOUNG_LOW_INCOME,2289,2289.0,0,0.0
7,WFAgent12,MALE_OLD_LOW_INCOME,718,718.0,476,476.0
7,WFAgent11,YOUNG_LOW_INCOME,1526,1526.0,0,0.0
7,WFAgent0,FEMALE_OLD,561,561.0,770,561.0
7,WFAgent10,FEMALE_HIGH_INCOME,265,265.0,0,0.0
7,WFAgent1,MALE_OLD_LOW_INCOME,359,359.0,359,359.0
7,WFAgent2,MALE_YOUNG,1411,1411.0,1873,0.0
7,WFAgent3,FEMALE_OLD_LOW_INCOME,480,480.0,0,0.0
7,WFAgent4,FEMALE_OLD_LOW_INCOME,960,960.0,1789,579.0
7,WFAgent5,FEMALE_LOW_INCOME,1752,1752.0,0,0.0
8,WEAgent1,FEMALE_OLD,561,561.0,561,561.0
8,WFAgent6,MALE_OLD_HIGH_INCOME,161,161.0,161,161.0
8,WEAgent2,MALE_OLD_LOW_INCOME,718,718.0,0,0.0
8,WFAgent7,MALE_LOW_INCOME,2178,2178.0,0,0.0
8,WFAgent8,FEMALE_YOUNG,447,447.0,0,0.0
8,WEAgent0,MALE_OLD_HIGH_INCOME,161,161.0,278,0.0
8,WFAgent9,MALE_LOW_INCOME,726,726.0,0,0.0
8,WEAgent3,YOUNG_HIGH_INCOME,309,309.0,0,0.0
8,WEAgent4,MALE_LOW_INCOME,2178,2178.0,3163,493.0
8,WFAgent13,FEMALE_OLD_HIGH_INCOME,244,244.0,0,0.0
8,WFAgent12,OLD_HIGH_INCOME,486,486.0,486,486.0
8,WFAgent11,FEMALE_YOUNG_LOW_INCOME,396,396.0,1930,0.0
8,WFAgent0,FEMALE_OLD_HIGH_INCOME,81,81.0,0,0.0
8,WFAgent10,FEMALE_OLD,1123,1123.0,2013,723.0
8,WFAgent1,MALE_YOUNG,470,470.0,470,470.0
8,WFAgent2,FEMALE_OLD_HIGH_INCOME,244,244.0,155,155.0
8,WFAgent3,MALE_OLD_HIGH_INCOME,323,323.0,0,0.0
8,WFAgent4,MALE_YOUNG,470,470.0,0,0.0
8,WFAgent5,MALE_LOW_INCOME,1452,1452.0,0,0.0
9,WEAgent1,MALE_HIGH_INCOME,795,795.0,794,0.0
9,WFAgent6,FEMALE_OLD_HIGH_INCOME,162,162.0,162,162.0
9,WEAgent2,FEMALE_OLD_HIGH_INCOME,244,244.0,235,148.0
9,WFAgent7,MALE_OLD,520,520.0,0,0.0
9,WFAgent8,MALE_OLD,1561,1561.0,0,0.0
9,WEAgent0,MALE_OLD,520,520.0,0,0.0
9,WFAgent9,MALE_OLD_LOW_INCOME,718,718.0,0,0.0
9,WEAgent3,FEMALE_YOUNG_LOW_INCOME,1188,1188.0,622,622.0
9,WEAgent4,OLD_LOW_INCOME,2517,2517.0,3900,340.0
9,WFAgent13,MALE_YOUNG,941,941.0,665,665.0
9,WFAgent12,FEMALE_YOUNG_LOW_INCOME,792,792.0,618,618.0
9,WFAgent11,MALE_OLD_HIGH_INCOME,484,484.0,0,0.0
9,WFAgent0,MALE_OLD_LOW_INCOME,359,359.0,359,359.0
9,WFAgent10,OLD_LOW_INCOME,2517,2517.0,0,0.0
9,WFAgent1,MALE_YOUNG_HIGH_INCOME,206,206.0,0,0.0
9,WFAgent2,YOUNG_HIGH_INCOME,309,309.0,0,0.0
9,WFAgent3,MALE_LOW_INCOME,726,726.0,613,613.0
9,WFAgent4,MALE_LOW_INCOME,726,726.0,616,616.0
9,WFAgent5,FEMALE_YOUNG_LOW_INCOME,792,792.0,664,664.0
10,WEAgent1,FEMALE_OLD_LOW_INCOME,480,480.0,0,0.0
10,WFAgent6,MALE_OLD,1041,1041.0,656,656.0
10,WEAgent2,FEMALE_YOUNG,447,447.0,0,0.0
10,WFAgent7,FEMALE_LOW_INCOME,2628,2628.0,0,0.0
10,WFAgent8,FEMALE_YOUNG_LOW_INCOME,792,792.0,0,0.0
10,WEAgent0,MALE_OLD_LOW_INCOME,1077,1077.0,0,0.0
10,WFAgent9,FEMALE_YOUNG,447,447.0,0,0.0
10,WEAgent3,MALE_YOUNG_HIGH_INCOME,206,206.0,485,0.0
10,WEAgent4,OLD_LOW_INCOME,2517,2517.0,1574,1574.0
10,WFAgent13,FEMALE_OLD_LOW_INCOME,480,480.0,0,0.0
10,WFAgent12,YOUNG_HIGH_INCOME,154,154.0,277,0.0
10,WFAgent11,MALE_OLD_HIGH_INCOME,323,323.0,0,0.0
10,WFAgent0,MALE_OLD,1561,1561.0,633,633.0
10,WFAgent10,FEMALE_OLD,1123,1123.0,1341,929.0
10,WFAgent1,MALE_YOUNG_LOW_INCOME,734,734.0,1736,0.0
10,WFAgent2,FEMALE_YOUNG,894,894.0,2002,0.0
10,WFAgent3,FEMALE_OLD,1684,1684.0,0,0.0
10,WFAgent4,FEMALE_OLD_LOW_INCOME,480,480.0,480,480.0
10,WFAgent5,MALE_OLD_HIGH_INCOME,484,484.0,816,0.0
11,WEAgent1,FEMALE_HIGH_INCOME,132,132.0,0,0.0
11,WFAgent6,MALE_LOW_INCOME,726,726.0,0,0.0
11,WEAgent2,FEMALE_YOUNG_HIGH_INCOME,51,51.0,0,0.0
11,WFAgent7,MALE_OLD_LOW_INCOME,359,359.0,0,0.0
11,WFAgent8,OLD_LOW_INCOME,1678,1678.0,0,0.0
11,WEAgent0,MALE_YOUNG_LOW_INCOME,1101,1101.0,624,624.0
11,WFAgent9,FEMALE_OLD_HIGH_INCOME,244,244.0,400,0.0
11,WEAgent3,FEMALE_OLD,1123,1123.0,0,0.0
11,WEAgent4,MALE_YOUNG,941,941.0,1203,648.0
11,WFAgent13,OLD_HIGH_INCOME,729,729.0,0,0.0
11,WFAgent12,YOUNG_HIGH_INCOME,463,463.0,230,0.0
11,WFAgent11,FEMALE_YOUNG,447,447.0,1945,0.0
11,WFAgent0,MALE_OLD,1041,1041.0,0,0.0
11,WFAgent10,OLD_LOW_INCOME,2517,2517.0,4180,0.0
11,WFAgent1,MALE_OLD,1041,1041.0,0,0.0
11,WFAgent2,MALE_OLD,1561,1561.0,0,0.0
11,WFAgent3,FEMALE_OLD_HIGH_INCOME,162,162.0,0,0.0
11,WFAgent4,MALE_YOUNG_LOW_INCOME,734,734.0,615,615.0
11,WFAgent5,OLD_HIGH_INCOME,486,486.0,0,0.0
12,WEAgent1,MALE_YOUNG_LOW_INCOME,367,367.0,0,0.0
12,WFAgent6,FEMALE_LOW_INCOME,876,876.0,0,0.0
12,WEAgent2,MALE_YOUNG_LOW_INCOME,734,734.0,0,0.0
12,WFAgent7,MALE_YOUNG_LOW_INCOME,734,734.0,452,452.0
12,WFAgent8,FEMALE_LOW_INCOME,876,876.0,1077,874.0
12,WEAgent0,MALE_OLD,1561,1561.0,0,0.0
12,WFAgent9,FEMALE_LOW_INCOME,876,876.0,876,876.0
12,WEAgent3,MALE_YOUNG_LOW_INCOME,734,734.0,0,0.0
12,WEAgent4,MALE_OLD_HIGH_INCOME,323,323.0,0,0.0
12,WFAgent13,OLD_LOW_INCOME,2517,2517.0,4160,0.0
12,WFAgent12,MALE_YOUNG,470,470.0,0,0.0
12,WFAgent11,MALE_YOUNG_HIGH_INCOME,310,310.0,526,0.0
12,WFAgent0,MALE_YOUNG,470,470.0,461,461.0
12,WFAgent10,MALE_YOUNG,941,941.0,482,482.0
12,WFAgent1,MALE_HIGH_INCOME,795,795.0,0,0.0
12,WFAgent2,MALE_OLD_LOW_INCOME,718,718.0,0,0.0
12,WFAgent3,OLD_LOW_INCOME,1678,1678.0,0,0.0
12,WFAgent4,MALE_OLD,1041,1041.0,0,0.0
12,WFAgent5,MALE_YOUNG_LOW_INCOME,734,734.0,470,470.0
13,WEAgent1,FEMALE_YOUNG,447,447.0,0,0.0
13,WFAgent6,MALE_YOUNG,941,941.0,1812,0.0
13,WEAgent2,FEMALE_OLD,561,561.0,0,0.0
13,WFAgent7,FEMALE_OLD_LOW_INCOME,1440,1440.0,930,930.0
13,WFAgent8,FEMALE_YOUNG_HIGH_INCOME,102,102.0,269,0.0
13,WEAgent0,MALE_YOUNG_HIGH_INCOME,103,103.0,0,0.0
13,WFAgent9,MALE_HIGH_INCOME,795,795.0,1029,271.0
13,WEAgent3,FEMALE_LOW_INCOME,1752,1752.0,937,937.0
13,WEAgent4,YOUNG_LOW_INCOME,2289,2289.0,0,0.0
13,WFAgent13,MALE_YOUNG_HIGH_INCOME,310,310.0,280,280.0
13,WFAgent12,FEMALE_LOW_INCOME,1752,1752.0,0,0.0
13,WFAgent11,FEMALE_LOW_INCOME,1752,1752.0,0,0.0
13,WFAgent0,MALE_OLD,1561,1561.0,1807,0.0
13,WFAgent10,MALE_YOUNG_LOW_INCOME,367,367.0,0,0.0
13,WFAgent1,FEMALE_LOW_INCOME,2628,2628.0,0,0.0
13,WFAgent2,MALE_OLD_HIGH_INCOME,161,161.0,0,0.0
13,WFAgent3,FEMALE_LOW_INCOME,2628,2628.0,0,0.0
13,WFAgent4,FEMALE_OLD,1684,1684.0,0,0.0
13,WFAgent5,FEMALE_OLD,561,561.0,858,561.0
14,WEAgent1,MALE_OLD_LOW_INCOME,718,718.0,0,0.0
14,WFAgent6,MALE_HIGH_INCOME,530,530.0,530,530.0
14,WEAgent2,MALE_OLD_HIGH_INCOME,323,323.0,0,0.0
14,WFAgent7,OLD_LOW_INCOME,1678,1678.0,1678,1678.0
14,WFAgent8,FEMALE_HIGH_INCOME,132,132.0,0,0.0
14,WEAgent0,FEMALE_OLD_LOW_INCOME,960,960.0,1153,0.0
14,WFAgent9,FEMALE_YOUNG,894,894.0,0,0.0
14,WEAgent3,OLD_HIGH_INCOME,729,729.0,670,538.0
14,WEAgent4,MALE_OLD,520,520.0,0,0.0
14,WFAgent13,FEMALE_HIGH_INCOME,397,397.0,0,0.0
14,WFAgent12,FEMALE_YOUNG_HIGH_INCOME,102,102.0,0,0.0
14,WFAgent11,MALE_YOUNG_HIGH_INCOME,310,310.0,287,214.0
14,WFAgent0,OLD_LOW_INCOME,839,839.0,1411,494.0
14,WFAgent10,FEMALE_YOUNG,447,447.0,447,447.0
14,WFAgent1,MALE_OLD_LOW_INCOME,359,359.0,0,0.0
14,WFAgent2,FEMALE_YOUNG_HIGH_INCOME,51,51.0,0,0.0
14,WFAgent3,FEMALE_OLD_HIGH_INCOME,244,244.0,215,215.0
14,WFAgent4,YOUNG_LOW_INCOME,1526,1526.0,1908,0.0
14,WFAgent5,YOUNG_LOW_INCOME,1526,1526.0,1472,482.0
15,WEAgent1,MALE_LOW_INCOME,726,726.0,726,726.0
15,WFAgent6,OLD_LOW_INCOME,2517,2517.0,0,0.0
15,WEAgent2,MALE_OLD_HIGH_INCOME,323,323.0,239,239.0
15,WFAgent7,MALE_OLD_LOW_INCOME,718,718.0,1810,0.0
15,WFAgent8,MALE_YOUNG_LOW_INCOME,367,367.0,0,0.0
15,WEAgent0,FEMALE_YOUNG_LOW_INCOME,1188,1188.0,1986,0.0
15,WFAgent9,MALE_HIGH_INCOME,265,265.0,520,0.0
15,WEAgent3,MALE_LOW_INCOME,2178,2178.0,0,0.0
15,WEAgent4,FEMALE_OLD,1123,1123.0,1799,971.0
15,WFAgent13,MALE_YOUNG,941,941.0,1115,731.0
15,WFAgent12,FEMALE_OLD_LOW_INCOME,960,960.0,960,960.0
15,WFAgent11,FEMALE_OLD_HIGH_INCOME,81,81.0,0,0.0
15,WFAgent0,MALE_LOW_INCOME,2178,2178.0,0,0.0
15,WFAgent10,MALE_OLD_HIGH_INCOME,161,161.0,161,161.0
15,WFAgent1,MALE_HIGH_INCOME,265,265.0,0,0.0
15,WFAgent2,MALE_OLD_HIGH_INCOME,323,323.0,222,222.0
15,WFAgent3,FEMALE_YOUNG_HIGH_INCOME,102,102.0,102,102.0
15,WFAgent4,MALE_OLD_HIGH_INCOME,484,484.0,215,215.0
15,WFAgent5,YOUNG_HIGH_INCOME,463,463.0,145,104.0
16,WEAgent1,YOUNG_HIGH_INCOME,309,309.0,268,268.0
16,WFAgent6,YOUNG_LOW_INCOME,2289,2289.0,0,0.0
16,WEAgent2,FEMALE_OLD_LOW_INCOME,960,960.0,1345,615.0
16,WFAgent7,FEMALE_YOUNG_HIGH_INCOME,51,51.0,0,0.0
16,WFAgent8,FEMALE_HIGH_INCOME,265,265.0,0,0.0
16,WEAgent0,FEMALE_OLD_LOW_INCOME,480,480.0,0,0.0
16,WFAgent9,YOUNG_HIGH_INCOME,463,463.0,533,246.0
16,WEAgent3,MALE_LOW_INCOME,2178,2178.0,0,0.0
16,WEAgent4,YOUNG_LOW_INCOME,763,763.0,0,0.0
16,WFAgent13,FEMALE_LOW_INCOME,876,876.0,876,876.0
16,WFAgent12,OLD_HIGH_INCOME,243,243.0,297,75.0
16,WFAgent11,FEMALE_OLD,561,561.0,561,561.0
16,WFAgent0,YOUNG_LOW_INCOME,763,763.0,763,763.0
16,WFAgent10,FEMALE_YOUNG_LOW_INCOME,1188,1188.0,875,703.0
16,WFAgent1,MALE_OLD,520,520.0,1783,0.0
16,WFAgent2,FEMALE_OLD_HIGH_INCOME,81,81.0,81,81.0
16,WFAgent3,FEMALE_OLD,561,561.0,0,0.0
16,WFAgent4,MALE_YOUNG_HIGH_INCOME,103,103.0,0,0.0
16,WFAgent5,FEMALE_YOUNG,447,447.0,0,0.0
17,WEAgent1,FEMALE_YOUNG,1341,1341.0,748,498.0
17,WFAgent6,MALE_LOW_INCOME,2178,2178.0,0,0.0
17,WEAgent2,OLD_LOW_INCOME,1678,1678.0,1304,0.0
17,WFAgent7,MALE_OLD_LOW_INCOME,1077,1077.0,0,0.0
17,WFAgent8,MALE_OLD_LOW_INCOME,1077,1077.0,0,0.0
17,WEAgent0,MALE_YOUNG_LOW_INCOME,734,734.0,1886,0.0
17,WFAgent9,OLD_HIGH_INCOME,243,243.0,309,78.0
17,WEAgent3,FEMALE_YOUNG,894,894.0,501,501.0
17,WEAgent4,FEMALE_OLD_HIGH_INCOME,244,244.0,0,0.0
17,WFAgent13,MALE_HIGH_INCOME,265,265.0,0,0.0
17,WFAgent12,MALE_HIGH_INCOME,530,530.0,1285,103.0
17,WFAgent11,FEMALE_OLD,1123,1123.0,1123,1123.0
17,WFAgent0,FEMALE_LOW_INCOME,876,876.0,544,544.0
17,WFAgent10,MALE_YOUNG_LOW_INCOME,367,367.0,0,0.0
17,WFAgent1,FEMALE_HIGH_INCOME,397,397.0,0,0.0
17,WFAgent2,MALE_OLD_HIGH_INCOME,161,161.0,0,0.0
17,WFAgent3,FEMALE_YOUNG,447,447.0,0,0.0
17,WFAgent4,FEMALE_YOUNG,447,447.0,447,447.0
17,WFAgent5,MALE_YOUNG_HIGH_INCOME,103,103.0,103,103.0
18,WEAgent1,MALE_OLD_HIGH_INCOME,161,161.0,0,0.0
18,WFAgent6,OLD_LOW_INCOME,1678,1678.0,1025,924.0
18,WEAgent2,MALE_LOW_INCOME,726,726.0,0,0.0
18,WFAgent7,FEMALE_HIGH_INCOME,397,397.0,0,0.0
18,WFAgent8,FEMALE_OLD_LOW_INCOME,480,480.0,480,480.0
18,WEAgent0,MALE_OLD_HIGH_INCOME,323,323.0,0,0.0
18,WFAgent9,MALE_OLD,520,520.0,2320,332.0
18,WEAgent3,MALE_OLD,1561,1561.0,0,0.0
18,WEAgent4,FEMALE_YOUNG_LOW_INCOME,1188,1188.0,672,672.0
18,WFAgent13,MALE_OLD,1041,1041.0,0,0.0
18,WFAgent12,OLD_HIGH_INCOME,486,486.0,486,486.0
18,WFAgent11,MALE_OLD_LOW_INCOME,359,359.0,0,0.0
18,WFAgent0,YOUNG_HIGH_INCOME,154,154.0,250,0.0
18,WFAgent10,FEMALE_YOUNG,894,894.0,673,673.0
18,WFAgent1,FEMALE_LOW_INCOME,876,876.0,876,876.0
18,WFAgent2,FEMALE_HIGH_INCOME,397,397.0,498,155.0
18,WFAgent3,MALE_YOUNG,1411,1411.0,2046,0.0
18,WFAgent4,FEMALE_YOUNG,894,894.0,674,674.0
18,WFAgent5,YOUNG_LOW_INCOME,1526,1526.0,0,0.0
19,WEAgent1,OLD_LOW_INCOME,839,839.0,839,839.0
19,WFAgent6,MALE_YOUNG_LOW_INCOME,1101,1101.0,0,0.0
19,WEAgent2,YOUNG_LOW_INCOME,1526,1526.0,600,600.0
19,WFAgent7,MALE_YOUNG,470,470.0,0,0.0
19,WFAgent8,FEMALE_OLD_HIGH_INCOME,162,162.0,162,162.0
19,WEAgent0,MALE_LOW_INCOME,726,726.0,0,0.0
19,WFAgent9,FEMALE_YOUNG,1341,1341.0,0,0.0
19,WEAgent3,FEMALE_HIGH_INCOME,265,265.0,0,0.0
19,WEAgent4,MALE_LOW_INCOME,1452,1452.0,2088,1038.0
19,WFAgent13,FEMALE_OLD,1684,1684.0,2185,714.0
19,WFAgent12,MALE_OLD_HIGH_INCOME,323,323.0,0,0.0
19,WFAgent11,FEMALE_YOUNG,894,894.0,0,0.0
19,WFAgent0,MALE_YOUNG,1411,1411.0,605,605.0
19,WFAgent10,FEMALE_HIGH_INCOME,265,265.0,0,0.0
19,WFAgent1,MALE_HIGH_INCOME,530,530.0,877,422.0
19,WFAgent2,YOUNG_LOW_INCOME,763,763.0,1947,0.0
19,WFAgent3,MALE_OLD_LOW_INCOME,1077,1077.0,0,0.0
19,WFAgent4,OLD_HIGH_INCOME,243,243.0,243,243.0
19,WFAgent5,MALE_YOUNG_HIGH_INCOME,206,206.0,206,206.0
20,WEAgent1,MALE_YOUNG_LOW_INCOME,1101,1101.0,1795,0.0
20,WFAgent6,FEMALE_YOUNG_LOW_INCOME,792,792.0,0,0.0
20,WEAgent2,MALE_OLD,520,520.0,416,416.0
20,WFAgent7,FEMALE_OLD,1684,1684.0,0,0.0
20,WFAgent8,YOUNG_LOW_INCOME,2289,2289.0,0,0.0
20,WEAgent0,FEMALE_YOUNG,447,447.0,0,0.0
20,WFAgent9,YOUNG_HIGH_INCOME,309,309.0,309,309.0
20,WEAgent3,FEMALE_YOUNG_HIGH_INCOME,153,153.0,0,0.0
20,WEAgent4,FEMALE_LOW_INCOME,2628,2628.0,1926,1711.0
20,WFAgent13,FEMALE_YOUNG,1341,1341.0,0,0.0
20,WFAgent12,MALE_LOW_INCOME,1452,1452.0,0,0.0
20,WFAgent11,OLD_HIGH_INCOME,486,486.0,790,403.0
20,WFAgent0,OLD_LOW_INCOME,2517,2517.0,1711,1662.0
20,WFAgent10,OLD_LOW_INCOME,1678,1678.0,0,0.0
20,WFAgent1,OLD_LOW_INCOME,1678,1678.0,1678,1678.0
20,WFAgent2,MALE_OLD_LOW_INCOME,1077,1077.0,0,0.0
20,WFAgent3,YOUNG_HIGH_INCOME,463,463.0,499,328.0
20,WFAgent4,FEMALE_LOW_INCOME,876,876.0,876,876.0
20,WFAgent5,MALE_OLD_LOW_INCOME,718,718.0,0,0.0
21,WEAgent1,MALE_HIGH_INCOME,265,265.0,520,0.0
21,WFAgent6,FEMALE_HIGH_INCOME,397,397.0,0,0.0
21,WEAgent2,OLD_HIGH_INCOME,729,729.0,0,0.0
21,WFAgent7,FEMALE_LOW_INCOME,1752,1752.0,0,0.0
21,WFAgent8,YOUNG_LOW_INCOME,1526,1526.0,0,0.0
21,WEAgent0,YOUNG_LOW_INCOME,2289,2289.0,2710,733.0
21,WFAgent9,YOUNG_LOW_INCOME,1526,1526.0,0,0.0
21,WEAgent3,MALE_YOUNG_LOW_INCOME,1101,1101.0,0,0.0
21,WEAgent4,FEMALE_YOUNG_LOW_INCOME,396,396.0,0,0.0
21,WFAgent13,MALE_OLD,1041,1041.0,1768,0.0
21,WFAgent12,FEMALE_YOUNG_LOW_INCOME,1188,1188.0,0,0.0
21,WFAgent11,OLD_LOW_INCOME,839,839.0,0,0.0
21,WFAgent0,FEMALE_OLD_LOW_INCOME,480,480.0,0,0.0
21,WFAgent10,FEMALE_OLD,1123,1123.0,2786,0.0
21,WFAgent1,MALE_YOUNG,1411,1411.0,742,742.0
21,WFAgent2,FEMALE_YOUNG_HIGH_INCOME,102,102.0,285,0.0
21,WFAgent3,MALE_YOUNG_LOW_INCOME,367,367.0,367,367.0
21,WFAgent4,FEMALE_OLD_HIGH_INCOME,81,81.0,0,0.0
21,WFAgent5,FEMALE_LOW_INCOME,1752,1752.0,0,0.0
22,WEAgent1,MALE_OLD_LOW_INCOME,359,359.0,0,0.0
22,WFAgent6,MALE_HIGH_INCOME,265,265.0,0,0.0
22,WEAgent2,MALE_YOUNG_HIGH_INCOME,310,310.0,298,100.0
22,WFAgent7,FEMALE_LOW_INCOME,1752,1752.0,671,671.0
22,WFAgent8,MALE_OLD,1041,1041.0,631,631.0
22,WEAgent0,MALE_YOUNG,941,941.0,0,0.0
22,WFAgent9,YOUNG_HIGH_INCOME,154,154.0,0,0.0
22,WEAgent3,FEMALE_OLD_HIGH_INCOME,162,162.0,416,0.0
22,WEAgent4,MALE_OLD,1561,1561.0,1017,1017.0
22,WFAgent13,MALE_YOUNG_HIGH_INCOME,103,103.0,103,103.0
22,WFAgent12,FEMALE_YOUNG,1341,1341.0,655,655.0
22,WFAgent11,MALE_HIGH_INCOME,530,530.0,415,415.0
22,WFAgent0,FEMALE_LOW_INCOME,876,876.0,0,0.0
22,WFAgent10,MALE_YOUNG_HIGH_INCOME,103,103.0,103,103.0
22,WFAgent1,MALE_YOUNG,941,941.0,914,914.0
22,WFAgent2,YOUNG_HIGH_INCOME,154,154.0,253,0.0
22,WFAgent3,YOUNG_LOW_INCOME,2289,2289.0,1590,1590.0
22,WFAgent4,MALE_OLD,1041,1041.0,587,587.0
22,WFAgent5,MALE_HIGH_INCOME,530,530.0,0,0.0
23,WEAgent1,FEMALE_HIGH_INCOME,265,265.0,0,0.0
23,WFAgent6,MALE_YOUNG_LOW_INCOME,734,734.0,1798,0.0
23,WEAgent2,OLD_HIGH_INCOME,729,729.0,418,0.0
23,WFAgent7,OLD_HIGH_INCOME,729,729.0,0,0.0
23,WFAgent8,YOUNG_LOW_INCOME,2289,2289.0,0,0.0
23,WEAgent0,FEMALE_YOUNG_HIGH_INCOME,51,51.0,51,51.0
23,WFAgent9,FEMALE_HIGH_INCOME,132,132.0,203,72.0
23,WEAgent3,MALE_YOUNG,941,941.0,0,0.0
23,WEAgent4,OLD_LOW_INCOME,2517,2517.0,3374,831.0
23,WFAgent13,MALE_OLD,1041,1041.0,0,0.0
23,WFAgent12,MALE_YOUNG_HIGH_INCOME,206,206.0,0,0.0
23,WFAgent11,MALE_YOUNG_LOW_INCOME,1101,1101.0,0,0.0
23,WFAgent0,MALE_LOW_INCOME,1452,1452.0,0,0.0
23,WFAgent10,YOUNG_LOW_INCOME,1526,1526.0,1994,0.0
23,WFAgent1,MALE_HIGH_INCOME,795,795.0,1162,638.0
23,WFAgent2,MALE_OLD_HIGH_INCOME,161,161.0,161,161.0
23,WFAgent3,MALE_OLD_HIGH_INCOME,323,323.0,0,0.0
23,WFAgent4,MALE_OLD_HIGH_INCOME,161,161.0,0,0.0
23,WFAgent5,OLD_LOW_INCOME,839,839.0,839,839.0
24,WEAgent1,MALE_LOW_INCOME,1452,1452.0,3125,461.0
24,WFAgent6,YOUNG_HIGH_INCOME,463,463.0,174,174.0
24,WEAgent2,MALE_YOUNG,470,470.0,167,167.0
24,WFAgent7,YOUNG_HIGH_INCOME,309,309.0,0,0.0
24,WFAgent8,FEMALE_YOUNG,447,447.0,0,0.0
24,WEAgent0,YOUNG_HIGH_INCOME,463,463.0,0,0.0
24,WFAgent9,YOUNG_LOW_INCOME,1526,1526.0,0,0.0
24,WEAgent3,YOUNG_LOW_INCOME,1526,1526.0,1526,1526.0
24,WEAgent4,OLD_HIGH_INCOME,729,729.0,1006,187.0
24,WFAgent13,MALE_YOUNG_HIGH_INCOME,206,206.0,173,173.0
24,WFAgent12,FEMALE_OLD,561,561.0,561,561.0
24,WFAgent11,FEMALE_OLD,561,561.0,0,0.0
24,WFAgent0,FEMALE_LOW_INCOME,1752,1752.0,2382,872.0
24,WFAgent10,FEMALE_OLD_LOW_INCOME,1440,1440.0,0,0.0
24,WFAgent1,FEMALE_HIGH_INCOME,132,132.0,252,0.0
24,WFAgent2,YOUNG_HIGH_INCOME,309,309.0,0,0.0
24,WFAgent3,FEMALE_YOUNG,447,447.0,447,447.0
24,WFAgent4,FEMALE_OLD_HIGH_INCOME,244,244.0,187,187.0
24,WFAgent5,MALE_YOUNG_LOW_INCOME,367,367.0,0,0.0
25,WEAgent1,MALE_LOW_INCOME,726,726.0,726,726.0
25,WFAgent6,FEMALE_YOUNG_HIGH_INCOME,153,153.0,277,0.0
25,WEAgent2,OLD_LOW_INCOME,839,839.0,0,0.0
25,WFAgent7,FEMALE_OLD,1123,1123.0,0,0.0
25,WFAgent8,FEMALE_LOW_INCOME,2628,2628.0,0,0.0
25,WEAgent0,FEMALE_OLD,561,561.0,0,0.0
25,WFAgent9,MALE_OLD_HIGH_INCOME,161,161.0,0,0.0
25,WEAgent3,YOUNG_LOW_INCOME,763,763.0,957,280.99999999999994
25,WEAgent4,MALE_HIGH_INCOME,265,265.0,387,116.0
25,WFAgent13,FEMALE_OLD_HIGH_INCOME,244,244.0,0,0.0
25,WFAgent12,MALE_OLD,520,520.0,417,417.0
25,WFAgent11,MALE_LOW_INCOME,726,726.0,726,726.0
25,WFAgent0,OLD_LOW_INCOME,839,839.0,1149,444.0
25,WFAgent10,MALE_LOW_INCOME,1452,1452.0,0,0.0
25,WFAgent1,FEMALE_LOW_INCOME,1752,1752.0,1991,0.0
25,WFAgent2,MALE_YOUNG_HIGH_INCOME,310,310.0,0,0.0
25,WFAgent3,FEMALE_HIGH_INCOME,397,397.0,0,0.0
25,WFAgent4,MALE_OLD_HIGH_INCOME,484,484.0,388,388.0
25,WFAgent5,MALE_YOUNG_HIGH_INCOME,103,103.0,103,103.0
26,WEAgent1,MALE_LOW_INCOME,726,726.0,0,0.0
26,WFAgent6,MALE_YOUNG_LOW_INCOME,734,734.0,0,0.0
26,WEAgent2,FEMALE_HIGH_INCOME,397,397.0,0,0.0
26,WFAgent7,FEMALE_OLD,1684,1684.0,2733,81.0
26,WFAgent8,MALE_YOUNG_LOW_INCOME,734,734.0,0,0.0
26,WEAgent0,MALE_HIGH_INCOME,265,265.0,768,0.0
26,WFAgent9,MALE_HIGH_INCOME,265,265.0,559,0.0
26,WEAgent3,FEMALE_OLD_LOW_INCOME,960,960.0,0,0.0
26,WEAgent4,FEMALE_YOUNG_HIGH_INCOME,51,51.0,264,0.0
26,WFAgent13,MALE_YOUNG_LOW_INCOME,367,367.0,0,0.0
26,WFAgent12,MALE_LOW_INCOME,1452,1452.0,0,0.0
26,WFAgent11,YOUNG_LOW_INCOME,763,763.0,2015,0.0
26,WFAgent0,OLD_LOW_INCOME,1678,1678.0,929,539.0
26,WFAgent10,FEMALE_OLD_HIGH_INCOME,81,81.0,81,81.0
26,WFAgent1,MALE_LOW_INCOME,726,726.0,575,575.0
26,WFAgent2,MALE_OLD,520,520.0,520,520.0
26,WFAgent3,MALE_LOW_INCOME,1452,1452.0,615,615.0
26,WFAgent4,MALE_OLD_LOW_INCOME,359,359.0,359,359.0
26,WFAgent5,MALE_LOW_INCOME,1452,1452.0,582,582.0
27,WEAgent1,MALE_OLD_LOW_INCOME,1077,1077.0,0,0.0
27,WFAgent6,FEMALE_OLD,1123,1123.0,1123,1123.0
27,WEAgent2,FEMALE_OLD_LOW_INCOME,480,480.0,480,480.0
27,WFAgent7,MALE_HIGH_INCOME,530,530.0,0,0.0
27,WFAgent8,FEMALE_OLD_HIGH_INCOME,162,162.0,0,0.0
27,WEAgent0,MALE_OLD_LOW_INCOME,718,718.0,0,0.0
27,WFAgent9,FEMALE_OLD_HIGH_INCOME,162,162.0,142,142.0
27,WEAgent3,MALE_OLD_HIGH_INCOME,161,161.0,0,0.0
27,WEAgent4,MALE_YOUNG_LOW_INCOME,1101,1101.0,0,0.0
27,WFAgent13,FEMALE_YOUNG_LOW_INCOME,1188,1188.0,0,0.0
27,WFAgent12,MALE_OLD_HIGH_INCOME,323,323.0,323,323.0
27,WFAgent11,OLD_HIGH_INCOME,729,729.0,624,463.0
27,WFAgent0,MALE_OLD,1041,1041.0,0,0.0
27,WFAgent10,MALE_YOUNG,941,941.0,912,912.0
27,WFAgent1,FEMALE_YOUNG,1341,1341.0,2255,0.0
27,WFAgent2,MALE_LOW_INCOME,1452,1452.0,875,875.0
27,WFAgent3,OLD_LOW_INCOME,2517,2517.0,2771,955.0
27,WFAgent4,FEMALE_OLD_HIGH_INCOME,162,162.0,0,0.0
27,WFAgent5,FEMALE_OLD_LOW_INCOME,480,480.0,0,0.0
28,WEAgent1,MALE_OLD_LOW_INCOME,718,718.0,718,718.0
28,WFAgent6,MALE_YOUNG,470,470.0,470,470.0
28,WEAgent2,FEMALE_OLD_HIGH_INCOME,162,162.0,0,0.0
28,WFAgent7,OLD_LOW_INCOME,839,839.0,1058,715.0
28,WFAgent8,MALE_YOUNG_HIGH_INCOME,103,103.0,523,0.0
28,WEAgent0,MALE_YOUNG_LOW_INCOME,367,367.0,0,0.0
28,WFAgent9,YOUNG_LOW_INCOME,1526,1526.0,654,654.0
28,WEAgent3,YOUNG_LOW_INCOME,763,763.0,0,0.0
28,WEAgent4,FEMALE_LOW_INCOME,876,876.0,0,0.0
28,WFAgent13,FEMALE_HIGH_INCOME,397,397.0,0,0.0
28,WFAgent12,FEMALE_YOUNG_LOW_INCOME,792,792.0,0,0.0
28,WFAgent11,FEMALE_HIGH_INCOME,132,132.0,250,0.0
28,WFAgent0,YOUNG_LOW_INCOME,2289,2289.0,0,0.0
28,WFAgent10,FEMALE_LOW_INCOME,2628,2628.0,3201,1194.0
28,WFAgent1,OLD_HIGH_INCOME,486,486.0,843,0.0
28,WFAgent2,MALE_YOUNG_LOW_INCOME,1101,1101.0,673,673.0
28,WFAgent3,FEMALE_YOUNG,1341,1341.0,0,0.0
28,WFAgent4,FEMALE_OLD_HIGH_INCOME,162,162.0,162,162.0
28,WFAgent5,FEMALE_OLD,1684,1684.0,1448,1357.0
29,WEAgent1,MALE_OLD_HIGH_INCOME,161,161.0,0,0.0
29,WFAgent6,OLD_HIGH_INCOME,243,243.0,417,0.0
29,WEAgent2,MALE_YOUNG_LOW_INCOME,367,367.0,367,367.0
29,WFAgent7,MALE_YOUNG_LOW_INCOME,734,734.0,1433,357.0
29,WFAgent8,MALE_YOUNG_HIGH_INCOME,206,206.0,234,0.0
29,WEAgent0,FEMALE_LOW_INCOME,2628,2628.0,3454,984.0
29,WFAgent9,FEMALE_YOUNG,1341,1341.0,989,989.0
29,WEAgent3,FEMALE_OLD_LOW_INCOME,480,480.0,0,0.0
29,WEAgent4,FEMALE_OLD,1123,1123.0,0,0.0
29,WFAgent13,YOUNG_HIGH_INCOME,154,154.0,0,0.0
29,WFAgent12,FEMALE_YOUNG,894,894.0,0,0.0
29,WFAgent11,YOUNG_HIGH_INCOME,309,309.0,516,0.0
29,WFAgent0,MALE_OLD,1561,1561.0,0,0.0
29,WFAgent10,FEMALE_YOUNG,447,447.0,0,0.0
29,WFAgent1,MALE_YOUNG_LOW_INCOME,734,734.0,0,0.0
29,WFAgent2,MALE_OLD_LOW_INCOME,1077,1077.0,1795,0.0
29,WFAgent3,FEMALE_YOUNG,1341,1341.0,0,0.0
29,WFAgent4,OLD_LOW_INCOME,1678,1678.0,0,0.0
29,WFAgent5,OLD_HIGH_INCOME,243,243.0,795,0.0
30,WEAgent1,MALE_HIGH_INCOME,530,530.0,281,281.0
30,WFAgent6,MALE_YOUNG,470,470.0,470,470.0
30,WEAgent2,FEMALE_LOW_INCOME,1752,1752.0,1799,1752.0
30,WFAgent7,FEMALE_OLD,1123,1123.0,1123,1123.0
30,WFAgent8,FEMALE_OLD,561,561.0,363,0.0
30,WEAgent0,MALE_LOW_INCOME,726,726.0,1814,0.0
30,WFAgent9,MALE_HIGH_INCOME,795,795.0,0,0.0
30,WEAgent3,YOUNG_LOW_INCOME,763,763.0,0,0.0
30,WEAgent4,MALE_OLD_HIGH_INCOME,323,323.0,0,0.0
30,WFAgent13,MALE_YOUNG_HIGH_INCOME,206,206.0,0,0.0
30,WFAgent12,YOUNG_LOW_INCOME,2289,2289.0,2191,1349.0
30,WFAgent11,MALE_YOUNG_LOW_INCOME,367,367.0,0,0.0
30,WFAgent0,MALE_HIGH_INCOME,530,530.0,530,530.0
30,WFAgent10,MALE_YOUNG_LOW_INCOME,367,367.0,367,367.0
30,WFAgent1,MALE_YOUNG_HIGH_INCOME,103,103.0,0,0.0
30,WFAgent2,MALE_HIGH_INCOME,795,795.0,573,573.0
30,WFAgent3,FEMALE_OLD_HIGH_INCOME,162,162.0,0,0.0
30,WFAgent4,FEMALE_HIGH_INCOME,397,397.0,489,148.0
30,WFAgent5,OLD_HIGH_INCOME,729,729.0,0,0.0
31,WEAgent1,OLD_LOW_INCOME,839,839.0,1995,507.0
31,WFAgent6,FEMALE_OLD_LOW_INCOME,960,960.0,0,0.0
31,WEAgent2,MALE_OLD,1041,1041.0,2187,378.0
31,WFAgent7,FEMALE_YOUNG_HIGH_INCOME,102,102.0,0,0.0
31,WFAgent8,OLD_HIGH_INCOME,729,729.0,0,0.0
31,WEAgent0,YOUNG_HIGH_INCOME,309,309.0,608,80.0
31,WFAgent9,FEMALE_OLD_HIGH_INCOME,162,162.0,425,0.0
31,WEAgent3,FEMALE_HIGH_INCOME,132,132.0,95,95.0
31,WEAgent4,MALE_YOUNG_HIGH_INCOME,206,206.0,0,0.0
31,WFAgent13,FEMALE_YOUNG_HIGH_INCOME,51,51.0,0,0.0
31,WFAgent12,MALE_YOUNG,941,941.0,1785,0.0
31,WFAgent11,YOUNG_LOW_INCOME,1526,1526.0,1996,0.0
31,WFAgent0,FEMALE_HIGH_INCOME,397,397.0,0,0.0
31,WFAgent10,OLD_LOW_INCOME,839,839.0,839,839.0
31,WFAgent1,FEMALE_HIGH_INCOME,132,132.0,70,70.0
31,WFAgent2,FEMALE_OLD_HIGH_INCOME,244,244.0,0,0.0
31,WFAgent3,YOUNG_HIGH_INCOME,309,309.0,0,0.0
31,WFAgent4,MALE_YOUNG_HIGH_INCOME,310,310.0,0,0.0
31,WFAgent5,MALE_OLD_LOW_INCOME,1077,1077.0,0,0.0
32,WEAgent1,MALE_HIGH_INCOME,265,265.0,0,0.0
32,WFAgent6,FEMALE_HIGH_INCOME,397,397.0,327,327.0
32,WEAgent2,YOUNG_HIGH_INCOME,309,309.0,0,0.0
32,WFAgent7,FEMALE_OLD_LOW_INCOME,480,480.0,0,0.0
32,WFAgent8,MALE_OLD_HIGH_INCOME,161,161.0,161,161.0
32,WEAgent0,FEMALE_OLD,561,561.0,2670,195.0
32,WFAgent9,FEMALE_YOUNG_HIGH_INCOME,153,153.0,0,0.0
32,WEAgent3,FEMALE_YOUNG,894,894.0,2096,124.0
32,WEAgent4,YOUNG_HIGH_INCOME,309,309.0,0,0.0
32,WFAgent13,MALE_HIGH_INCOME,795,795.0,1094,162.0
32,WFAgent12,FEMALE_YOUNG,894,894.0,0,0.0
32,WFAgent11,MALE_YOUNG,941,941.0,1835,0.0
32,WFAgent0,FEMALE_OLD_LOW_INCOME,1440,1440.0,0,0.0
32,WFAgent10,MALE_OLD,1041,1041.0,0,0.0
32,WFAgent1,OLD_LOW_INCOME,2517,2517.0,0,0.0
32,WFAgent2,MALE_HIGH_INCOME,265,265.0,0,0.0
32,WFAgent3,FEMALE_HIGH_INCOME,265,265.0,0,0.0
32,WFAgent4,MALE_YOUNG_HIGH_INCOME,206,206.0,0,0.0
32,WFAgent5,MALE_YOUNG_HIGH_INCOME,206,206.0,0,0.0
33,WEAgent1,FEMALE_OLD_HIGH_INCOME,81,81.0,0,0.0
33,WFAgent6,MALE_YOUNG,941,941.0,0,0.0
33,WEAgent2,FEMALE_OLD,561,561.0,561,561.0
33,WFAgent7,FEMALE_YOUNG,894,894.0,0,0.0
33,WFAgent8,MALE_YOUNG_LOW_INCOME,1101,1101.0,1820,0.0
33,WEAgent0,FEMALE_YOUNG,1341,1341.0,2126,132.0
33,WFAgent9,FEMALE_OLD_LOW_INCOME,480,480.0,480,480.0
33,WEAgent3,OLD_LOW_INCOME,2517,2517.0,1893,1374.0
33,WEAgent4,FEMALE_OLD_LOW_INCOME,480,480.0,480,480.0
33,WFAgent13,FEMALE_HIGH_INCOME,397,397.0,407,258.0
33,WFAgent12,MALE_HIGH_INCOME,530,530.0,530,530.0
33,WFAgent11,MALE_OLD_HIGH_INCOME,323,323.0,0,0.0
33,WFAgent0,MALE_HIGH_INCOME,795,795.0,781,600.0
33,WFAgent10,MALE_HIGH_INCOME,530,530.0,0,0.0
33,WFAgent1,FEMALE_YOUNG,447,447.0,0,0.0
33,WFAgent2,FEMALE_YOUNG,1341,1341.0,0,0.0
33,WFAgent3,MALE_OLD_HIGH_INCOME,323,323.0,0,0.0
33,WFAgent4,FEMALE_HIGH_INCOME,265,265.0,0,0.0
33,WFAgent5,MALE_LOW_INCOME,2178,2178.0,922,922.0
34,WEAgent1,FEMALE_HIGH_INCOME,397,397.0,0,0.0
34,WFAgent6,MALE_LOW_INCOME,726,726.0,0,0.0
34,WEAgent2,OLD_LOW_INCOME,1678,1678.0,569,569.0
34,WFAgent7,YOUNG_LOW_INCOME,2289,2289.0,0,0.0
34,WFAgent8,FEMALE_OLD_LOW_INCOME,960,960.0,1778,578.0
34,WEAgent0,OLD_HIGH_INCOME,486,486.0,486,486.0
34,WFAgent9,YOUNG_LOW_INCOME,1526,1526.0,0,0.0
34,WEAgent3,FEMALE_YOUNG_HIGH_INCOME,51,51.0,51,51.0
34,WEAgent4,MALE_OLD_HIGH_INCOME,323,323.0,456,304.0
34,WFAgent13,FEMALE_YOUNG,447,447.0,0,0.0
34,WFAgent12,MALE_OLD,1561,1561.0,533,533.0
34,WFAgent11,FEMALE_YOUNG_HIGH_INCOME,153,153.0,0,0.0
34,WFAgent0,OLD_LOW_INCOME,839,839.0,839,839.0
34,WFAgent10,OLD_LOW_INCOME,1678,1678.0,0,0.0
34,WFAgent1,MALE_OLD,1561,1561.0,495,495.0
34,WFAgent2,MALE_YOUNG,470,470.0,1828,0.0
34,WFAgent3,FEMALE_YOUNG_HIGH_INCOME,51,51.0,0,0.0
34,WFAgent4,MALE_OLD_LOW_INCOME,718,718.0,0,0.0
34,WFAgent5,FEMALE_HIGH_INCOME,397,397.0,434,206.0
35,WEAgent1,FEMALE_OLD_HIGH_INCOME,162,162.0,0,0.0
35,WFAgent6,OLD_LOW_INCOME,1678,1678.0,607,607.0
35,WEAgent2,FEMALE_YOUNG_HIGH_INCOME,102,102.0,102,102.0
35,WFAgent7,OLD_LOW_INCOME,839,839.0,613,613.0
35,WFAgent8,FEMALE_HIGH_INCOME,397,397.0,545,97.0
35,WEAgent0,OLD_LOW_INCOME,2517,2517.0,1771,1771.0
35,WFAgent9,FEMALE_OLD_HIGH_INCOME,244,244.0,0,0.0
35,WEAgent3,YOUNG_HIGH_INCOME,463,463.0,0,0.0
35,WEAgent4,MALE_YOUNG,470,470.0,0,0.0
35,WFAgent13,OLD_HIGH_INCOME,729,729.0,0,0.0
35,WFAgent12,FEMALE_YOUNG_HIGH_INCOME,153,153.0,0,0.0
35,WFAgent11,MALE_OLD_HIGH_INCOME,484,484.0,818,0.0
35,WFAgent0,FEMALE_LOW_INCOME,876,876.0,876,876.0
35,WFAgent10,FEMALE_LOW_INCOME,876,876.0,0,0.0
35,WFAgent1,MALE_YOUNG_LOW_INCOME,1101,1101.0,729,729.0
35,WFAgent2,FEMALE_LOW_INCOME,2628,2628.0,2299,2181.0
35,WFAgent3,MALE_YOUNG_LOW_INCOME,367,367.0,367,367.0
35,WFAgent4,MALE_YOUNG,941,941.0,765,765.0
35,WFAgent5,OLD_HIGH_INCOME,243,243.0,0,0.0
36,WEAgent1,MALE_OLD_HIGH_INCOME,323,323.0,0,0.0
36,WFAgent6,FEMALE_YOUNG_LOW_INCOME,1188,1188.0,0,0.0
36,WEAgent2,YOUNG_HIGH_INCOME,309,309.0,218,218.0
36,WFAgent7,FEMALE_OLD,1684,1684.0,0,0.0
36,WFAgent8,OLD_HIGH_INCOME,729,729.0,1191,0.0
36,WEAgent0,FEMALE_YOUNG,894,894.0,894,894.0
36,WFAgent9,FEMALE_OLD_HIGH_INCOME,162,162.0,0,0.0
36,WEAgent3,MALE_LOW_INCOME,2178,2178.0,1974,1522.0
36,WEAgent4,MALE_OLD_HIGH_INCOME,484,484.0,0,0.0
36,WFAgent13,FEMALE_HIGH_INCOME,132,132.0,103,103.0
36,WFAgent12,YOUNG_HIGH_INCOME,309,309.0,297,297.0
36,WFAgent11,MALE_YOUNG_HIGH_INCOME,103,103.0,103,103.0
36,WFAgent0,FEMALE_LOW_INCOME,876,876.0,1219,816.0
36,WFAgent10,FEMALE_YOUNG,894,894.0,0,0.0
36,WFAgent1,OLD_HIGH_INCOME,486,486.0,0,0.0
36,WFAgent2,FEMALE_OLD,1123,1123.0,0,0.0
36,WFAgent3,FEMALE_LOW_INCOME,876,876.0,1281,0.0
36,WFAgent4,OLD_LOW_INCOME,839,839.0,1994,839.0
36,WFAgent5,MALE_LOW_INCOME,726,726.0,726,726.0
37,WEAgent1,FEMALE_HIGH_INCOME,397,397.0,663,0.0
37,WFAgent6,FEMALE_YOUNG,1341,1341.0,316,316.0
37,WEAgent2,OLD_LOW_INCOME,839,839.0,829,829.0
37,WFAgent7,YOUNG_HIGH_INCOME,463,463.0,0,0.0
37,WFAgent8,MALE_OLD,520,520.0,1772,0.0
37,WEAgent0,FEMALE_YOUNG,894,894.0,0,0.0
37,WFAgent9,FEMALE_YOUNG_LOW_INCOME,396,396.0,309,309.0
37,WEAgent3,MALE_YOUNG_LOW_INCOME,367,367.0,0,0.0
37,WEAgent4,FEMALE_LOW_INCOME,876,876.0,794,794.0
37,WFAgent13,MALE_HIGH_INCOME,265,265.0,176,176.0
37,WFAgent12,MALE_YOUNG_HIGH_INCOME,206,206.0,164,164.0
37,WFAgent11,MALE_YOUNG,1411,1411.0,618,618.0
37,WFAgent0,YOUNG_LOW_INCOME,2289,2289.0,962,962.0
37,WFAgent10,MALE_YOUNG_LOW_INCOME,1101,1101.0,625,625.0
37,WFAgent1,FEMALE_YOUNG,1341,1341.0,344,344.0
37,WFAgent2,FEMALE_YOUNG_LOW_INCOME,792,792.0,323,323.0
37,WFAgent3,MALE_HIGH_INCOME,795,795.0,816,331.0
37,WFAgent4,MALE_OLD_HIGH_INCOME,161,161.0,161,161.0
37,WFAgent5,FEMALE_LOW_INCOME,1752,1752.0,1128,1128.0
38,WEAgent1,FEMALE_OLD,561,561.0,0,0.0
38,WFAgent6,FEMALE_OLD,1684,1684.0,1617,1188.0
38,WEAgent2,FEMALE_YOUNG,1341,1341.0,0,0.0
38,WFAgent7,FEMALE_OLD_HIGH_INCOME,244,244.0,0,0.0
38,WFAgent8,MALE_OLD_HIGH_INCOME,484,484.0,0,0.0
38,WEAgent0,FEMALE_LOW_INCOME,2628,2628.0,3198,1237.0
38,WFAgent9,MALE_YOUNG,470,470.0,470,470.0
38,WEAgent3,FEMALE_HIGH_INCOME,265,265.0,0,0.0
38,WEAgent4,FEMALE_OLD_HIGH_INCOME,162,162.0,0,0.0
38,WFAgent13,FEMALE_HIGH_INCOME,132,132.0,218,0.0
38,WFAgent12,MALE_OLD_LOW_INCOME,359,359.0,359,359.0
38,WFAgent11,MALE_YOUNG_HIGH_INCOME,206,206.0,206,206.0
38,WFAgent0,MALE_YOUNG_HIGH_INCOME,310,310.0,0,0.0
38,WFAgent10,MALE_LOW_INCOME,1452,1452.0,689,689.0
38,WFAgent1,MALE_YOUNG,1411,1411.0,1746,682.0
38,WFAgent2,OLD_LOW_INCOME,839,839.0,704,704.0
38,WFAgent3,FEMALE_YOUNG_HIGH_INCOME,51,51.0,0,0.0
38,WFAgent4,MALE_OLD_HIGH_INCOME,484,484.0,0,0.0
38,WFAgent5,OLD_HIGH_INCOME,243,243.0,793,0.0
39,WEAgent1,FEMALE_OLD_LOW_INCOME,480,480.0,0,0.0
39,WFAgent6,MALE_YOUNG,1411,1411.0,0,0.0
39,WEAgent2,MALE_YOUNG,941,941.0,0,0.0
39,WFAgent7,OLD_HIGH_INCOME,729,729.0,0,0.0
39,WFAgent8,FEMALE_OLD,1684,1684.0,0,0.0
39,WEAgent0,MALE_OLD,1561,1561.0,0,0.0
39,WFAgent9,FEMALE_OLD_LOW_INCOME,1440,1440.0,0,0.0
39,WEAgent3,MALE_OLD_LOW_INCOME,1077,1077.0,0,0.0
39,WEAgent4,FEMALE_YOUNG_HIGH_INCOME,51,51.0,285,0.0
39,WFAgent13,MALE_OLD_LOW_INCOME,718,718.0,0,0.0
39,WFAgent12,MALE_OLD_HIGH_INCOME,323,323.0,0,0.0
39,WFAgent11,YOUNG_LOW_INCOME,763,763.0,0,0.0
39,WFAgent0,MALE_LOW_INCOME,2178,2178.0,2787,953.0
39,WFAgent10,OLD_HIGH_INCOME,729,729.0,1205,0.0
39,WFAgent1,FEMALE_YOUNG,1341,1341.0,0,0.0
39,WFAgent2,MALE_YOUNG,470,470.0,0,0.0
39,WFAgent3,FEMALE_LOW_INCOME,876,876.0,0,0.0
39,WFAgent4,FEMALE_LOW_INCOME,1752,1752.0,1985,0.0
39,WFAgent5,MALE_YOUNG,1411,1411.0,1379,881.0
40,WEAgent1,FEMALE_YOUNG_HIGH_INCOME,51,51.0,0,0.0
40,WFAgent6,FEMALE_YOUNG_HIGH_INCOME,153,153.0,129,129.0
40,WEAgent2,OLD_LOW_INCOME,1678,1678.0,1175,1175.0
40,WFAgent7,FEMALE_LOW_INCOME,2628,2628.0,3247,1239.0
40,WFAgent8,FEMALE_HIGH_INCOME,397,397.0,0,0.0
40,WEAgent0,MALE_YOUNG,470,470.0,898,0.0
40,WFAgent9,MALE_OLD,1561,1561.0,0,0.0
40,WEAgent3,FEMALE_YOUNG_HIGH_INCOME,102,102.0,0,0.0
40,WEAgent4,FEMALE_YOUNG_LOW_INCOME,396,396.0,0,0.0
40,WFAgent13,MALE_YOUNG_HIGH_INCOME,206,206.0,335,179.0
40,WFAgent12,MALE_YOUNG,941,941.0,941,940.9999999999999
40,WFAgent11,MALE_YOUNG_HIGH_INCOME,206,206.0,206,206.0
40,WFAgent0,MALE_YOUNG_LOW_INCOME,367,367.0,0,0.0
40,WFAgent10,FEMALE_HIGH_INCOME,132,132.0,408,0.0
40,WFAgent1,OLD_HIGH_INCOME,243,243.0,0,0.0
40,WFAgent2,FEMALE_YOUNG_LOW_INCOME,1188,1188.0,0,0.0
40,WFAgent3,YOUNG_HIGH_INCOME,154,154.0,148,148.0
40,WFAgent4,MALE_OLD,1561,1561.0,0,0.0
40,WFAgent5,FEMALE_YOUNG,1341,1341.0,0,0.0
41,WEAgent1,MALE_LOW_INCOME,2178,2178.0,1519,1213.0
41,WFAgent6,FEMALE_LOW_INCOME,1752,1752.0,0,0.0
41,WEAgent2,FEMALE_YOUNG_LOW_INCOME,792,792.0,0,0.0
41,WFAgent7,MALE_YOUNG,470,470.0,994,470.0
41,WFAgent8,FEMALE_LOW_INCOME,1752,1752.0,1752,1752.0
41,WEAgent0,FEMALE_LOW_INCOME,2628,2628.0,2093,1773.0
41,WFAgent9,FEMALE_OLD,561,561.0,841,561.0
41,WEAgent3,FEMALE_OLD,1123,1123.0,0,0.0
41,WEAgent4,FEMALE_YOUNG,447,447.0,0,0.0
41,WFAgent13,FEMALE_LOW_INCOME,1752,1752.0,0,0.0
41,WFAgent12,MALE_OLD_LOW_INCOME,718,718.0,718,718.0
41,WFAgent11,FEMALE_YOUNG,447,447.0,0,0.0
41,WFAgent0,MALE_LOW_INCOME,726,726.0,0,0.0
41,WFAgent10,FEMALE_YOUNG_HIGH_INCOME,51,51.0,0,0.0
41,WFAgent1,MALE_YOUNG_LOW_INCOME,367,367.0,367,367.0
41,WFAgent2,MALE_LOW_INCOME,726,726.0,523,523.0
41,WFAgent3,YOUNG_HIGH_INCOME,154,154.0,257,0.0
41,WFAgent4,YOUNG_LOW_INCOME,2289,2289.0,0,0.0
41,WFAgent5,MALE_YOUNG,470,470.0,3,0.0
42,WEAgent1,MALE_YOUNG_LOW_INCOME,734,734.0,708,632.0
42,WFAgent6,FEMALE_LOW_INCOME,1752,1752.0,0,0.0
42,WEAgent2,MALE_OLD_HIGH_INCOME,161,161.0,0,0.0
42,WFAgent7,FEMALE_YOUNG,1341,1341.0,0,0.0
42,WFAgent8,MALE_YOUNG_HIGH_INCOME,206,206.0,521,0.0
42,WEAgent0,FEMALE_YOUNG_HIGH_INCOME,102,102.0,0,0.0
42,WFAgent9,MALE_OLD,1561,1561.0,1747,860.0
42,WEAgent3,FEMALE_YOUNG_HIGH_INCOME,51,51.0,0,0.0
42,WEAgent4,MALE_LOW_INCOME,1452,1452.0,1452,1452.0
42,WFAgent13,FEMALE_LOW_INCOME,2628,2628.0,0,0.0
42,WFAgent12,FEMALE_LOW_INCOME,876,876.0,876,876.0
42,WFAgent11,FEMALE_YOUNG_HIGH_INCOME,153,153.0,254,0.0
42,WFAgent0,MALE_YOUNG,470,470.0,470,470.0
42,WFAgent10,FEMALE_HIGH_INCOME,397,397.0,0,0.0
42,WFAgent1,FEMALE_OLD,1684,1684.0,1215,1215.0
42,WFAgent2,OLD_HIGH_INCOME,486,486.0,0,0.0
42,WFAgent3,FEMALE_LOW_INCOME,2628,2628.0,2330,2137.0
42,WFAgent4,FEMALE_OLD,561,561.0,0,0.0
42,WFAgent5,OLD_HIGH_INCOME,729,729.0,0,0.0
43,WEAgent1,FEMALE_OLD_HIGH_INCOME,162,162.0,0,0.0
43,WFAgent6,OLD_LOW_INCOME,1678,1678.0,0,0.0
43,WEAgent2,FEMALE_OLD_HIGH_INCOME,162,162.0,0,0.0
43,WFAgent7,FEMALE_OLD_LOW_INCOME,1440,1440.0,1498,969.0
43,WFAgent8,FEMALE_LOW_INCOME,876,876.0,1193,737.0
43,WEAgent0,FEMALE_OLD_HIGH_INCOME,162,162.0,0,0.0
43,WFAgent9,MALE_LOW_INCOME,726,726.0,1772,0.0
43,WEAgent3,MALE_OLD_LOW_INCOME,1077,1077.0,0,0.0
43,WEAgent4,MALE_YOUNG_HIGH_INCOME,103,103.0,535,0.0
43,WFAgent13,YOUNG_HIGH_INCOME,154,154.0,256,0.0
43,WFAgent12,OLD_HIGH_INCOME,243,243.0,234,149.0
43,WFAgent11,FEMALE_YOUNG_HIGH_INCOME,102,102.0,0,0.0
43,WFAgent0,MALE_OLD_LOW_INCOME,359,359.0,0,0.0
43,WFAgent10,FEMALE_OLD,1123,1123.0,1123,1123.0
43,WFAgent1,FEMALE_LOW_INCOME,876,876.0,0,0.0
43,WFAgent2,MALE_OLD,1561,1561.0,2597,0.0
43,WFAgent3,FEMALE_YOUNG_LOW_INCOME,1188,1188.0,0,0.0
43,WFAgent4,FEMALE_YOUNG_HIGH_INCOME,51,51.0,0,0.0
43,WFAgent5,FEMALE_YOUNG_LOW_INCOME,792,792.0,792,792.0
44,WEAgent1,FEMALE_YOUNG_HIGH_INCOME,153,153.0,0,0.0
44,WFAgent6,OLD_HIGH_INCOME,243,243.0,0,0.0
44,WEAgent2,MALE_YOUNG_HIGH_INCOME,206,206.0,0,0.0
44,WFAgent7,MALE_HIGH_INCOME,795,795.0,1304,0.0
44,WFAgent8,MALE_OLD,520,520.0,520,520.0
44,WEAgent0,MALE_YOUNG_HIGH_INCOME,103,103.0,0,0.0
44,WFAgent9,MALE_LOW_INCOME,726,726.0,1293,500.0
44,WEAgent3,MALE_YOUNG_LOW_INCOME,1101,1101.0,0,0.0
44,WEAgent4,FEMALE_OLD_HIGH_INCOME,81,81.0,0,0.0
44,WFAgent13,OLD_HIGH_INCOME,243,243.0,261,143.0
44,WFAgent12,MALE_YOUNG,1411,1411.0,1449,372.0
44,WFAgent11,MALE_YOUNG_LOW_INCOME,367,367.0,367,367.0
44,WFAgent0,OLD_HIGH_INCOME,243,243.0,0,0.0
44,WFAgent10,FEMALE_LOW_INCOME,876,876.0,2033,0.0
44,WFAgent1,FEMALE_HIGH_INCOME,265,265.0,0,0.0
44,WFAgent2,FEMALE_HIGH_INCOME,132,132.0,0,0.0
44,WFAgent3,MALE_YOUNG_LOW_INCOME,367,367.0,0,0.0
44,WFAgent4,FEMALE_YOUNG_HIGH_INCOME,51,51.0,0,0.0
44,WFAgent5,FEMALE_OLD_HIGH_INCOME,162,162.0,162,162.0
45,WEAgent1,MALE_YOUNG_HIGH_INCOME,206,206.0,0,0.0
45,WFAgent6,MALE_OLD_LOW_INCOME,359,359.0,0,0.0
45,WEAgent2,FEMALE_HIGH_INCOME,132,132.0,0,0.0
45,WFAgent7,OLD_HIGH_INCOME,729,729.0,998,208.0
45,WFAgent8,OLD_LOW_INCOME,2517,2517.0,1399,1399.0
45,WEAgent0,MALE_OLD_LOW_INCOME,718,718.0,0,0.0
45,WFAgent9,YOUNG_LOW_INCOME,1526,1526.0,1841,0.0
45,WEAgent3,FEMALE_LOW_INCOME,1752,1752.0,2779,819.0
45,WEAgent4,MALE_YOUNG_HIGH_INCOME,103,103.0,0,0.0
45,WFAgent13,OLD_HIGH_INCOME,243,243.0,0,0.0
45,WFAgent12,OLD_LOW_INCOME,2517,2517.0,0,0.0
45,WFAgent11,FEMALE_YOUNG_HIGH_INCOME,51,51.0,51,51.0
45,WFAgent0,MALE_OLD,1561,1561.0,591,591.0
45,WFAgent10,OLD_LOW_INCOME,2517,2517.0,1420,1420.0
45,WFAgent1,YOUNG_HIGH_INCOME,463,463.0,168,168.0
45,WFAgent2,FEMALE_HIGH_INCOME,265,265.0,213,213.0
45,WFAgent3,MALE_HIGH_INCOME,265,265.0,156,156.0
45,WFAgent4,YOUNG_HIGH_INCOME,309,309.0,294,294.0
45,WFAgent5,FEMALE_YOUNG_HIGH_INCOME,153,153.0,90,90.0
46,WEAgent1,MALE_HIGH_INCOME,265,265.0,210,210.0
46,WFAgent6,FEMALE_YOUNG_HIGH_INCOME,51,51.0,0,0.0
46,WEAgent2,MALE_YOUNG_HIGH_INCOME,103,103.0,0,0.0
46,WFAgent7,MALE_OLD_LOW_INCOME,718,718.0,671,552.0
46,WFAgent8,MALE_LOW_INCOME,726,726.0,0,0.0
46,WEAgent0,MALE_OLD,520,520.0,520,520.0
46,WFAgent9,FEMALE_HIGH_INCOME,265,265.0,614,0.0
46,WEAgent3,FEMALE_YOUNG_LOW_INCOME,396,396.0,396,396.0
46,WEAgent4,FEMALE_OLD_LOW_INCOME,1440,1440.0,1768,585.0
46,WFAgent13,MALE_OLD_HIGH_INCOME,484,484.0,222,222.0
46,WFAgent12,OLD_LOW_INCOME,839,839.0,839,839.0
46,WFAgent11,FEMALE_YOUNG_HIGH_INCOME,51,51.0,0,0.0
46,WFAgent0,MALE_YOUNG_LOW_INCOME,1101,1101.0,1882,0.0
46,WFAgent10,FEMALE_OLD,561,561.0,0,0.0
46,WFAgent1,FEMALE_YOUNG,1341,1341.0,1609,458.0
46,WFAgent2,OLD_HIGH_INCOME,486,486.0,0,0.0
46,WFAgent3,MALE_HIGH_INCOME,265,265.0,749,210.0
46,WFAgent4,MALE_YOUNG,941,941.0,0,0.0
46,WFAgent5,MALE_OLD,520,520.0,520,520.0
47,WEAgent1,FEMALE_OLD_HIGH_INCOME,162,162.0,162,162.0
47,WFAgent6,MALE_YOUNG_LOW_INCOME,734,734.0,0,0.0
47,WEAgent2,FEMALE_HIGH_INCOME,265,265.0,472,166.0
47,WFAgent7,YOUNG_LOW_INCOME,763,763.0,702,702.0
47,WFAgent8,MALE_LOW_INCOME,1452,1452.0,1452,1452.0
47,WEAgent0,FEMALE_LOW_INCOME,1752,1752.0,1510,1510.0
47,WFAgent9,YOUNG_LOW_INCOME,2289,2289.0,1312,1312.0
47,WEAgent3,FEMALE_YOUNG_LOW_INCOME,1188,1188.0,0,0.0
47,WEAgent4,FEMALE_OLD_LOW_INCOME,960,960.0,802,802.0
47,WFAgent13,MALE_YOUNG,470,470.0,263,0.0
47,WFAgent12,MALE_OLD_LOW_INCOME,1077,1077.0,0,0.0
47,WFAgent11,MALE_LOW_INCOME,726,726.0,607,607.0
47,WFAgent0,FEMALE_YOUNG,1341,1341.0,0,0.0
47,WFAgent10,MALE_YOUNG,941,941.0,0,0.0
47,WFAgent1,OLD_LOW_INCOME,1678,1678.0,1610,1600.0
47,WFAgent2,OLD_LOW_INCOME,839,839.0,0,0.0
47,WFAgent3,MALE_LOW_INCOME,2178,2178.0,0,0.0
47,WFAgent4,YOUNG_LOW_INCOME,1526,1526.0,0,0.0
47,WFAgent5,YOUNG_HIGH_INCOME,154,154.0,264,0.0
48,WEAgent1,MALE_OLD_HIGH_INCOME,161,161.0,0,0.0
48,WFAgent6,MALE_YOUNG,941,941.0,941,941.0
48,WEAgent2,FEMALE_HIGH_INCOME,265,265.0,149,149.0
48,WFAgent7,MALE_OLD,1561,1561.0,0,0.0
48,WFAgent8,FEMALE_LOW_INCOME,2628,2628.0,3476,996.0
48,WEAgent0,MALE_YOUNG_HIGH_INCOME,206,206.0,0,0.0
48,WFAgent9,FEMALE_HIGH_INCOME,397,397.0,0,0.0
48,WEAgent3,MALE_OLD_HIGH_INCOME,161,161.0,0,0.0
48,WEAgent4,MALE_OLD_LOW_INCOME,718,718.0,0,0.0
48,WFAgent13,FEMALE_YOUNG,447,447.0,0,0.0
48,WFAgent12,FEMALE_YOUNG,894,894.0,894,894.0
48,WFAgent11,FEMALE_OLD_HIGH_INCOME,81,81.0,81,81.0
48,WFAgent0,OLD_LOW_INCOME,2517,2517.0,0,0.0
48,WFAgent10,FEMALE_OLD,1123,1123.0,0,0.0
48,WFAgent1,MALE_YOUNG_LOW_INCOME,1101,1101.0,969,897.0
48,WFAgent2,FEMALE_HIGH_INCOME,265,265.0,183,183.0
48,WFAgent3,MALE_HIGH_INCOME,795,795.0,1365,0.0
48,WFAgent4,OLD_LOW_INCOME,1678,1678.0,0,0.0
48,WFAgent5,OLD_LOW_INCOME,2517,2517.0,0,0.0
49,WEAgent1,OLD_HIGH_INCOME,243,243.0,0,0.0
49,WFAgent6,MALE_OLD,1561,1561.0,1860,0.0
49,WEAgent2,FEMALE_LOW_INCOME,1752,1752.0,1958,472.0
49,WFAgent7,FEMALE_YOUNG_LOW_INCOME,792,792.0,0,0.0
49,WFAgent8,FEMALE_HIGH_INCOME,265,265.0,0,0.0
49,WEAgent0,FEMALE_YOUNG_LOW_INCOME,1188,1188.0,0,0.0
49,WFAgent9,FEMALE_HIGH_INCOME,265,265.0,0,0.0
49,WEAgent3,FEMALE_OLD,561,561.0,0,0.0
49,WEAgent4,MALE_HIGH_INCOME,265,265.0,234,234.0
49,WFAgent13,MALE_OLD_LOW_INCOME,359,359.0,0,0.0
49,WFAgent12,FEMALE_OLD,561,561.0,561,561.0
49,WFAgent11,MALE_OLD_LOW_INCOME,359,359.0,0,0.0
49,WFAgent0,MALE_HIGH_INCOME,795,795.0,905,441.0
49,WFAgent10,MALE_YOUNG_LOW_INCOME,1101,1101.0,1820,0.0
49,WFAgent1,OLD_HIGH_INCOME,243,243.0,252,243.0
49,WFAgent2,FEMALE_YOUNG_LOW_INCOME,396,396.0,0,0.0
49,WFAgent3,FEMALE_YOUNG,1341,1341.0,0,0.0
49,WFAgent4,YOUNG_HIGH_INCOME,463,463.0,0,0.0
49,WFAgent5,FEMALE_LOW_INCOME,2628,2628.0,0,0.0
50,WEAgent1,FEMALE_YOUNG,894,894.0,0,0.0
50,WFAgent6,OLD_LOW_INCOME,839,839.0,0,0.0
50,WEAgent2,OLD_LOW_INCOME,2517,2517.0,3256,927.0
50,WFAgent7,MALE_YOUNG_LOW_INCOME,367,367.0,0,0.0
50,WFAgent8,MALE_YOUNG_HIGH_INCOME,103,103.0,520,0.0
50,WEAgent0,OLD_HIGH_INCOME,243,243.0,1014,190.0
50,WFAgent9,MALE_YOUNG,1411,1411.0,1865,0.0
50,WEAgent3,FEMALE_HIGH_INCOME,265,265.0,193,193.0
50,WEAgent4,FEMALE_OLD_LOW_INCOME,960,960.0,0,0.0
50,WFAgent13,FEMALE_LOW_INCOME,2628,2628.0,0,0.0
50,WFAgent12,MALE_HIGH_INCOME,265,265.0,0,0.0
50,WFAgent11,YOUNG_HIGH_INCOME,309,309.0,0,0.0
50,WFAgent0,YOUNG_HIGH_INCOME,309,309.0,0,0.0
50,WFAgent10,FEMALE_LOW_INCOME,876,876.0,0,0.0
50,WFAgent1,YOUNG_LOW_INCOME,763,763.0,1954,0.0
50,WFAgent2,YOUNG_LOW_INCOME,1526,1526.0,0,0.0
50,WFAgent3,OLD_LOW_INCOME,1678,1678.0,947,947.0
50,WFAgent4,FEMALE_HIGH_INCOME,397,397.0,0,0.0
50,WFAgent5,FEMALE_OLD_LOW_INCOME,480,480.0,0,0.0
51,WEAgent1,FEMALE_OLD_HIGH_INCOME,162,162.0,0,0.0
51,WFAgent6,OLD_HIGH_INCOME,486,486.0,583,465.0
51,WEAgent2,FEMALE_LOW_INCOME,2628,2628.0,3867,447.0
51,WFAgent7,FEMALE_OLD_HIGH_INCOME,81,81.0,0,0.0
51,WFAgent8,MALE_HIGH_INCOME,265,265.0,0,0.0
51,WEAgent0,FEMALE_HIGH_INCOME,397,397.0,0,0.0
51,WFAgent9,YOUNG_HIGH_INCOME,154,154.0,263,0.0
51,WEAgent3,FEMALE_YOUNG_LOW_INCOME,792,792.0,0,0.0
51,WEAgent4,YOUNG_HIGH_INCOME,309,309.0,0,0.0
51,WFAgent13,MALE_YOUNG,470,470.0,1874,0.0
51,WFAgent12,OLD_LOW_INCOME,1678,1678.0,1428,370.0
51,WFAgent11,MALE_OLD,1041,1041.0,0,0.0
51,WFAgent0,FEMALE_HIGH_INCOME,132,132.0,132,132.0
51,WFAgent10,OLD_LOW_INCOME,839,839.0,839,839.0
51,WFAgent1,FEMALE_OLD,1684,1684.0,0,0.0
51,WFAgent2,FEMALE_YOUNG,1341,1341.0,0,0.0
51,WFAgent3,MALE_OLD_HIGH_INCOME,161,161.0,161,161.0
51,WFAgent4,MALE_YOUNG_LOW_INCOME,1101,1101.0,0,0.0
51,WFAgent5,MALE_HIGH_INCOME,530,530.0,853,339.0
52,WEAgent1,FEMALE_YOUNG_HIGH_INCOME,102,102.0,98,98.0
52,WFAgent6,MALE_HIGH_INCOME,265,265.0,0,0.0
52,WEAgent2,FEMALE_OLD_LOW_INCOME,960,960.0,0,0.0
52,WFAgent7,FEMALE_OLD,1123,1123.0,0,0.0
52,WFAgent8,MALE_YOUNG_LOW_INCOME,734,734.0,0,0.0
52,WEAgent0,MALE_OLD,1041,1041.0,0,0.0
52,WFAgent9,OLD_LOW_INCOME,2517,2517.0,3193,1052.0
52,WEAgent3,MALE_YOUNG_HIGH_INCOME,206,206.0,0,0.0
52,WEAgent4,YOUNG_LOW_INCOME,2289,2289.0,2080,1756.0
52,WFAgent13,FEMALE_LOW_INCOME,876,876.0,0,0.0
52,WFAgent12,YOUNG_HIGH_INCOME,463,463.0,342,342.0
52,WFAgent11,FEMALE_HIGH_INCOME,132,132.0,85,85.0
52,WFAgent0,FEMALE_YOUNG_LOW_INCOME,396,396.0,0,0.0
52,WFAgent10,YOUNG_LOW_INCOME,1526,1526.0,0,0.0
52,WFAgent1,MALE_LOW_INCOME,1452,1452.0,923,923.0
52,WFAgent2,MALE_YOUNG_LOW_INCOME,734,734.0,0,0.0
52,WFAgent3,MALE_YOUNG_LOW_INCOME,734,734.0,0,0.0
52,WFAgent4,FEMALE_LOW_INCOME,1752,1752.0,1752,1752.0
52,WFAgent5,MALE_HIGH_INCOME,795,795.0,1098,264.0
53,WEAgent1,MALE_YOUNG_LOW_INCOME,734,734.0,0,0.0
53,WFAgent6,YOUNG_LOW_INCOME,763,763.0,0,0.0
53,WEAgent2,FEMALE_YOUNG_LOW_INCOME,1188,1188.0,0,0.0
53,WFAgent7,FEMALE_OLD_LOW_INCOME,480,480.0,0,0.0
53,WFAgent8,MALE_LOW_INCOME,2178,2178.0,0,0.0
53,WEAgent0,FEMALE_OLD_LOW_INCOME,1440,1440.0,0,0.0
53,WFAgent9,MALE_LOW_INCOME,726,726.0,726,726.0
53,WEAgent3,FEMALE_LOW_INCOME,1752,1752.0,4346,0.0
53,WEAgent4,MALE_YOUNG_LOW_INCOME,1101,1101.0,0,0.0
53,WFAgent13,FEMALE_HIGH_INCOME,397,397.0,410,0.0
53,WFAgent12,MALE_YOUNG_LOW_INCOME,734,734.0,1105,724.0
53,WFAgent11,FEMALE_YOUNG_HIGH_INCOME,153,153.0,280,0.0
53,WFAgent0,MALE_OLD,1561,1561.0,0,0.0
53,WFAgent10,MALE_OLD,1561,1561.0,2617,0.0
53,WFAgent1,YOUNG_LOW_INCOME,2289,2289.0,0,0.0
53,WFAgent2,FEMALE_OLD,1684,1684.0,0,0.0
53,WFAgent3,MALE_YOUNG_HIGH_INCOME,103,103.0,516,0.0
53,WFAgent4,FEMALE_YOUNG_LOW_INCOME,396,396.0,0,0.0
53,WFAgent5,YOUNG_HIGH_INCOME,154,154.0,0,0.0
54,WEAgent1,FEMALE_OLD,1123,1123.0,1123,1123.0
54,WFAgent6,YOUNG_LOW_INCOME,763,763.0,0,0.0
54,WEAgent2,MALE_YOUNG,470,470.0,560,0.0
54,WFAgent7,MALE_OLD,520,520.0,791,0.0
54,WFAgent8,FEMALE_HIGH_INCOME,265,265.0,0,0.0
54,WEAgent0,FEMALE_HIGH_INCOME,132,132.0,0,0.0
54,WFAgent9,MALE_YOUNG_LOW_INCOME,734,734.0,734,734.0
54,WEAgent3,MALE_OLD,1561,1561.0,0,0.0
54,WEAgent4,FEMALE_HIGH_INCOME,265,265.0,0,0.0
54,WFAgent13,FEMALE_LOW_INCOME,876,876.0,1172,784.0
54,WFAgent12,FEMALE_LOW_INCOME,876,876.0,1961,0.0
54,WFAgent11,MALE_YOUNG_LOW_INCOME,1101,1101.0,1108,697.0
54,WFAgent0,OLD_LOW_INCOME,1678,1678.0,1733,0.0
54,WFAgent10,FEMALE_YOUNG_HIGH_INCOME,153,153.0,0,0.0
54,WFAgent1,FEMALE_OLD_LOW_INCOME,480,480.0,480,480.0
54,WFAgent2,OLD_HIGH_INCOME,486,486.0,0,0.0
54,WFAgent3,FEMALE_HIGH_INCOME,132,132.0,77,0.0
54,WFAgent4,MALE_LOW_INCOME,1452,1452.0,0,0.0
54,WFAgent5,YOUNG_LOW_INCOME,1526,1526.0,0,0.0
55,WEAgent1,YOUNG_HIGH_INCOME,154,154.0,0,0.0
55,WFAgent6,FEMALE_OLD_LOW_INCOME,480,480.0,2475,0.0
55,WEAgent2,MALE_YOUNG,470,470.0,161,161.0
55,WFAgent7,FEMALE_YOUNG,447,447.0,1917,0.0
55,WFAgent8,FEMALE_OLD_HIGH_INCOME,81,81.0,81,81.0
55,WEAgent0,MALE_YOUNG_LOW_INCOME,1101,1101.0,0,0.0
55,WFAgent9,MALE_YOUNG_LOW_INCOME,1101,1101.0,0,0.0
55,WEAgent3,MALE_LOW_INCOME,2178,2178.0,0,0.0
55,WEAgent4,FEMALE_HIGH_INCOME,265,265.0,0,0.0
55,WFAgent13,MALE_HIGH_INCOME,530,530.0,181,181.0
55,WFAgent12,FEMALE_YOUNG_HIGH_INCOME,102,102.0,0,0.0
55,WFAgent11,MALE_YOUNG,941,941.0,0,0.0
55,WFAgent0,FEMALE_OLD_HIGH_INCOME,244,244.0,171,171.0
55,WFAgent10,FEMALE_LOW_INCOME,876,876.0,0,0.0
55,WFAgent1,OLD_HIGH_INCOME,729,729.0,1010,166.0
55,WFAgent2,OLD_LOW_INCOME,839,839.0,0,0.0
55,WFAgent3,MALE_OLD,520,520.0,1812,0.0
55,WFAgent4,YOUNG_LOW_INCOME,2289,2289.0,0,0.0
55,WFAgent5,MALE_HIGH_INCOME,265,265.0,166,166.0
56,WEAgent1,FEMALE_LOW_INCOME,876,876.0,2722,804.0
56,WFAgent6,MALE_LOW_INCOME,726,726.0,1479,392.0
56,WEAgent2,MALE_OLD,1561,1561.0,0,0.0
56,WFAgent7,FEMALE_OLD_LOW_INCOME,960,960.0,810,810.0
56,WFAgent8,MALE_OLD,520,520.0,210,210.0
56,WEAgent0,OLD_HIGH_INCOME,729,729.0,399,399.0
56,WFAgent9,MALE_YOUNG_HIGH_INCOME,206,206.0,206,206.0
56,WEAgent3,OLD_HIGH_INCOME,486,486.0,214,214.0
56,WEAgent4,FEMALE_YOUNG_HIGH_INCOME,153,153.0,0,0.0
56,WFAgent13,MALE_LOW_INCOME,1452,1452.0,0,0.0
56,WFAgent12,YOUNG_HIGH_INCOME,463,463.0,577,179.0
56,WFAgent11,OLD_LOW_INCOME,2517,2517.0,2598,826.0
56,WFAgent0,MALE_YOUNG_LOW_INCOME,367,367.0,367,367.0
56,WFAgent10,FEMALE_YOUNG_HIGH_INCOME,153,153.0,0,0.0
56,WFAgent1,FEMALE_HIGH_INCOME,265,265.0,227,227.0
56,WFAgent2,MALE_OLD_HIGH_INCOME,484,484.0,191,191.0
56,WFAgent3,MALE_YOUNG,1411,1411.0,0,0.0
56,WFAgent4,FEMALE_YOUNG,447,447.0,0,0.0
56,WFAgent5,MALE_LOW_INCOME,726,726.0,0,0.0
57,WEAgent1,OLD_LOW_INCOME,839,839.0,2388,0.0
57,WFAgent6,MALE_LOW_INCOME,2178,2178.0,3118,532.0
57,WEAgent2,FEMALE_YOUNG_LOW_INCOME,792,792.0,0,0.0
57,WFAgent7,YOUNG_LOW_INCOME,763,763.0,0,0.0
57,WFAgent8,MALE_YOUNG_HIGH_INCOME,206,206.0,179,179.0
57,WEAgent0,FEMALE_OLD_HIGH_INCOME,244,244.0,0,0.0
57,WFAgent9,YOUNG_LOW_INCOME,1526,1526.0,1993,0.0
57,WEAgent3,YOUNG_LOW_INCOME,763,763.0,0,0.0
57,WEAgent4,MALE_OLD_LOW_INCOME,359,359.0,0,0.0
57,WFAgent13,MALE_OLD_LOW_INCOME,718,718.0,0,0.0
57,WFAgent12,FEMALE_YOUNG_HIGH_INCOME,102,102.0,102,102.0
57,WFAgent11,MALE_HIGH_INCOME,265,265.0,167,167.0
57,WFAgent0,OLD_HIGH_INCOME,729,729.0,848,359.0
57,WFAgent10,MALE_OLD,520,520.0,520,520.0
57,WFAgent1,FEMALE_YOUNG_HIGH_INCOME,102,102.0,155,64.0
57,WFAgent2,FEMALE_YOUNG_HIGH_INCOME,153,153.0,0,0.0
57,WFAgent3,MALE_HIGH_INCOME,530,530.0,530,530.0
57,WFAgent4,MALE_YOUNG_HIGH_INCOME,206,206.0,0,0.0
57,WFAgent5,YOUNG_LOW_INCOME,1526,1526.0,0,0.0
58,WEAgent1,FEMALE_HIGH_INCOME,132,132.0,132,132.0
58,WFAgent6,MALE_HIGH_INCOME,795,795.0,0,0.0
58,WEAgent2,MALE_OLD_HIGH_INCOME,484,484.0,634,174.0
58,WFAgent7,YOUNG_LOW_INCOME,1526,1526.0,1952,1446.0
58,WFAgent8,YOUNG_LOW_INCOME,1526,1526.0,0,0.0
58,WEAgent0,MALE_OLD_HIGH_INCOME,323,323.0,0,0.0
58,WFAgent9,OLD_HIGH_INCOME,243,243.0,322,75.0
58,WEAgent3,FEMALE_YOUNG_HIGH_INCOME,153,153.0,0,0.0
58,WEAgent4,FEMALE_OLD_LOW_INCOME,480,480.0,2374,0.0
58,WFAgent13,YOUNG_LOW_INCOME,763,763.0,763,763.0
58,WFAgent12,OLD_LOW_INCOME,1678,1678.0,1846,0.0
58,WFAgent11,MALE_OLD_HIGH_INCOME,161,161.0,161,161.0
58,WFAgent0,MALE_YOUNG,1411,1411.0,0,0.0
58,WFAgent10,YOUNG_LOW_INCOME,2289,2289.0,0,0.0
58,WFAgent1,YOUNG_HIGH_INCOME,154,154.0,736,54.0
58,WFAgent2,MALE_YOUNG_LOW_INCOME,1101,1101.0,713,713.0
58,WFAgent3,FEMALE_YOUNG_LOW_INCOME,396,396.0,0,0.0
58,WFAgent4,MALE_OLD,1561,1561.0,0,0.0
58,WFAgent5,MALE_YOUNG_LOW_INCOME,367,367.0,367,367.0
59,WEAgent1,MALE_HIGH_INCOME,530,530.0,0,0.0
59,WFAgent6,MALE_YOUNG_LOW_INCOME,734,734.0,589,589.0
59,WEAgent2,YOUNG_LOW_INCOME,2289,2289.0,651,466.99999999999994
59,WFAgent7,FEMALE_YOUNG_HIGH_INCOME,102,102.0,0,0.0
59,WFAgent8,FEMALE_YOUNG_HIGH_INCOME,102,102.0,0,0.0
59,WEAgent0,MALE_OLD_HIGH_INCOME,323,323.0,0,0.0
59,WFAgent9,FEMALE_HIGH_INCOME,397,397.0,0,0.0
59,WEAgent3,FEMALE_YOUNG,447,447.0,447,446.99999999999994
59,WEAgent4,FEMALE_OLD_HIGH_INCOME,81,81.0,0,0.0
59,WFAgent13,MALE_LOW_INCOME,1452,1452.0,0,0.0
59,WFAgent12,FEMALE_OLD_HIGH_INCOME,244,244.0,0,0.0
59,WFAgent11,MALE_OLD,1561,1561.0,0,0.0
59,WFAgent0,FEMALE_YOUNG,894,894.0,894,893.9999999999999
59,WFAgent10,MALE_LOW_INCOME,2178,2178.0,2432,629.0
59,WFAgent1,MALE_OLD,1561,1561.0,0,0.0
59,WFAgent2,MALE_OLD_HIGH_INCOME,161,161.0,0,0.0
59,WFAgent3,MALE_YOUNG_LOW_INCOME,1101,1101.0,601,601.0
59,WFAgent4,MALE_OLD,1041,1041.0,0,0.0
59,WFAgent5,YOUNG_HIGH_INCOME,309,309.0,764,0.0
60,WEAgent1,MALE_OLD,520,520.0,460,318.0
60,WFAgent6,YOUNG_LOW_INCOME,1526,1526.0,1199,768.0
60,WEAgent2,MALE_YOUNG_LOW_INCOME,1101,1101.0,0,0.0
60,WFAgent7,MALE_OLD_LOW_INCOME,359,359.0,1820,0.0
60,WFAgent8,MALE_LOW_INCOME,2178,2178.0,0,0.0
60,WEAgent0,FEMALE_YOUNG_HIGH_INCOME,51,51.0,51,51.0
60,WFAgent9,MALE_YOUNG_LOW_INCOME,734,734.0,0,0.0
60,WEAgent3,FEMALE_OLD,1123,1123.0,2414,0.0
60,WEAgent4,MALE_YOUNG_HIGH_INCOME,206,206.0,0,0.0
60,WFAgent13,YOUNG_HIGH_INCOME,463,463.0,468,316.0
60,WFAgent12,YOUNG_HIGH_INCOME,463,463.0,0,0.0
60,WFAgent11,FEMALE_OLD_HIGH_INCOME,162,162.0,440,0.0
60,WFAgent0,MALE_YOUNG,470,470.0,0,0.0
60,WFAgent10,MALE_YOUNG_HIGH_INCOME,310,310.0,243,243.0
60,WFAgent1,MALE_YOUNG_LOW_INCOME,1101,1101.0,0,0.0
60,WFAgent2,MALE_HIGH_INCOME,265,265.0,0,0.0
60,WFAgent3,YOUNG_LOW_INCOME,763,763.0,763,763.0
60,WFAgent4,MALE_LOW_INCOME,2178,2178.0,1819,0.0
60,WFAgent5,MALE_OLD_HIGH_INCOME,323,323.0,323,323.0
61,WEAgent1,FEMALE_LOW_INCOME,2628,2628.0,2547,595.0
61,WFAgent6,OLD_LOW_INCOME,2517,2517.0,2457,632.0
61,WEAgent2,FEMALE_YOUNG,447,447.0,0,0.0
61,WFAgent7,FEMALE_LOW_INCOME,2628,2628.0,0,0.0
61,WFAgent8,MALE_YOUNG_HIGH_INCOME,206,206.0,0,0.0
61,WEAgent0,FEMALE_OLD,561,561.0,0,0.0
61,WFAgent9,OLD_LOW_INCOME,1678,1678.0,0,0.0
61,WEAgent3,MALE_HIGH_INCOME,795,795.0,652,172.0
61,WEAgent4,FEMALE_YOUNG_LOW_INCOME,1188,1188.0,0,0.0
61,WFAgent13,OLD_HIGH_INCOME,729,729.0,0,0.0
61,WFAgent12,MALE_YOUNG,470,470.0,1820,0.0
61,WFAgent11,YOUNG_HIGH_INCOME,154,154.0,0,0.0
61,WFAgent0,FEMALE_YOUNG_LOW_INCOME,792,792.0,0,0.0
61,WFAgent10,FEMALE_OLD,1684,1684.0,916,774.0
61,WFAgent1,FEMALE_LOW_INCOME,876,876.0,0,0.0
61,WFAgent2,OLD_HIGH_INCOME,729,729.0,729,729.0
61,WFAgent3,YOUNG_HIGH_INCOME,154,154.0,299,154.0
61,WFAgent4,FEMALE_OLD_LOW_INCOME,480,480.0,480,480.0
61,WFAgent5,MALE_YOUNG_LOW_INCOME,367,367.0,0,0.0
62,WEAgent1,OLD_HIGH_INCOME,729,729.0,687,193.0
62,WFAgent6,MALE_OLD_LOW_INCOME,718,718.0,0,0.0
62,WEAgent2,FEMALE_YOUNG_LOW_INCOME,396,396.0,0,0.0
62,WFAgent7,MALE_OLD_HIGH_INCOME,161,161.0,161,161.0
62,WFAgent8,FEMALE_HIGH_INCOME,397,397.0,324,294.0
62,WEAgent0,YOUNG_HIGH_INCOME,309,309.0,299,246.0
62,WFAgent9,OLD_LOW_INCOME,2517,2517.0,1769,1769.0
62,WEAgent3,MALE_OLD_LOW_INCOME,359,359.0,0,0.0
62,WEAgent4,FEMALE_LOW_INCOME,876,876.0,876,876.0
62,WFAgent13,FEMALE_YOUNG,447,447.0,1353,0.0
62,WFAgent12,OLD_LOW_INCOME,2517,2517.0,1840,1840.0
62,WFAgent11,FEMALE_YOUNG,1341,1341.0,0,0.0
62,WFAgent0,YOUNG_HIGH_INCOME,309,309.0,309,309.0
62,WFAgent10,MALE_OLD_HIGH_INCOME,161,161.0,161,161.0
62,WFAgent1,MALE_OLD_LOW_INCOME,359,359.0,359,359.0
62,WFAgent2,YOUNG_LOW_INCOME,2289,2289.0,0,0.0
62,WFAgent3,OLD_LOW_INCOME,839,839.0,0,0.0
62,WFAgent4,FEMALE_OLD_HIGH_INCOME,81,81.0,0,0.0
62,WFAgent5,FEMALE_YOUNG_HIGH_INCOME,51,51.0,51,51.0
63,WEAgent1,MALE_LOW_INCOME,2178,2178.0,0,0.0
63,WFAgent6,MALE_OLD,520,520.0,520,520.0
63,WEAgent2,FEMALE_YOUNG_LOW_INCOME,1188,1188.0,0,0.0
63,WFAgent7,MALE_YOUNG_HIGH_INCOME,310,310.0,510,0.0
63,WFAgent8,YOUNG_LOW_INCOME,2289,2289.0,1870,1870.0
63,WEAgent0,FEMALE_OLD_LOW_INCOME,1440,1440.0,2438,0.0
63,WFAgent9,FEMALE_OLD_HIGH_INCOME,81,81.0,0,0.0
63,WEAgent3,MALE_OLD_LOW_INCOME,359,359.0,359,359.0
63,WEAgent4,FEMALE_OLD_HIGH_INCOME,81,81.0,0,0.0
63,WFAgent13,FEMALE_LOW_INCOME,1752,1752.0,0,0.0
63,WFAgent12,FEMALE_YOUNG_HIGH_INCOME,153,153.0,245,0.0
63,WFAgent11,FEMALE_HIGH_INCOME,132,132.0,0,0.0
63,WFAgent0,MALE_OLD,1041,1041.0,919,522.0
63,WFAgent10,FEMALE_YOUNG_LOW_INCOME,396,396.0,0,0.0
63,WFAgent1,FEMALE_HIGH_INCOME,132,132.0,132,132.0
63,WFAgent2,OLD_HIGH_INCOME,729,729.0,785,0.0
63,WFAgent3,FEMALE_OLD_HIGH_INCOME,244,244.0,317,145.0
63,WFAgent4,FEMALE_OLD_LOW_INCOME,480,480.0,0,0.0
63,WFAgent5,YOUNG_LOW_INCOME,2289,2289.0,1905,1905.0
64,WEAgent1,MALE_OLD,520,520.0,0,0.0
64,WFAgent6,MALE_YOUNG,941,941.0,1358,477.0
64,WEAgent2,FEMALE_YOUNG_LOW_INCOME,396,396.0,0,0.0
64,WFAgent7,FEMALE_OLD_LOW_INCOME,1440,1440.0,2316,0.0
64,WFAgent8,MALE_HIGH_INCOME,530,530.0,769,217.0
64,WEAgent0,OLD_HIGH_INCOME,729,729.0,413,413.0
64,WFAgent9,FEMALE_HIGH_INCOME,397,397.0,0,0.0
64,WEAgent3,FEMALE_YOUNG_LOW_INCOME,1188,1188.0,0,0.0
64,WEAgent4,YOUNG_HIGH_INCOME,154,154.0,235,0.0
64,WFAgent13,MALE_OLD_LOW_INCOME,359,359.0,0,0.0
64,WFAgent12,FEMALE_YOUNG,1341,1341.0,0,0.0
64,WFAgent11,FEMALE_YOUNG_LOW_INCOME,792,792.0,2012,0.0
64,WFAgent0,FEMALE_LOW_INCOME,1752,1752.0,0,0.0
64,WFAgent10,MALE_LOW_INCOME,726,726.0,0,0.0
64,WFAgent1,MALE_YOUNG,470,470.0,470,470.0
64,WFAgent2,FEMALE_YOUNG,1341,1341.0,0,0.0
64,WFAgent3,MALE_LOW_INCOME,2178,2178.0,0,0.0
64,WFAgent4,OLD_HIGH_INCOME,486,486.0,421,421.0
64,WFAgent5,OLD_HIGH_INCOME,486,486.0,246,246.0
65,WEAgent1,FEMALE_YOUNG_LOW_INCOME,1188,1188.0,1045,445.0
65,WFAgent6,MALE_LOW_INCOME,1452,1452.0,894,894.0
65,WEAgent2,YOUNG_HIGH_INCOME,154,154.0,128,122.0
65,WFAgent7,OLD_LOW_INCOME,2517,2517.0,4273,0.0
65,WFAgent8,FEMALE_HIGH_INCOME,132,132.0,132,132.0
65,WEAgent0,YOUNG_LOW_INCOME,1526,1526.0,931,931.0
65,WFAgent9,FEMALE_OLD_HIGH_INCOME,244,244.0,0,0.0
65,WEAgent3,MALE_YOUNG,1411,1411.0,0,0.0
65,WEAgent4,FEMALE_OLD_HIGH_INCOME,162,162.0,0,0.0
65,WFAgent13,FEMALE_YOUNG,447,447.0,447,447.0
65,WFAgent12,OLD_HIGH_INCOME,243,243.0,0,0.0
65,WFAgent11,FEMALE_OLD_HIGH_INCOME,244,244.0,0,0.0
65,WFAgent0,FEMALE_OLD_HIGH_INCOME,162,162.0,0,0.0
65,WFAgent10,MALE_OLD_HIGH_INCOME,323,323.0,323,323.0
65,WFAgent1,FEMALE_YOUNG,447,447.0,447,447.0
65,WFAgent2,OLD_HIGH_INCOME,486,486.0,492,330.0
65,WFAgent3,MALE_YOUNG_LOW_INCOME,1101,1101.0,0,0.0
65,WFAgent4,MALE_YOUNG,1411,1411.0,0,0.0
65,WFAgent5,FEMALE_YOUNG_LOW_INCOME,792,792.0,0,0.0
66,WEAgent1,MALE_YOUNG,941,941.0,0,0.0
66,WFAgent6,MALE_YOUNG_HIGH_INCOME,206,206.0,206,206.0
66,WEAgent2,YOUNG_HIGH_INCOME,154,154.0,234,154.0
66,WFAgent7,FEMALE_YOUNG_HIGH_INCOME,102,102.0,0,0.0
66,WFAgent8,OLD_LOW_INCOME,2517,2517.0,0,0.0
66,WEAgent0,FEMALE_YOUNG_HIGH_INCOME,102,102.0,0,0.0
66,WFAgent9,MALE_LOW_INCOME,726,726.0,0,0.0
66,WEAgent3,MALE_OLD_HIGH_INCOME,484,484.0,779,0.0
66,WEAgent4,MALE_OLD_LOW_INCOME,1077,1077.0,0,0.0
66,WFAgent13,MALE_LOW_INCOME,726,726.0,726,726.0
66,WFAgent12,MALE_OLD,1561,1561.0,0,0.0
66,WFAgent11,MALE_LOW_INCOME,1452,1452.0,1097,704.0
66,WFAgent0,FEMALE_YOUNG_HIGH_INCOME,51,51.0,51,51.0
66,WFAgent10,OLD_HIGH_INCOME,243,243.0,203,0.0
66,WFAgent1,FEMALE_HIGH_INCOME,132,132.0,206,0.0
66,WFAgent2,OLD_LOW_INCOME,1678,1678.0,2417,0.0
66,WFAgent3,MALE_YOUNG,1411,1411.0,0,0.0
66,WFAgent4,MALE_YOUNG_HIGH_INCOME,206,206.0,208,191.0
66,WFAgent5,MALE_LOW_INCOME,726,726.0,0,0.0
67,WEAgent1,FEMALE_OLD_LOW_INCOME,1440,1440.0,815,815.0
67,WFAgent6,MALE_YOUNG_LOW_INCOME,734,734.0,1823,0.0
67,WEAgent2,FEMALE_OLD,1123,1123.0,0,0.0
67,WFAgent7,YOUNG_LOW_INCOME,763,763.0,702,702.0
67,WFAgent8,FEMALE_OLD,1123,1123.0,0,0.0
67,WEAgent0,FEMALE_OLD_HIGH_INCOME,244,244.0,391,0.0
67,WFAgent9,YOUNG_HIGH_INCOME,309,309.0,0,0.0
67,WEAgent3,MALE_YOUNG_HIGH_INCOME,103,103.0,0,0.0
67,WEAgent4,MALE_OLD,1041,1041.0,0,0.0
67,WFAgent13,FEMALE_LOW_INCOME,876,876.0,639,639.0
67,WFAgent12,FEMALE_OLD,1123,1123.0,772,772.0
67,WFAgent11,OLD_HIGH_INCOME,486,486.0,0,0.0
67,WFAgent0,FEMALE_YOUNG_LOW_INCOME,1188,1188.0,705,705.0
67,WFAgent10,MALE_HIGH_INCOME,530,530.0,1240,0.0
67,WFAgent1,FEMALE_YOUNG_HIGH_INCOME,51,51.0,0,0.0
67,WFAgent2,MALE_OLD_LOW_INCOME,718,718.0,0,0.0
67,WFAgent3,MALE_YOUNG_LOW_INCOME,1101,1101.0,0,0.0
67,WFAgent4,OLD_LOW_INCOME,2517,2517.0,2654,818.0
67,WFAgent5,MALE_HIGH_INCOME,795,795.0,0,0.0
68,WEAgent1,FEMALE_OLD,1123,1123.0,0,0.0
68,WFAgent6,YOUNG_HIGH_INCOME,309,309.0,84,84.0
68,WEAgent2,MALE_HIGH_INCOME,265,265.0,1230,104.0
68,WFAgent7,MALE_YOUNG_HIGH_INCOME,103,103.0,103,103.0
68,WFAgent8,MALE_YOUNG_LOW_INCOME,367,367.0,926,0.0
68,WEAgent0,MALE_OLD_HIGH_INCOME,484,484.0,0,0.0
68,WFAgent9,FEMALE_OLD_HIGH_INCOME,244,244.0,222,222.0
68,WEAgent3,FEMALE_OLD,1684,1684.0,1507,1348.0
68,WEAgent4,FEMALE_HIGH_INCOME,397,397.0,0,0.0
68,WFAgent13,FEMALE_HIGH_INCOME,132,132.0,82,82.0
68,WFAgent12,OLD_LOW_INCOME,1678,1678.0,0,0.0
68,WFAgent11,FEMALE_OLD,1123,1123.0,1123,1123.0
68,WFAgent0,MALE_LOW_INCOME,2178,2178.0,2641,0.0
68,WFAgent10,FEMALE_OLD_HIGH_INCOME,81,81.0,0,0.0
68,WFAgent1,FEMALE_YOUNG,894,894.0,894,894.0
68,WFAgent2,MALE_OLD,520,520.0,0,0.0
68,WFAgent3,FEMALE_YOUNG_LOW_INCOME,1188,1188.0,1188,887.0
68,WFAgent4,OLD_LOW_INCOME,2517,2517.0,0,0.0
68,WFAgent5,FEMALE_YOUNG,447,447.0,0,0.0
69,WEAgent1,OLD_LOW_INCOME,2517,2517.0,2643,1539.0
69,WFAgent6,OLD_HIGH_INCOME,486,486.0,0,0.0
69,WEAgent2,FEMALE_OLD_HIGH_INCOME,81,81.0,0,0.0
69,WFAgent7,FEMALE_LOW_INCOME,876,876.0,0,0.0
69,WFAgent8,FEMALE_YOUNG_LOW_INCOME,1188,1188.0,0,0.0
69,WEAgent0,FEMALE_OLD,1123,1123.0,0,0.0
69,WFAgent9,MALE_OLD_LOW_INCOME,359,359.0,359,359.0
69,WEAgent3,MALE_OLD_HIGH_INCOME,161,161.0,782,0.0
69,WEAgent4,FEMALE_LOW_INCOME,2628,2628.0,3178,1176.0
69,WFAgent13,FEMALE_OLD_HIGH_INCOME,244,244.0,0,0.0
69,WFAgent12,MALE_HIGH_INCOME,795,795.0,0,0.0
69,WFAgent11,FEMALE_OLD_HIGH_INCOME,81,81.0,397,0.0
69,WFAgent0,FEMALE_OLD_HIGH_INCOME,162,162.0,0,0.0
69,WFAgent10,MALE_YOUNG_HIGH_INCOME,103,103.0,580,0.0
69,WFAgent1,YOUNG_LOW_INCOME,763,763.0,1798,0.0
69,WFAgent2,YOUNG_HIGH_INCOME,463,463.0,0,0.0
69,WFAgent3,FEMALE_OLD,561,561.0,0,0.0
69,WFAgent4,MALE_HIGH_INCOME,265,265.0,0,0.0
69,WFAgent5,FEMALE_YOUNG_HIGH_INCOME,51,51.0,0,0.0
70,WEAgent1,FEMALE_YOUNG_HIGH_INCOME,102,102.0,0,0.0
70,WFAgent6,FEMALE_HIGH_INCOME,265,265.0,0,0.0
70,WEAgent2,FEMALE_YOUNG_HIGH_INCOME,153,153.0,0,0.0
70,WFAgent7,YOUNG_LOW_INCOME,1526,1526.0,1526,1526.0
70,WFAgent8,FEMALE_OLD_LOW_INCOME,480,480.0,0,0.0
70,WEAgent0,FEMALE_YOUNG,447,447.0,0,0.0
70,WFAgent9,MALE_OLD,1561,1561.0,1779,0.0
70,WEAgent3,FEMALE_YOUNG,894,894.0,736,736.0
70,WEAgent4,YOUNG_LOW_INCOME,1526,1526.0,936,847.0
70,WFAgent13,FEMALE_YOUNG,1341,1341.0,0,0.0
70,WFAgent12,FEMALE_HIGH_INCOME,132,132.0,0,0.0
70,WFAgent11,FEMALE_HIGH_INCOME,265,265.0,225,225.0
70,WFAgent0,FEMALE_HIGH_INCOME,132,132.0,132,132.0
70,WFAgent10,FEMALE_LOW_INCOME,876,876.0,739,739.0
70,WFAgent1,MALE_HIGH_INCOME,795,795.0,0,0.0
70,WFAgent2,MALE_OLD_HIGH_INCOME,161,161.0,0,0.0
70,WFAgent3,FEMALE_YOUNG_HIGH_INCOME,51,51.0,51,51.0
70,WFAgent4,FEMALE_OLD,1684,1684.0,2557,157.0
70,WFAgent5,MALE_HIGH_INCOME,530,530.0,0,0.0
71,WEAgent1,FEMALE_YOUNG_HIGH_INCOME,51,51.0,0,0.0
71,WFAgent6,OLD_LOW_INCOME,839,839.0,0,0.0
71,WEAgent2,FEMALE_LOW_INCOME,1752,1752.0,3480,999.0
71,WFAgent7,MALE_YOUNG_HIGH_INCOME,310,310.0,0,0.0
71,WFAgent8,MALE_YOUNG,470,470.0,0,0.0
71,WEAgent0,MALE_HIGH_INCOME,265,265.0,265,265.0
71,WFAgent9,FEMALE_YOUNG,894,894.0,0,0.0
71,WEAgent3,FEMALE_HIGH_INCOME,265,265.0,646,0.0
71,WEAgent4,FEMALE_OLD_LOW_INCOME,480,480.0,0,0.0
71,WFAgent13,MALE_YOUNG,470,470.0,0,0.0
71,WFAgent12,FEMALE_YOUNG_HIGH_INCOME,153,153.0,0,0.0
71,WFAgent11,MALE_HIGH_INCOME,530,530.0,500,0.0
71,WFAgent0,FEMALE_LOW_INCOME,1752,1752.0,949,949.0
71,WFAgent10,MALE_LOW_INCOME,1452,1452.0,3639,0.0
71,WFAgent1,MALE_OLD_HIGH_INCOME,323,323.0,521,248.0
71,WFAgent2,YOUNG_LOW_INCOME,2289,2289.0,0,0.0
71,WFAgent3,OLD_LOW_INCOME,839,839.0,0,0.0
71,WFAgent4,OLD_LOW_INCOME,1678,1678.0,0,0.0
71,WFAgent5,FEMALE_YOUNG,447,447.0,0,0.0
72,WEAgent1,MALE_OLD_HIGH_INCOME,161,161.0,0,0.0
72,WFAgent6,OLD_LOW_INCOME,2517,2517.0,0,0.0
72,WEAgent2,MALE_YOUNG,941,941.0,0,0.0
72,WFAgent7,FEMALE_YOUNG,447,447.0,0,0.0
72,WFAgent8,FEMALE_OLD_HIGH_INCOME,162,162.0,129,129.0
72,WEAgent0,MALE_YOUNG_HIGH_INCOME,206,206.0,0,0.0
72,WFAgent9,FEMALE_HIGH_INCOME,397,397.0,0,0.0
72,WEAgent3,MALE_OLD,1041,1041.0,0,0.0
72,WEAgent4,YOUNG_LOW_INCOME,1526,1526.0,1826,0.0
72,WFAgent13,FEMALE_OLD_LOW_INCOME,480,480.0,0,0.0
72,WFAgent12,MALE_YOUNG_HIGH_INCOME,206,206.0,538,0.0
72,WFAgent11,OLD_LOW_INCOME,839,839.0,1799,0.0
72,WFAgent0,FEMALE_HIGH_INCOME,265,265.0,387,127.0
72,WFAgent10,MALE_HIGH_INCOME,795,795.0,0,0.0
72,WFAgent1,YOUNG_LOW_INCOME,1526,1526.0,2060,0.0
72,WFAgent2,FEMALE_OLD_LOW_INCOME,480,480.0,0,0.0
72,WFAgent3,MALE_HIGH_INCOME,530,530.0,797,0.0
72,WFAgent4,FEMALE_OLD_HIGH_INCOME,244,244.0,0,0.0
72,WFAgent5,FEMALE_OLD,1684,1684.0,2464,141.0
73,WEAgent1,FEMALE_LOW_INCOME,2628,2628.0,2728,752.0
73,WFAgent6,MALE_YOUNG_LOW_INCOME,734,734.0,925,0.0
73,WEAgent2,MALE_HIGH_INCOME,265,265.0,1139,99.0
73,WFAgent7,MALE_YOUNG_HIGH_INCOME,310,310.0,0,0.0
73,WFAgent8,FEMALE_LOW_INCOME,876,876.0,793,793.0
73,WEAgent0,OLD_LOW_INCOME,2517,2517.0,1978,1138.0
73,WFAgent9,FEMALE_YOUNG_HIGH_INCOME,51,51.0,51,51.0
73,WEAgent3,MALE_OLD_LOW_INCOME,359,359.0,359,359.0
73,WEAgent4,MALE_OLD_LOW_INCOME,359,359.0,359,359.0
73,WFAgent13,MALE_YOUNG_HIGH_INCOME,206,206.0,0,0.0
73,WFAgent12,MALE_YOUNG_HIGH_INCOME,103,103.0,103,103.0
73,WFAgent11,FEMALE_OLD,1123,1123.0,0,0.0
73,WFAgent0,FEMALE_YOUNG,1341,1341.0,0,0.0
73,WFAgent10,FEMALE_YOUNG_HIGH_INCOME,102,102.0,0,0.0
73,WFAgent1,FEMALE_YOUNG_HIGH_INCOME,102,102.0,102,102.0
73,WFAgent2,FEMALE_LOW_INCOME,876,876.0,0,0.0
73,WFAgent3,FEMALE_YOUNG_HIGH_INCOME,102,102.0,93,90.0
73,WFAgent4,FEMALE_OLD,561,561.0,0,0.0
73,WFAgent5,MALE_YOUNG_LOW_INCOME,367,367.0,951,0.0
74,WEAgent1,YOUNG_LOW_INCOME,763,763.0,0,0.0
74,WFAgent6,FEMALE_LOW_INCOME,876,876.0,0,0.0
74,WEAgent2,MALE_OLD,1561,1561.0,855,855.0
74,WFAgent7,MALE_LOW_INCOME,726,726.0,0,0.0
74,WFAgent8,YOUNG_LOW_INCOME,2289,2289.0,3811,0.0
74,WEAgent0,FEMALE_OLD_HIGH_INCOME,81,81.0,81,81.0
74,WFAgent9,MALE_OLD_HIGH_INCOME,161,161.0,0,0.0
74,WEAgent3,FEMALE_YOUNG_HIGH_INCOME,153,153.0,127,127.0
74,WEAgent4,FEMALE_OLD_LOW_INCOME,480,480.0,2487,0.0
74,WFAgent13,MALE_OLD_HIGH_INCOME,484,484.0,269,269.0
74,WFAgent12,MALE_OLD_LOW_INCOME,718,718.0,647,647.0
74,WFAgent11,FEMALE_LOW_INCOME,876,876.0,0,0.0
74,WFAgent0,FEMALE_YOUNG_HIGH_INCOME,153,153.0,0,0.0
74,WFAgent10,YOUNG_HIGH_INCOME,154,154.0,126,126.0
74,WFAgent1,OLD_HIGH_INCOME,729,729.0,398,398.0
74,WFAgent2,MALE_YOUNG_HIGH_INCOME,103,103.0,103,103.0
74,WFAgent3,OLD_HIGH_INCOME,243,243.0,156,156.0
74,WFAgent4,MALE_YOUNG_HIGH_INCOME,310,310.0,420,125.0
74,WFAgent5,MALE_OLD,520,520.0,520,520.0
75,WEAgent1,FEMALE_OLD,1123,1123.0,2760,0.0
75,WFAgent6,OLD_LOW_INCOME,839,839.0,1818,0.0
75,WEAgent2,MALE_YOUNG_HIGH_INCOME,206,206.0,0,0.0
75,WFAgent7,FEMALE_OLD_LOW_INCOME,480,480.0,0,0.0
75,WFAgent8,FEMALE_LOW_INCOME,1752,1752.0,0,0.0
75,WEAgent0,FEMALE_HIGH_INCOME,265,265.0,0,0.0
75,WFAgent9,MALE_YOUNG_HIGH_INCOME,103,103.0,509,0.0
75,WEAgent3,FEMALE_OLD_HIGH_INCOME,244,244.0,0,0.0
75,WEAgent4,MALE_OLD_LOW_INCOME,359,359.0,0,0.0
75,WFAgent13,FEMALE_HIGH_INCOME,132,132.0,261,0.0
75,WFAgent12,MALE_OLD_LOW_INCOME,1077,1077.0,0,0.0
75,WFAgent11,FEMALE_LOW_INCOME,876,876.0,1952,0.0
75,WFAgent0,FEMALE_LOW_INCOME,876,876.0,0,0.0
75,WFAgent10,FEMALE_OLD_LOW_INCOME,1440,1440.0,0,0.0
75,WFAgent1,OLD_HIGH_INCOME,486,486.0,860,0.0
75,WFAgent2,FEMALE_LOW_INCOME,1752,1752.0,0,0.0
75,WFAgent3,OLD_LOW_INCOME,839,839.0,0,0.0
75,WFAgent4,MALE_YOUNG,941,941.0,1840,0.0
75,WFAgent5,FEMALE_OLD,1684,1684.0,0,0.0
76,WEAgent1,MALE_HIGH_INCOME,795,795.0,531,0.0
76,WFAgent6,OLD_HIGH_INCOME,486,486.0,507,486.0
76,WEAgent2,FEMALE_YOUNG_LOW_INCOME,792,792.0,792,792.0
76,WFAgent7,FEMALE_YOUNG_HIGH_INCOME,102,102.0,0,0.0
76,WFAgent8,MALE_YOUNG_LOW_INCOME,1101,1101.0,0,0.0
76,WEAgent0,FEMALE_OLD_LOW_INCOME,480,480.0,2356,0.0
76,WFAgent9,YOUNG_LOW_INCOME,763,763.0,1239,745.0
76,WEAgent3,FEMALE_HIGH_INCOME,132,132.0,0,0.0
76,WEAgent4,FEMALE_OLD_HIGH_INCOME,244,244.0,0,0.0
76,WFAgent13,FEMALE_OLD_LOW_INCOME,480,480.0,0,0.0
76,WFAgent12,FEMALE_OLD_HIGH_INCOME,162,162.0,162,162.0
76,WFAgent11,MALE_YOUNG,941,941.0,1927,0.0
76,WFAgent0,MALE_OLD_HIGH_INCOME,484,484.0,446,446.0
76,WFAgent10,MALE_OLD_LOW_INCOME,1077,1077.0,1714,0.0
76,WFAgent1,YOUNG_LOW_INCOME,763,763.0,0,0.0
76,WFAgent2,FEMALE_HIGH_INCOME,132,132.0,130,130.0
76,WFAgent3,YOUNG_LOW_INCOME,2289,2289.0,0,0.0
76,WFAgent4,YOUNG_HIGH_INCOME,154,154.0,135,135.0
76,WFAgent5,MALE_YOUNG_LOW_INCOME,734,734.0,0,0.0
77,WEAgent1,MALE_YOUNG,1411,1411.0,0,0.0
77,WFAgent6,OLD_LOW_INCOME,839,839.0,665,665.0
77,WEAgent2,FEMALE_OLD_LOW_INCOME,1440,1440.0,1235,1235.0
77,WFAgent7,FEMALE_OLD_LOW_INCOME,1440,1440.0,1236,1236.0
77,WFAgent8,MALE_LOW_INCOME,2178,2178.0,1628,1628.0
77,WEAgent0,YOUNG_LOW_INCOME,1526,1526.0,2490,1312.0
77,WFAgent9,FEMALE_YOUNG_LOW_INCOME,396,396.0,396,396.0
77,WEAgent3,FEMALE_OLD,561,561.0,0,0.0
77,WEAgent4,YOUNG_HIGH_INCOME,154,154.0,154,154.0
77,WFAgent13,OLD_HIGH_INCOME,729,729.0,0,0.0
77,WFAgent12,MALE_OLD_LOW_INCOME,359,359.0,359,359.0
77,WFAgent11,MALE_OLD_HIGH_INCOME,484,484.0,798,0.0
77,WFAgent0,OLD_HIGH_INCOME,243,243.0,232,142.0
77,WFAgent10,MALE_YOUNG_HIGH_INCOME,310,310.0,0,0.0
77,WFAgent1,FEMALE_OLD_HIGH_INCOME,162,162.0,162,162.0
77,WFAgent2,FEMALE_OLD_HIGH_INCOME,162,162.0,0,0.0
77,WFAgent3,FEMALE_OLD_HIGH_INCOME,244,244.0,0,0.0
77,WFAgent4,FEMALE_YOUNG_LOW_INCOME,1188,1188.0,0,0.0
77,WFAgent5,MALE_YOUNG_HIGH_INCOME,310,310.0,375,142.0
78,WEAgent1,FEMALE_YOUNG_HIGH_INCOME,51,51.0,0,0.0
78,WFAgent6,FEMALE_HIGH_INCOME,397,397.0,660,0.0
78,WEAgent2,MALE_OLD,1041,1041.0,2115,269.0
78,WFAgent7,FEMALE_LOW_INCOME,1752,1752.0,2362,0.0
78,WFAgent8,MALE_OLD_HIGH_INCOME,484,484.0,289,289.0
78,WEAgent0,MALE_HIGH_INCOME,530,530.0,0,0.0
78,WFAgent9,YOUNG_HIGH_INCOME,154,154.0,0,0.0
78,WEAgent3,MALE_YOUNG,941,941.0,0,0.0
78,WEAgent4,MALE_YOUNG_LOW_INCOME,1101,1101.0,0,0.0
78,WFAgent13,FEMALE_YOUNG_LOW_INCOME,396,396.0,0,0.0
78,WFAgent12,MALE_OLD_HIGH_INCOME,484,484.0,289,289.0
78,WFAgent11,FEMALE_YOUNG_HIGH_INCOME,153,153.0,0,0.0
78,WFAgent0,MALE_OLD_HIGH_INCOME,323,323.0,0,0.0
78,WFAgent10,MALE_YOUNG_HIGH_INCOME,103,103.0,0,0.0
78,WFAgent1,YOUNG_LOW_INCOME,1526,1526.0,995,995.0
78,WFAgent2,OLD_HIGH_INCOME,486,486.0,0,0.0
78,WFAgent3,YOUNG_LOW_INCOME,2289,2289.0,2800,965.0
78,WFAgent4,FEMALE_HIGH_INCOME,397,397.0,0,0.0
78,WFAgent5,FEMALE_HIGH_INCOME,132,132.0,0,0.0
79,WEAgent1,MALE_YOUNG,941,941.0,0,0.0
79,WFAgent6,MALE_OLD_HIGH_INCOME,323,323.0,276,276.0
79,WEAgent2,FEMALE_YOUNG_LOW_INCOME,396,396.0,1568,373.0
79,WFAgent7,OLD_LOW_INCOME,1678,1678.0,2894,1677.9999999999998
79,WFAgent8,FEMALE_YOUNG_LOW_INCOME,396,396.0,396,396.0
79,WEAgent0,MALE_HIGH_INCOME,795,795.0,547,547.0
79,WFAgent9,FEMALE_YOUNG_LOW_INCOME,792,792.0,0,0.0
79,WEAgent3,FEMALE_OLD,1123,1123.0,949,208.0
79,WEAgent4,MALE_YOUNG_HIGH_INCOME,103,103.0,0,0.0
79,WFAgent13,MALE_LOW_INCOME,2178,2178.0,0,0.0
79,WFAgent12,OLD_HIGH_INCOME,243,243.0,195,195.0
79,WFAgent11,MALE_OLD,1561,1561.0,0,0.0
79,WFAgent0,FEMALE_HIGH_INCOME,397,397.0,0,0.0
79,WFAgent10,FEMALE_YOUNG_HIGH_INCOME,102,102.0,254,0.0
79,WFAgent1,MALE_LOW_INCOME,726,726.0,726,726.0
79,WFAgent2,OLD_HIGH_INCOME,486,486.0,0,0.0
79,WFAgent3,FEMALE_OLD,561,561.0,0,0.0
79,WFAgent4,MALE_HIGH_INCOME,795,795.0,539,539.0
79,WFAgent5,MALE_YOUNG_LOW_INCOME,1101,1101.0,1073,808.0
80,WEAgent1,MALE_YOUNG,941,941.0,0,0.0
80,WFAgent6,YOUNG_LOW_INCOME,1526,1526.0,2397,518.0
80,WEAgent2,FEMALE_YOUNG_LOW_INCOME,396,396.0,396,396.0
80,WFAgent7,FEMALE_OLD,1123,1123.0,1123,1123.0
80,WFAgent8,YOUNG_LOW_INCOME,763,763.0,536,536.0
80,WEAgent0,MALE_HIGH_INCOME,795,795.0,0,0.0
80,WFAgent9,FEMALE_OLD_LOW_INCOME,960,960.0,1385,937.0
80,WEAgent3,FEMALE_YOUNG,1341,1341.0,608,608.0
80,WEAgent4,MALE_HIGH_INCOME,795,795.0,0,0.0
80,WFAgent13,FEMALE_YOUNG_HIGH_INCOME,153,153.0,72,72.0
80,WFAgent12,OLD_HIGH_INCOME,486,486.0,0,0.0
80,WFAgent11,FEMALE_YOUNG_HIGH_INCOME,153,153.0,84,84.0
80,WFAgent0,MALE_OLD_HIGH_INCOME,323,323.0,820,0.0
80,WFAgent10,FEMALE_OLD_HIGH_INCOME,244,244.0,224,147.0
80,WFAgent1,FEMALE_OLD_HIGH_INCOME,162,162.0,0,0.0
80,WFAgent2,MALE_HIGH_INCOME,795,795.0,0,0.0
80,WFAgent3,MALE_OLD,1041,1041.0,0,0.0
80,WFAgent4,MALE_OLD_LOW_INCOME,718,718.0,0,0.0
80,WFAgent5,MALE_OLD,1561,1561.0,1807,0.0
81,WEAgent1,MALE_HIGH_INCOME,265,265.0,811,0.0
81,WFAgent6,FEMALE_LOW_INCOME,1752,1752.0,941,941.0
81,WEAgent2,FEMALE_LOW_INCOME,2628,2628.0,1864,1864.0
81,WFAgent7,FEMALE_YOUNG_HIGH_INCOME,153,153.0,0,0.0
81,WFAgent8,FEMALE_YOUNG_HIGH_INCOME,153,153.0,253,0.0
81,WEAgent0,OLD_LOW_INCOME,1678,1678.0,1678,1678.0
81,WFAgent9,MALE_OLD_LOW_INCOME,1077,1077.0,0,0.0
81,WEAgent3,FEMALE_YOUNG_LOW_INCOME,396,396.0,0,0.0
81,WEAgent4,MALE_LOW_INCOME,1452,1452.0,2165,0.0
81,WFAgent13,YOUNG_LOW_INCOME,2289,2289.0,0,0.0
81,WFAgent12,MALE_HIGH_INCOME,530,530.0,505,0.0
81,WFAgent11,FEMALE_YOUNG_HIGH_INCOME,51,51.0,0,0.0
81,WFAgent0,MALE_OLD,520,520.0,520,520.0
81,WFAgent10,MALE_OLD_HIGH_INCOME,161,161.0,0,0.0
81,WFAgent1,MALE_OLD_HIGH_INCOME,484,484.0,0,0.0
81,WFAgent2,FEMALE_OLD_LOW_INCOME,960,960.0,883,883.0
81,WFAgent3,FEMALE_YOUNG,894,894.0,0,0.0
81,WFAgent4,FEMALE_OLD_HIGH_INCOME,244,244.0,380,0.0
81,WFAgent5,MALE_OLD,1561,1561.0,0,0.0
82,WEAgent1,YOUNG_LOW_INCOME,763,763.0,0,0.0
82,WFAgent6,MALE_LOW_INCOME,2178,2178.0,0,0.0
82,WEAgent2,MALE_YOUNG_HIGH_INCOME,103,103.0,307,0.0
82,WFAgent7,FEMALE_YOUNG_LOW_INCOME,1188,1188.0,0,0.0
82,WFAgent8,FEMALE_YOUNG_LOW_INCOME,792,792.0,654,654.0
82,WEAgent0,OLD_HIGH_INCOME,486,486.0,486,486.0
82,WFAgent9,MALE_YOUNG_LOW_INCOME,367,367.0,367,367.0
82,WEAgent3,FEMALE_OLD,1123,1123.0,2852,0.0
82,WEAgent4,MALE_YOUNG_LOW_INCOME,1101,1101.0,738,738.0
82,WFAgent13,MALE_OLD_HIGH_INCOME,484,484.0,0,0.0
82,WFAgent12,FEMALE_YOUNG,447,447.0,252,0.0
82,WFAgent11,MALE_LOW_INCOME,2178,2178.0,1605,1605.0
82,WFAgent0,FEMALE_LOW_INCOME,876,876.0,665,665.0
82,WFAgent10,MALE_OLD_HIGH_INCOME,323,323.0,169,169.0
82,WFAgent1,MALE_YOUNG_HIGH_INCOME,103,103.0,103,103.0
82,WFAgent2,MALE_OLD,1561,1561.0,1048,1048.0
82,WFAgent3,MALE_YOUNG_HIGH_INCOME,103,103.0,103,103.0
82,WFAgent4,OLD_LOW_INCOME,839,839.0,0,0.0
82,WFAgent5,FEMALE_YOUNG_LOW_INCOME,792,792.0,651,651.0
83,WEAgent1,MALE_LOW_INCOME,2178,2178.0,3183,362.0
83,WFAgent6,MALE_OLD_LOW_INCOME,1077,1077.0,0,0.0
83,WEAgent2,FEMALE_LOW_INCOME,1752,1752.0,630,630.0
83,WFAgent7,FEMALE_YOUNG_LOW_INCOME,1188,1188.0,0,0.0
83,WFAgent8,FEMALE_OLD_LOW_INCOME,1440,1440.0,625,625.0
83,WEAgent0,FEMALE_YOUNG_LOW_INCOME,792,792.0,0,0.0
83,WFAgent9,FEMALE_OLD_LOW_INCOME,960,960.0,0,0.0
83,WEAgent3,OLD_LOW_INCOME,839,839.0,0,0.0
83,WEAgent4,MALE_OLD_HIGH_INCOME,161,161.0,161,161.0
83,WFAgent13,MALE_YOUNG_HIGH_INCOME,206,206.0,270,0.0
83,WFAgent12,FEMALE_HIGH_INCOME,397,397.0,52,0.0
83,WFAgent11,FEMALE_YOUNG_HIGH_INCOME,51,51.0,0,0.0
83,WFAgent0,MALE_YOUNG_LOW_INCOME,367,367.0,367,367.0
83,WFAgent10,FEMALE_LOW_INCOME,2628,2628.0,2568,578.0
83,WFAgent1,FEMALE_OLD,561,561.0,948,561.0
83,WFAgent2,MALE_YOUNG_LOW_INCOME,1101,1101.0,0,0.0
83,WFAgent3,MALE_OLD_HIGH_INCOME,323,323.0,663,154.0
83,WFAgent4,FEMALE_YOUNG_LOW_INCOME,792,792.0,0,0.0
83,WFAgent5,YOUNG_HIGH_INCOME,463,463.0,533,0.0
84,WEAgent1,MALE_YOUNG_HIGH_INCOME,103,103.0,0,0.0
84,WFAgent6,FEMALE_LOW_INCOME,2628,2628.0,0,0.0
84,WEAgent2,OLD_LOW_INCOME,839,839.0,0,0.0
84,WFAgent7,FEMALE_YOUNG_LOW_INCOME,396,396.0,1985,0.0
84,WFAgent8,MALE_HIGH_INCOME,795,795.0,1342,522.9999999999999
84,WEAgent0,FEMALE_LOW_INCOME,1752,1752.0,967,967.0
84,WFAgent9,FEMALE_OLD_HIGH_INCOME,244,244.0,382,0.0
84,WEAgent3,FEMALE_OLD_LOW_INCOME,480,480.0,0,0.0
84,WEAgent4,MALE_OLD,1041,1041.0,1514,318.0
84,WFAgent13,FEMALE_YOUNG_HIGH_INCOME,153,153.0,214,0.0
84,WFAgent12,MALE_YOUNG,470,470.0,470,470.0
84,WFAgent11,MALE_YOUNG_LOW_INCOME,734,734.0,669,669.0
84,WFAgent0,MALE_LOW_INCOME,726,726.0,695,695.0
84,WFAgent10,FEMALE_OLD_LOW_INCOME,480,480.0,480,480.0
84,WFAgent1,MALE_OLD,1561,1561.0,0,0.0
84,WFAgent2,YOUNG_LOW_INCOME,1526,1526.0,0,0.0
84,WFAgent3,FEMALE_OLD_LOW_INCOME,960,960.0,923,923.0
84,WFAgent4,OLD_HIGH_INCOME,243,243.0,0,0.0
84,WFAgent5,MALE_OLD_LOW_INCOME,359,359.0,359,359.0
85,WEAgent1,FEMALE_YOUNG_HIGH_INCOME,102,102.0,0,0.0
85,WFAgent6,MALE_LOW_INCOME,1452,1452.0,0,0.0
85,WEAgent2,FEMALE_YOUNG,1341,1341.0,0,0.0
85,WFAgent7,MALE_YOUNG_LOW_INCOME,367,367.0,0,0.0
85,WFAgent8,FEMALE_LOW_INCOME,2628,2628.0,0,0.0
85,WEAgent0,FEMALE_LOW_INCOME,876,876.0,2425,0.0
85,WFAgent9,MALE_HIGH_INCOME,530,530.0,839,330.0
85,WEAgent3,FEMALE_HIGH_INCOME,397,397.0,636,0.0
85,WEAgent4,FEMALE_YOUNG_LOW_INCOME,396,396.0,0,0.0
85,WFAgent13,MALE_OLD_LOW_INCOME,718,718.0,0,0.0
85,WFAgent12,OLD_HIGH_INCOME,729,729.0,320,320.0
85,WFAgent11,MALE_OLD_HIGH_INCOME,161,161.0,161,161.0
85,WFAgent0,MALE_OLD,1041,1041.0,1762,0.0
85,WFAgent10,MALE_OLD_HIGH_INCOME,484,484.0,0,0.0
85,WFAgent1,FEMALE_YOUNG,447,447.0,0,0.0
85,WFAgent2,YOUNG_LOW_INCOME,2289,2289.0,0,0.0
85,WFAgent3,MALE_YOUNG,1411,1411.0,0,0.0
85,WFAgent4,FEMALE_YOUNG_LOW_INCOME,792,792.0,0,0.0
85,WFAgent5,FEMALE_OLD_HIGH_INCOME,81,81.0,0,0.0
86,WEAgent1,FEMALE_YOUNG_HIGH_INCOME,153,153.0,0,0.0
86,WFAgent6,MALE_HIGH_INCOME,530,530.0,1243,103.0
86,WEAgent2,FEMALE_YOUNG_HIGH_INCOME,51,51.0,0,0.0
86,WFAgent7,FEMALE_YOUNG,1341,1341.0,0,0.0
86,WFAgent8,MALE_YOUNG_HIGH_INCOME,103,103.0,103,103.0
86,WEAgent0,MALE_YOUNG,1411,1411.0,0,0.0
86,WFAgent9,FEMALE_YOUNG_LOW_INCOME,792,792.0,1959,0.0
86,WEAgent3,YOUNG_LOW_INCOME,1526,1526.0,1808,0.0
86,WEAgent4,FEMALE_HIGH_INCOME,397,397.0,391,0.0
86,WFAgent13,FEMALE_LOW_INCOME,876,876.0,2465,0.0
86,WFAgent12,MALE_LOW_INCOME,1452,1452.0,0,0.0
86,WFAgent11,FEMALE_YOUNG,1341,1341.0,0,0.0
86,WFAgent0,YOUNG_HIGH_INCOME,463,463.0,0,0.0
86,WFAgent10,FEMALE_HIGH_INCOME,397,397.0,0,0.0
86,WFAgent1,MALE_YOUNG,941,941.0,0,0.0
86,WFAgent2,MALE_OLD,1561,1561.0,0,0.0
86,WFAgent3,MALE_YOUNG_LOW_INCOME,1101,1101.0,0,0.0
86,WFAgent4,MALE_OLD,1041,1041.0,1793,0.0
86,WFAgent5,FEMALE_YOUNG_LOW_INCOME,396,396.0,0,0.0
87,WEAgent1,OLD_HIGH_INCOME,729,729.0,831,448.0
87,WFAgent6,FEMALE_OLD_HIGH_INCOME,244,244.0,0,0.0
87,WEAgent2,MALE_YOUNG_LOW_INCOME,1101,1101.0,1815,0.0
87,WFAgent7,MALE_YOUNG_LOW_INCOME,367,367.0,0,0.0
87,WFAgent8,FEMALE_LOW_INCOME,876,876.0,876,876.0
87,WEAgent0,FEMALE_OLD_LOW_INCOME,1440,1440.0,1082,883.0
87,WFAgent9,YOUNG_HIGH_INCOME,463,463.0,340,340.0
87,WEAgent3,FEMALE_HIGH_INCOME,397,397.0,0,0.0
87,WEAgent4,FEMALE_YOUNG,447,447.0,0,0.0
87,WFAgent13,MALE_OLD_HIGH_INCOME,484,484.0,385,385.0
87,WFAgent12,FEMALE_YOUNG_LOW_INCOME,1188,1188.0,1281,726.0
87,WFAgent11,YOUNG_LOW_INCOME,763,763.0,763,763.0
87,WFAgent0,FEMALE_YOUNG_HIGH_INCOME,102,102.0,0,0.0
87,WFAgent10,MALE_YOUNG_LOW_INCOME,734,734.0,0,0.0
87,WFAgent1,MALE_YOUNG_HIGH_INCOME,310,310.0,0,0.0
87,WFAgent2,FEMALE_OLD_LOW_INCOME,480,480.0,480,480.0
87,WFAgent3,YOUNG_HIGH_INCOME,463,463.0,342,342.0
87,WFAgent4,FEMALE_YOUNG_HIGH_INCOME,153,153.0,69,69.0
87,WFAgent5,MALE_HIGH_INCOME,530,530.0,0,0.0
88,WEAgent1,FEMALE_YOUNG_LOW_INCOME,792,792.0,0,0.0
88,WFAgent6,FEMALE_YOUNG_HIGH_INCOME,153,153.0,237,0.0
88,WEAgent2,OLD_LOW_INCOME,2517,2517.0,1653,1653.0
88,WFAgent7,FEMALE_YOUNG_LOW_INCOME,1188,1188.0,0,0.0
88,WFAgent8,MALE_HIGH_INCOME,795,795.0,0,0.0
88,WEAgent0,MALE_OLD_HIGH_INCOME,323,323.0,0,0.0
88,WFAgent9,YOUNG_HIGH_INCOME,154,154.0,154,154.0
88,WEAgent3,MALE_YOUNG,941,941.0,0,0.0
88,WEAgent4,FEMALE_LOW_INCOME,876,876.0,0,0.0
88,WFAgent13,OLD_HIGH_INCOME,729,729.0,497,497.0
88,WFAgent12,FEMALE_YOUNG_LOW_INCOME,396,396.0,396,396.0
88,WFAgent11,FEMALE_OLD,1123,1123.0,1021,1021.0
88,WFAgent0,FEMALE_OLD_LOW_INCOME,960,960.0,0,0.0
88,WFAgent10,MALE_OLD,1561,1561.0,0,0.0
88,WFAgent1,MALE_YOUNG,941,941.0,0,0.0
88,WFAgent2,OLD_LOW_INCOME,2517,2517.0,1679,1679.0
88,WFAgent3,MALE_HIGH_INCOME,795,795.0,268,268.0
88,WFAgent4,YOUNG_LOW_INCOME,2289,2289.0,3413,389.0
88,WFAgent5,MALE_HIGH_INCOME,530,530.0,682,426.0
89,WEAgent1,FEMALE_YOUNG_HIGH_INCOME,153,153.0,0,0.0
89,WFAgent6,FEMALE_HIGH_INCOME,265,265.0,644,0.0
89,WEAgent2,MALE_YOUNG_LOW_INCOME,367,367.0,0,0.0
89,WFAgent7,FEMALE_HIGH_INCOME,397,397.0,0,0.0
89,WFAgent8,OLD_LOW_INCOME,2517,2517.0,0,0.0
89,WEAgent0,MALE_YOUNG,1411,1411.0,1961,439.0
89,WFAgent9,FEMALE_LOW_INCOME,876,876.0,876,876.0
89,WEAgent3,MALE_YOUNG_HIGH_INCOME,103,103.0,0,0.0
89,WEAgent4,YOUNG_LOW_INCOME,763,763.0,763,763.0
89,WFAgent13,FEMALE_OLD_LOW_INCOME,960,960.0,1501,885.0
89,WFAgent12,MALE_YOUNG_LOW_INCOME,734,734.0,0,0.0
89,WFAgent11,FEMALE_YOUNG_LOW_INCOME,792,792.0,792,792.0
89,WFAgent0,FEMALE_OLD_HIGH_INCOME,81,81.0,0,0.0
89,WFAgent10,FEMALE_OLD,561,561.0,0,0.0
89,WFAgent1,FEMALE_HIGH_INCOME,265,265.0,0,0.0
89,WFAgent2,FEMALE_OLD,561,561.0,0,0.0
89,WFAgent3,OLD_HIGH_INCOME,243,243.0,776,0.0
89,WFAgent4,FEMALE_LOW_INCOME,876,876.0,857,819.0
89,WFAgent5,FEMALE_YOUNG,1341,1341.0,0,0.0
90,WEAgent1,FEMALE_OLD_LOW_INCOME,480,480.0,0,0.0
90,WFAgent6,FEMALE_LOW_INCOME,2628,2628.0,0,0.0
90,WEAgent2,MALE_YOUNG,1411,1411.0,1826,516.0
90,WFAgent7,MALE_YOUNG_HIGH_INCOME,310,310.0,0,0.0
90,WFAgent8,FEMALE_HIGH_INCOME,397,397.0,0,0.0
90,WEAgent0,MALE_YOUNG_LOW_INCOME,367,367.0,367,367.0
90,WFAgent9,YOUNG_HIGH_INCOME,463,463.0,0,0.0
90,WEAgent3,YOUNG_LOW_INCOME,2289,2289.0,0,0.0
90,WEAgent4,FEMALE_OLD_LOW_INCOME,1440,1440.0,2397,0.0
90,WFAgent13,FEMALE_YOUNG_HIGH_INCOME,102,102.0,253,0.0
90,WFAgent12,FEMALE_OLD_HIGH_INCOME,81,81.0,0,0.0
90,WFAgent11,MALE_HIGH_INCOME,530,530.0,530,530.0
90,WFAgent0,MALE_HIGH_INCOME,795,795.0,516,331.0
90,WFAgent10,OLD_HIGH_INCOME,243,243.0,0,0.0
90,WFAgent1,FEMALE_OLD,1123,1123.0,0,0.0
90,WFAgent2,MALE_YOUNG_HIGH_INCOME,310,310.0,0,0.0
90,WFAgent3,MALE_OLD_HIGH_INCOME,484,484.0,0,0.0
90,WFAgent4,FEMALE_OLD_HIGH_INCOME,244,244.0,0,0.0
90,WFAgent5,MALE_LOW_INCOME,1452,1452.0,1713,0.0
91,WEAgent1,FEMALE_OLD_LOW_INCOME,960,960.0,796,796.0
91,WFAgent6,MALE_YOUNG,1411,1411.0,0,0.0
91,WEAgent2,FEMALE_OLD_HIGH_INCOME,162,162.0,0,0.0
91,WFAgent7,FEMALE_OLD_HIGH_INCOME,81,81.0,81,81.0
91,WFAgent8,MALE_YOUNG_LOW_INCOME,734,734.0,0,0.0
91,WEAgent0,MALE_YOUNG,941,941.0,0,0.0
91,WFAgent9,FEMALE_OLD_HIGH_INCOME,244,244.0,0,0.0
91,WEAgent3,MALE_YOUNG,941,941.0,0,0.0
91,WEAgent4,YOUNG_HIGH_INCOME,154,154.0,272,0.0
91,WFAgent13,FEMALE_OLD_LOW_INCOME,960,960.0,795,795.0
91,WFAgent12,FEMALE_OLD,1123,1123.0,1119,866.0
91,WFAgent11,FEMALE_YOUNG_LOW_INCOME,1188,1188.0,0,0.0
91,WFAgent0,FEMALE_YOUNG,1341,1341.0,0,0.0
91,WFAgent10,FEMALE_LOW_INCOME,1752,1752.0,1959,0.0
91,WFAgent1,MALE_LOW_INCOME,726,726.0,2298,726.0
91,WFAgent2,FEMALE_YOUNG,894,894.0,0,0.0
91,WFAgent3,MALE_LOW_INCOME,1452,1452.0,1060,732.0
91,WFAgent4,FEMALE_OLD_HIGH_INCOME,81,81.0,0,0.0
91,WFAgent5,YOUNG_LOW_INCOME,2289,2289.0,0,0.0
92,WEAgent1,YOUNG_LOW_INCOME,1526,1526.0,1526,1526.0
92,WFAgent6,MALE_OLD,1041,1041.0,1289,513.0
92,WEAgent2,MALE_LOW_INCOME,726,726.0,726,726.0
92,WFAgent7,MALE_OLD,520,520.0,0,0.0
92,WFAgent8,FEMALE_YOUNG_HIGH_INCOME,51,51.0,51,51.0
92,WEAgent0,YOUNG_LOW_INCOME,1526,1526.0,1526,1526.0
92,WFAgent9,MALE_YOUNG,470,470.0,0,0.0
92,WEAgent3,MALE_YOUNG,1411,1411.0,0,0.0
92,WEAgent4,FEMALE_YOUNG_HIGH_INCOME,51,51.0,0,0.0
92,WFAgent13,YOUNG_HIGH_INCOME,309,309.0,0,0.0
92,WFAgent12,FEMALE_YOUNG_LOW_INCOME,1188,1188.0,0,0.0
92,WFAgent11,MALE_HIGH_INCOME,265,265.0,754,0.0
92,WFAgent0,FEMALE_LOW_INCOME,1752,1752.0,0,0.0
92,WFAgent10,FEMALE_HIGH_INCOME,132,132.0,132,132.0
92,WFAgent1,MALE_YOUNG,1411,1411.0,541,541.0
92,WFAgent2,MALE_HIGH_INCOME,795,795.0,0,0.0
92,WFAgent3,FEMALE_LOW_INCOME,876,876.0,0,0.0
92,WFAgent4,FEMALE_OLD_LOW_INCOME,960,960.0,2432,0.0
92,WFAgent5,FEMALE_HIGH_INCOME,265,265.0,473,210.0
93,WEAgent1,MALE_YOUNG,470,470.0,470,470.0
93,WFAgent6,MALE_LOW_INCOME,2178,2178.0,0,0.0
93,WEAgent2,MALE_YOUNG,941,941.0,0,0.0
93,WFAgent7,FEMALE_OLD,561,561.0,0,0.0
93,WFAgent8,MALE_OLD,520,520.0,1849,0.0
93,WEAgent0,YOUNG_LOW_INCOME,2289,2289.0,0,0.0
93,WFAgent9,MALE_OLD_HIGH_INCOME,323,323.0,416,0.0
93,WEAgent3,FEMALE_HIGH_INCOME,132,132.0,0,0.0
93,WEAgent4,FEMALE_YOUNG_HIGH_INCOME,102,102.0,213,71.0
93,WFAgent13,MALE_YOUNG,470,470.0,0,0.0
93,WFAgent12,FEMALE_LOW_INCOME,2628,2628.0,0,0.0
93,WFAgent11,FEMALE_LOW_INCOME,2628,2628.0,4295,0.0
93,WFAgent0,FEMALE_YOUNG_HIGH_INCOME,51,51.0,51,51.0
93,WFAgent10,MALE_OLD,1561,1561.0,418,0.0
93,WFAgent1,FEMALE_HIGH_INCOME,132,132.0,427,0.0
93,WFAgent2,FEMALE_YOUNG_LOW_INCOME,1188,1188.0,0,0.0
93,WFAgent3,MALE_YOUNG,941,941.0,1861,470.0
93,WFAgent4,MALE_YOUNG_LOW_INCOME,1101,1101.0,0,0.0
93,WFAgent5,FEMALE_YOUNG_HIGH_INCOME,153,153.0,0,0.0
94,WEAgent1,MALE_HIGH_INCOME,265,265.0,265,265.0
94,WFAgent6,YOUNG_HIGH_INCOME,154,154.0,0,0.0
94,WEAgent2,OLD_HIGH_INCOME,486,486.0,318,289.0
94,WFAgent7,FEMALE_OLD_HIGH_INCOME,244,244.0,0,0.0
94,WFAgent8,FEMALE_YOUNG_HIGH_INCOME,153,153.0,0,0.0
94,WEAgent0,OLD_HIGH_INCOME,243,243.0,0,0.0
94,WFAgent9,OLD_HIGH_INCOME,243,243.0,243,243.0
94,WEAgent3,FEMALE_YOUNG,447,447.0,1635,386.0
94,WEAgent4,FEMALE_OLD_LOW_INCOME,960,960.0,960,960.0
94,WFAgent13,MALE_OLD_LOW_INCOME,718,718.0,1778,0.0
94,WFAgent12,MALE_YOUNG_LOW_INCOME,734,734.0,1786,0.0
94,WFAgent11,FEMALE_HIGH_INCOME,132,132.0,258,0.0
94,WFAgent0,YOUNG_HIGH_INCOME,309,309.0,0,0.0
94,WFAgent10,FEMALE_HIGH_INCOME,132,132.0,0,0.0
94,WFAgent1,YOUNG_HIGH_INCOME,463,463.0,0,0.0
94,WFAgent2,YOUNG_LOW_INCOME,1526,1526.0,0,0.0
94,WFAgent3,FEMALE_YOUNG_LOW_INCOME,396,396.0,396,396.0
94,WFAgent4,MALE_YOUNG_HIGH_INCOME,310,310.0,528,0.0
94,WFAgent5,FEMALE_OLD,1684,1684.0,1427,999.0
95,WEAgent1,MALE_OLD_LOW_INCOME,359,359.0,359,359.0
95,WFAgent6,MALE_YOUNG,470,470.0,1896,0.0
95,WEAgent2,MALE_YOUNG_LOW_INCOME,734,734.0,0,0.0
95,WFAgent7,YOUNG_LOW_INCOME,2289,2289.0,0,0.0
95,WFAgent8,FEMALE_OLD,1684,1684.0,1317,1317.0
95,WEAgent0,FEMALE_OLD,1684,1684.0,1407,1407.0
95,WFAgent9,FEMALE_YOUNG,447,447.0,2307,0.0
95,WEAgent3,FEMALE_OLD_HIGH_INCOME,244,244.0,0,0.0
95,WEAgent4,FEMALE_HIGH_INCOME,397,397.0,0,0.0
95,WFAgent13,MALE_YOUNG_HIGH_INCOME,206,206.0,206,206.0
95,WFAgent12,FEMALE_OLD_HIGH_INCOME,162,162.0,0,0.0
95,WFAgent11,FEMALE_OLD_HIGH_INCOME,162,162.0,0,0.0
95,WFAgent0,MALE_YOUNG_HIGH_INCOME,103,103.0,103,103.0
95,WFAgent10,FEMALE_LOW_INCOME,1752,1752.0,0,0.0
95,WFAgent1,FEMALE_OLD_HIGH_INCOME,244,244.0,0,0.0
95,WFAgent2,FEMALE_OLD_LOW_INCOME,1440,1440.0,0,0.0
95,WFAgent3,YOUNG_LOW_INCOME,2289,2289.0,0,0.0
95,WFAgent4,MALE_OLD_LOW_INCOME,718,718.0,1438,355.0
95,WFAgent5,MALE_YOUNG_HIGH_INCOME,206,206.0,204,185.0
96,WEAgent1,MALE_YOUNG_LOW_INCOME,1101,1101.0,0,0.0
96,WFAgent6,FEMALE_YOUNG_HIGH_INCOME,102,102.0,244,0.0
96,WEAgent2,FEMALE_HIGH_INCOME,265,265.0,0,0.0
96,WFAgent7,MALE_YOUNG_HIGH_INCOME,103,103.0,103,103.0
96,WFAgent8,FEMALE_OLD,1684,1684.0,0,0.0
96,WEAgent0,FEMALE_YOUNG_HIGH_INCOME,153,153.0,0,0.0
96,WFAgent9,YOUNG_LOW_INCOME,1526,1526.0,0,0.0
96,WEAgent3,FEMALE_OLD,1684,1684.0,2775,0.0
96,WEAgent4,FEMALE_OLD_HIGH_INCOME,162,162.0,0,0.0
96,WFAgent13,MALE_OLD_HIGH_INCOME,161,161.0,826,0.0
96,WFAgent12,FEMALE_OLD,1123,1123.0,0,0.0
96,WFAgent11,MALE_YOUNG,470,470.0,0,0.0
96,WFAgent0,MALE_YOUNG_HIGH_INCOME,206,206.0,134,134.0
96,WFAgent10,MALE_OLD,1041,1041.0,1770,0.0
96,WFAgent1,YOUNG_LOW_INCOME,2289,2289.0,0,0.0
96,WFAgent2,FEMALE_LOW_INCOME,876,876.0,0,0.0
96,WFAgent3,FEMALE_YOUNG,894,894.0,2016,0.0
96,WFAgent4,YOUNG_HIGH_INCOME,154,154.0,109,109.0
96,WFAgent5,YOUNG_HIGH_INCOME,154,154.0,145,145.0
97,WEAgent1,MALE_YOUNG,470,470.0,470,470.0
97,WFAgent6,FEMALE_LOW_INCOME,2628,2628.0,0,0.0
97,WEAgent2,FEMALE_OLD_HIGH_INCOME,162,162.0,0,0.0
97,WFAgent7,MALE_LOW_INCOME,1452,1452.0,1895,1058.0
97,WFAgent8,FEMALE_HIGH_INCOME,397,397.0,295,295.0
97,WEAgent0,FEMALE_YOUNG,447,447.0,0,0.0
97,WFAgent9,FEMALE_LOW_INCOME,876,876.0,2023,0.0
97,WEAgent3,MALE_OLD,1041,1041.0,1379,593.0
97,WEAgent4,OLD_HIGH_INCOME,729,729.0,0,0.0
97,WFAgent13,FEMALE_YOUNG_HIGH_INCOME,51,51.0,0,0.0
97,WFAgent12,FEMALE_OLD_LOW_INCOME,480,480.0,0,0.0
97,WFAgent11,FEMALE_YOUNG,447,447.0,0,0.0
97,WFAgent0,FEMALE_HIGH_INCOME,397,397.0,0,0.0
97,WFAgent10,FEMALE_OLD,561,561.0,2643,213.0
97,WFAgent1,MALE_YOUNG,1411,1411.0,0,0.0
97,WFAgent2,YOUNG_HIGH_INCOME,309,309.0,609,105.0
97,WFAgent3,MALE_OLD,1041,1041.0,635,635.0
97,WFAgent4,FEMALE_OLD,1684,1684.0,0,0.0
97,WFAgent5,FEMALE_YOUNG_HIGH_INCOME,51,51.0,51,51.0
98,WEAgent1,MALE_OLD_HIGH_INCOME,484,484.0,793,0.0
98,WFAgent6,FEMALE_HIGH_INCOME,397,397.0,0,0.0
98,WEAgent2,MALE_YOUNG_LOW_INCOME,1101,1101.0,0,0.0
98,WFAgent7,FEMALE_YOUNG,447,447.0,0,0.0
98,WFAgent8,FEMALE_YOUNG_LOW_INCOME,396,396.0,0,0.0
98,WEAgent0,FEMALE_YOUNG_HIGH_INCOME,102,102.0,0,0.0
98,WFAgent9,FEMALE_OLD_LOW_INCOME,1440,1440.0,2451,0.0
98,WEAgent3,FEMALE_OLD_HIGH_INCOME,81,81.0,0,0.0
98,WEAgent4,MALE_OLD_LOW_INCOME,718,718.0,1835,0.0
98,WFAgent13,FEMALE_HIGH_INCOME,265,265.0,684,0.0
98,WFAgent12,MALE_OLD_HIGH_INCOME,484,484.0,0,0.0
98,WFAgent11,FEMALE_HIGH_INCOME,397,397.0,0,0.0
98,WFAgent0,MALE_OLD_HIGH_INCOME,323,323.0,0,0.0
98,WFAgent10,FEMALE_YOUNG,894,894.0,0,0.0
98,WFAgent1,OLD_HIGH_INCOME,486,486.0,0,0.0
98,WFAgent2,MALE_YOUNG_LOW_INCOME,367,367.0,367,367.0
98,WFAgent3,MALE_YOUNG,1411,1411.0,1420,363.0
98,WFAgent4,MALE_HIGH_INCOME,530,530.0,0,0.0
98,WFAgent5,YOUNG_LOW_INCOME,2289,2289.0,0,0.0
99,WEAgent1,FEMALE_HIGH_INCOME,265,265.0,0,0.0
99,WFAgent6,YOUNG_LOW_INCOME,763,763.0,0,0.0
99,WEAgent2,FEMALE_YOUNG,1341,1341.0,2224,0.0
99,WFAgent7,YOUNG_HIGH_INCOME,309,309.0,0,0.0
99,WFAgent8,FEMALE_YOUNG_HIGH_INCOME,51,51.0,0,0.0
99,WEAgent0,MALE_YOUNG_LOW_INCOME,367,367.0,0,0.0
99,WFAgent9,YOUNG_LOW_INCOME,1526,1526.0,0,0.0
99,WEAgent3,OLD_HIGH_INCOME,243,243.0,0,0.0
99,WEAgent4,FEMALE_OLD,1684,1684.0,2832,0.0
99,WFAgent13,YOUNG_HIGH_INCOME,309,309.0,204,204.0
99,WFAgent12,MALE_OLD_HIGH_INCOME,484,484.0,265,265.0
99,WFAgent11,MALE_OLD_LOW_INCOME,359,359.0,359,359.0
99,WFAgent0,MALE_LOW_INCOME,726,726.0,0,0.0
99,WFAgent10,FEMALE_OLD_HIGH_INCOME,244,244.0,0,0.0
99,WFAgent1,MALE_LOW_INCOME,2178,2178.0,3298,373.0
99,WFAgent2,MALE_OLD_HIGH_INCOME,323,323.0,250,250.0
99,WFAgent3,MALE_YOUNG_HIGH_INCOME,103,103.0,103,103.0
99,WFAgent4,MALE_HIGH_INCOME,265,265.0,200,200.0
99,WFAgent5,MALE_OLD_HIGH_INCOME,323,323.0,265,265.0

