0,WFAgent6,OLD_HIGH_INCOME,243,243.0,0,0.0
0,WFAgent7,MALE_OLD,1561,1561.0,657,657.0
0,WFAgent8,MALE_OLD_LOW_INCOME,718,718.0,490,490.0
0,WFAgent9,MALE_OLD_HIGH_INCOME,161,161.0,161,161.0
0,WFAgent19,FEMALE_YOUNG,1341,1341.0,1629,414.0
0,WFAgent18,OLD_HIGH_INCOME,486,486.0,0,0.0
0,WFAgent17,YOUNG_HIGH_INCOME,463,463.0,777,0.0
0,WFAgent16,FEMALE_OLD,1684,1684.0,0,0.0
0,WFAgent15,MALE_HIGH_INCOME,530,530.0,0,0.0
0,WFAgent14,OLD_HIGH_INCOME,729,729.0,601,203.0
0,WFAgent13,MALE_YOUNG,941,941.0,0,0.0
0,WFAgent12,OLD_HIGH_INCOME,243,243.0,0,0.0
0,WFAgent11,OLD_HIGH_INCOME,243,243.0,205,205.0
0,WEAgent7,MALE_YOUNG_HIGH_INCOME,103,103.0,0,0.0
0,WFAgent10,MALE_OLD,1041,1041.0,483,483.0
0,WEAgent1,FEMALE_YOUNG_LOW_INCOME,396,396.0,396,396.0
0,WEAgent2,FEMALE_OLD,1123,1123.0,2328,0.0
0,WEAgent0,FEMALE_OLD_HIGH_INCOME,162,162.0,0,0.0
0,WEAgent5,MALE_LOW_INCOME,726,726.0,0,0.0
0,WEAgent6,MALE_YOUNG_HIGH_INCOME,310,310.0,0,0.0
0,WEAgent3,MALE_YOUNG_LOW_INCOME,1101,1101.0,1090,376.0
0,WEAgent4,MALE_HIGH_INCOME,795,795.0,0,0.0
0,WFAgent0,MALE_OLD,520,520.0,449,449.0
0,WFAgent1,MALE_YOUNG_LOW_INCOME,367,367.0,367,367.0
0,WFAgent2,MALE_HIGH_INCOME,530,530.0,0,0.0
0,WFAgent3,FEMALE_OLD,561,561.0,0,0.0
0,WFAgent4,MALE_OLD_LOW_INCOME,359,359.0,0,0.0
0,WFAgent5,MALE_YOUNG_LOW_INCOME,367,367.0,367,367.0
1,WFAgent6,MALE_OLD_LOW_INCOME,1077,1077.0,0,0.0
1,WFAgent7,MALE_HIGH_INCOME,265,265.0,265,265.0
1,WFAgent8,MALE_OLD,1041,1041.0,0,0.0
1,WFAgent9,FEMALE_LOW_INCOME,876,876.0,680,680.0
1,WFAgent19,MALE_OLD,520,520.0,520,520.0
1,WFAgent18,OLD_LOW_INCOME,839,839.0,635,635.0
1,WFAgent17,OLD_HIGH_INCOME,243,243.0,0,0.0
1,WFAgent16,MALE_HIGH_INCOME,795,795.0,0,0.0
1,WFAgent15,MALE_YOUNG,941,941.0,0,0.0
1,WFAgent14,MALE_OLD_HIGH_INCOME,323,323.0,323,323.0
1,WFAgent13,FEMALE_OLD_HIGH_INCOME,81,81.0,0,0.0
1,WFAgent12,FEMALE_OLD_HIGH_INCOME,244,244.0,204,204.0
1,WFAgent11,OLD_HIGH_INCOME,729,729.0,0,0.0
1,WEAgent7,MALE_YOUNG,941,941.0,0,0.0
1,WFAgent10,YOUNG_LOW_INCOME,2289,2289.0,1629,1629.0
1,WEAgent1,OLD_HIGH_INCOME,729,729.0,0,0.0
1,WEAgent2,FEMALE_HIGH_INCOME,265,265.0,0,0.0
1,WEAgent0,FEMALE_YOUNG_LOW_INCOME,792,792.0,0,0.0
1,WEAgent5,FEMALE_HIGH_INCOME,397,397.0,0,0.0
1,WEAgent6,MALE_OLD,1561,1561.0,1102,919.0
1,WEAgent3,FEMALE_OLD_HIGH_INCOME,244,244.0,0,0.0
1,WEAgent4,MALE_YOUNG_LOW_INCOME,1101,1101.0,0,0.0
1,WFAgent0,FEMALE_YOUNG_HIGH_INCOME,51,51.0,0,0.0
1,WFAgent1,FEMALE_OLD,1123,1123.0,2605,188.0
1,WFAgent2,MALE_YOUNG,941,941.0,891,891.0
1,WFAgent3,FEMALE_YOUNG,1341,1341.0,870,621.0
1,WFAgent4,FEMALE_YOUNG,1341,1341.0,0,0.0
1,WFAgent5,MALE_HIGH_INCOME,265,265.0,276,247.0
2,WFAgent6,MALE_OLD,1041,1041.0,0,0.0
2,WFAgent7,MALE_YOUNG_HIGH_INCOME,103,103.0,0,0.0
2,WFAgent8,OLD_HIGH_INCOME,243,243.0,799,0.0
2,WFAgent9,FEMALE_HIGH_INCOME,265,265.0,0,0.0
2,WFAgent19,MALE_YOUNG_HIGH_INCOME,103,103.0,103,103.0
2,WFAgent18,FEMALE_OLD,1684,1684.0,0,0.0
2,WFAgent17,OLD_LOW_INCOME,1678,1678.0,0,0.0
2,WFAgent16,OLD_LOW_INCOME,1678,1678.0,0,0.0
2,WFAgent15,OLD_HIGH_INCOME,486,486.0,0,0.0
2,WFAgent14,FEMALE_HIGH_INCOME,132,132.0,0,0.0
2,WFAgent13,MALE_YOUNG_LOW_INCOME,734,734.0,0,0.0
2,WFAgent12,FEMALE_YOUNG,894,894.0,488,488.0
2,WFAgent11,MALE_YOUNG_HIGH_INCOME,310,310.0,187,187.0
2,WEAgent7,MALE_YOUNG_LOW_INCOME,734,734.0,1921,0.0
2,WFAgent10,YOUNG_HIGH_INCOME,309,309.0,0,0.0
2,WEAgent1,YOUNG_HIGH_INCOME,463,463.0,453,215.0
2,WEAgent2,FEMALE_OLD,561,561.0,0,0.0
2,WEAgent0,FEMALE_OLD_HIGH_INCOME,162,162.0,0,0.0
2,WEAgent5,FEMALE_YOUNG_LOW_INCOME,1188,1188.0,0,0.0
2,WEAgent6,FEMALE_YOUNG_LOW_INCOME,1188,1188.0,0,0.0
2,WEAgent3,FEMALE_LOW_INCOME,876,876.0,0,0.0
2,WEAgent4,MALE_OLD,520,520.0,1857,0.0
2,WFAgent0,FEMALE_LOW_INCOME,1752,1752.0,501,501.0
2,WFAgent1,FEMALE_YOUNG_HIGH_INCOME,153,153.0,0,0.0
2,WFAgent2,FEMALE_YOUNG,447,447.0,447,447.0
2,WFAgent3,OLD_HIGH_INCOME,486,486.0,0,0.0
2,WFAgent4,OLD_HIGH_INCOME,729,729.0,0,0.0
2,WFAgent5,FEMALE_LOW_INCOME,876,876.0,2837,496.0
3,WFAgent6,MALE_OLD,520,520.0,520,520.0
3,WFAgent7,FEMALE_YOUNG,1341,1341.0,0,0.0
3,WFAgent8,MALE_LOW_INCOME,2178,2178.0,0,0.0
3,WFAgent9,MALE_OLD_LOW_INCOME,1077,1077.0,0,0.0
3,WFAgent19,MALE_HIGH_INCOME,265,265.0,0,0.0
3,WFAgent18,FEMALE_OLD_LOW_INCOME,480,480.0,0,0.0
3,WFAgent17,FEMALE_LOW_INCOME,876,876.0,876,876.0
3,WFAgent16,MALE_YOUNG_HIGH_INCOME,310,310.0,0,0.0
3,WFAgent15,FEMALE_HIGH_INCOME,397,397.0,348,85.0
3,WFAgent14,OLD_HIGH_INCOME,729,729.0,639,639.0
3,WFAgent13,FEMALE_OLD,561,561.0,561,561.0
3,WFAgent12,MALE_YOUNG_LOW_INCOME,734,734.0,0,0.0
3,WFAgent11,MALE_OLD_HIGH_INCOME,161,161.0,161,161.0
3,WEAgent7,FEMALE_OLD_LOW_INCOME,960,960.0,493,492.99999999999994
3,WFAgent10,YOUNG_LOW_INCOME,2289,2289.0,0,0.0
3,WEAgent1,FEMALE_OLD,561,561.0,526,525.9999999999999
3,WEAgent2,YOUNG_HIGH_INCOME,154,154.0,281,0.0
3,WEAgent0,MALE_OLD,1561,1561.0,0,0.0
3,WEAgent5,FEMALE_YOUNG,1341,1341.0,0,0.0
3,WEAgent6,FEMALE_YOUNG,447,447.0,0,0.0
3,WEAgent3,MALE_HIGH_INCOME,795,795.0,497,0.0
3,WEAgent4,MALE_YOUNG_HIGH_INCOME,310,310.0,0,0.0
3,WFAgent0,YOUNG_LOW_INCOME,1526,1526.0,0,0.0
3,WFAgent1,YOUNG_LOW_INCOME,2289,2289.0,0,0.0
3,WFAgent2,FEMALE_YOUNG_LOW_INCOME,396,396.0,0,0.0
3,WFAgent3,FEMALE_YOUNG_LOW_INCOME,1188,1188.0,1956,0.0
3,WFAgent4,FEMALE_YOUNG,1341,1341.0,0,0.0
3,WFAgent5,OLD_LOW_INCOME,1678,1678.0,1300,507.0
4,WFAgent6,MALE_OLD_HIGH_INCOME,161,161.0,161,161.0
4,WFAgent7,MALE_LOW_INCOME,726,726.0,726,726.0
4,WFAgent8,OLD_LOW_INCOME,1678,1678.0,0,0.0
4,WFAgent9,MALE_HIGH_INCOME,265,265.0,417,90.0
4,WFAgent19,FEMALE_YOUNG_LOW_INCOME,792,792.0,0,0.0
4,WFAgent18,FEMALE_YOUNG_HIGH_INCOME,102,102.0,214,43.0
4,WFAgent17,FEMALE_LOW_INCOME,2628,2628.0,1994,1521.0
4,WFAgent16,OLD_HIGH_INCOME,486,486.0,564,465.0
4,WFAgent15,MALE_YOUNG,1411,1411.0,1129,713.0
4,WFAgent14,MALE_OLD_LOW_INCOME,1077,1077.0,0,0.0
4,WFAgent13,FEMALE_OLD_LOW_INCOME,480,480.0,480,480.0
4,WFAgent12,FEMALE_LOW_INCOME,1752,1752.0,0,0.0
4,WFAgent11,FEMALE_YOUNG,1341,1341.0,0,0.0
4,WEAgent7,FEMALE_YOUNG,1341,1341.0,0,0.0
4,WFAgent10,FEMALE_YOUNG_HIGH_INCOME,153,153.0,0,0.0
4,WEAgent1,MALE_YOUNG_LOW_INCOME,367,367.0,0,0.0
4,WEAgent2,FEMALE_YOUNG_HIGH_INCOME,51,51.0,0,0.0
4,WEAgent0,MALE_OLD,1561,1561.0,1182,1182.0
4,WEAgent5,OLD_LOW_INCOME,2517,2517.0,1626,1626.0
4,WEAgent6,FEMALE_OLD,561,561.0,0,0.0
4,WEAgent3,MALE_YOUNG,470,470.0,0,0.0
4,WEAgent4,MALE_OLD_HIGH_INCOME,161,161.0,0,0.0
4,WFAgent0,FEMALE_OLD,1123,1123.0,0,0.0
4,WFAgent1,FEMALE_OLD,561,561.0,561,561.0
4,WFAgent2,YOUNG_LOW_INCOME,763,763.0,0,0.0
4,WFAgent3,FEMALE_YOUNG_LOW_INCOME,792,792.0,792,792.0
4,WFAgent4,FEMALE_YOUNG_HIGH_INCOME,51,51.0,51,51.0
4,WFAgent5,MALE_YOUNG_HIGH_INCOME,103,103.0,103,103.0
5,WFAgent6,OLD_LOW_INCOME,1678,1678.0,0,0.0
5,WFAgent7,MALE_YOUNG,470,470.0,470,470.0
5,WFAgent8,MALE_HIGH_INCOME,530,530.0,508,508.0
5,WFAgent9,FEMALE_OLD,1684,1684.0,430,0.0
5,WFAgent19,YOUNG_HIGH_INCOME,154,154.0,127,127.0
5,WFAgent18,MALE_YOUNG_LOW_INCOME,734,734.0,449,449.0
5,WFAgent17,FEMALE_YOUNG_HIGH_INCOME,102,102.0,0,0.0
5,WFAgent16,MALE_YOUNG_HIGH_INCOME,103,103.0,0,0.0
5,WFAgent15,FEMALE_YOUNG_LOW_INCOME,792,792.0,0,0.0
5,WFAgent14,OLD_LOW_INCOME,839,839.0,839,838.9999999999999
5,WFAgent13,FEMALE_LOW_INCOME,1752,1752.0,981,981.0
5,WFAgent12,FEMALE_OLD_HIGH_INCOME,244,244.0,0,0.0
5,WFAgent11,OLD_HIGH_INCOME,729,729.0,0,0.0
5,WEAgent7,FEMALE_YOUNG_HIGH_INCOME,51,51.0,0,0.0
5,WFAgent10,YOUNG_HIGH_INCOME,463,463.0,380,133.0
5,WEAgent1,MALE_YOUNG,1411,1411.0,0,0.0
5,WEAgent2,FEMALE_YOUNG_HIGH_INCOME,51,51.0,0,0.0
5,WEAgent0,FEMALE_OLD,1684,1684.0,0,0.0
5,WEAgent5,MALE_HIGH_INCOME,530,530.0,0,0.0
5,WEAgent6,OLD_LOW_INCOME,2517,2517.0,3424,2452.0
5,WEAgent3,YOUNG_LOW_INCOME,1526,1526.0,431,431.0
5,WEAgent4,MALE_YOUNG_HIGH_INCOME,310,310.0,0,0.0
5,WFAgent0,MALE_YOUNG,1411,1411.0,0,0.0
5,WFAgent1,MALE_YOUNG_HIGH_INCOME,310,310.0,0,0.0
5,WFAgent2,YOUNG_LOW_INCOME,1526,1526.0,1402,1402.0
5,WFAgent3,MALE_HIGH_INCOME,795,795.0,0,0.0
5,WFAgent4,MALE_HIGH_INCOME,795,795.0,559,559.0
5,WFAgent5,FEMALE_OLD_HIGH_INCOME,244,244.0,0,0.0
6,WFAgent6,FEMALE_OLD_LOW_INCOME,1440,1440.0,0,0.0
6,WFAgent7,FEMALE_OLD_HIGH_INCOME,162,162.0,0,0.0
6,WFAgent8,OLD_HIGH_INCOME,243,243.0,215,215.0
6,WFAgent9,MALE_OLD_HIGH_INCOME,323,323.0,252,252.0
6,WFAgent19,YOUNG_HIGH_INCOME,309,309.0,0,0.0
6,WFAgent18,MALE_LOW_INCOME,726,726.0,726,726.0
6,WFAgent17,FEMALE_YOUNG_LOW_INCOME,396,396.0,396,396.0
6,WFAgent16,FEMALE_OLD_HIGH_INCOME,244,244.0,0,0.0
6,WFAgent15,FEMALE_YOUNG_LOW_INCOME,396,396.0,396,396.0
6,WFAgent14,OLD_HIGH_INCOME,729,729.0,0,0.0
6,WFAgent13,FEMALE_YOUNG_LOW_INCOME,792,792.0,0,0.0
6,WFAgent12,OLD_LOW_INCOME,839,839.0,751,751.0
6,WFAgent11,MALE_YOUNG,941,941.0,0,0.0
6,WEAgent7,MALE_YOUNG_HIGH_INCOME,103,103.0,103,103.0
6,WFAgent10,MALE_OLD_HIGH_INCOME,484,484.0,297,297.0
6,WEAgent1,MALE_LOW_INCOME,1452,1452.0,0,0.0
6,WEAgent2,MALE_OLD_LOW_INCOME,359,359.0,0,0.0
6,WEAgent0,MALE_YOUNG_HIGH_INCOME,103,103.0,103,103.0
6,WEAgent5,YOUNG_LOW_INCOME,2289,2289.0,2580,837.0
6,WEAgent6,FEMALE_OLD_LOW_INCOME,1440,1440.0,1205,1205.0
6,WEAgent3,FEMALE_YOUNG,894,894.0,0,0.0
6,WEAgent4,MALE_HIGH_INCOME,530,530.0,547,340.0
6,WFAgent0,MALE_OLD_LOW_INCOME,1077,1077.0,0,0.0
6,WFAgent1,OLD_LOW_INCOME,2517,2517.0,1967,1967.0
6,WFAgent2,FEMALE_OLD_HIGH_INCOME,244,244.0,208,208.0
6,WFAgent3,FEMALE_LOW_INCOME,1752,1752.0,0,0.0
6,WFAgent4,MALE_HIGH_INCOME,265,265.0,0,0.0
6,WFAgent5,YOUNG_LOW_INCOME,2289,2289.0,0,0.0
7,WFAgent6,FEMALE_YOUNG_HIGH_INCOME,51,51.0,0,0.0
7,WFAgent7,OLD_LOW_INCOME,1678,1678.0,763,763.0
7,WFAgent8,MALE_YOUNG_LOW_INCOME,734,734.0,0,0.0
7,WFAgent9,OLD_LOW_INCOME,839,839.0,782,782.0
7,WFAgent19,YOUNG_HIGH_INCOME,154,154.0,0,0.0
7,WFAgent18,FEMALE_OLD,1123,1123.0,0,0.0
7,WFAgent17,MALE_YOUNG,1411,1411.0,0,0.0
7,WFAgent16,FEMALE_LOW_INCOME,2628,2628.0,2365,1940.0
7,WFAgent15,MALE_YOUNG,470,470.0,199,199.0
7,WFAgent14,FEMALE_OLD_HIGH_INCOME,81,81.0,0,0.0
7,WFAgent13,FEMALE_OLD,561,561.0,0,0.0
7,WFAgent12,FEMALE_OLD_LOW_INCOME,960,960.0,960,960.0
7,WFAgent11,MALE_YOUNG_LOW_INCOME,1101,1101.0,0,0.0
7,WEAgent7,MALE_YOUNG_LOW_INCOME,367,367.0,0,0.0
7,WFAgent10,FEMALE_OLD_HIGH_INCOME,244,244.0,0,0.0
7,WEAgent1,MALE_OLD,1561,1561.0,0,0.0
7,WEAgent2,FEMALE_YOUNG_LOW_INCOME,1188,1188.0,0,0.0
7,WEAgent0,FEMALE_HIGH_INCOME,397,397.0,665,0.0
7,WEAgent5,MALE_YOUNG,941,941.0,941,941.0
7,WEAgent6,FEMALE_OLD_HIGH_INCOME,162,162.0,0,0.0
7,WEAgent3,MALE_OLD,1041,1041.0,0,0.0
7,WEAgent4,MALE_OLD,1041,1041.0,0,0.0
7,WFAgent0,YOUNG_LOW_INCOME,2289,2289.0,2007,1780.0
7,WFAgent1,OLD_LOW_INCOME,2517,2517.0,0,0.0
7,WFAgent2,MALE_OLD,520,520.0,520,520.0
7,WFAgent3,MALE_HIGH_INCOME,795,795.0,798,433.0
7,WFAgent4,FEMALE_YOUNG,447,447.0,0,0.0
7,WFAgent5,MALE_LOW_INCOME,2178,2178.0,0,0.0
8,WFAgent6,MALE_OLD_LOW_INCOME,359,359.0,0,0.0
8,WFAgent7,MALE_OLD_LOW_INCOME,1077,1077.0,0,0.0
8,WFAgent8,MALE_YOUNG_LOW_INCOME,1101,1101.0,0,0.0
8,WFAgent9,MALE_YOUNG_LOW_INCOME,1101,1101.0,0,0.0
8,WFAgent19,FEMALE_OLD_LOW_INCOME,960,960.0,0,0.0
8,WFAgent18,FEMALE_OLD_HIGH_INCOME,81,81.0,0,0.0
8,WFAgent17,MALE_YOUNG_HIGH_INCOME,103,103.0,103,103.0
8,WFAgent16,FEMALE_YOUNG_HIGH_INCOME,102,102.0,252,0.0
8,WFAgent15,YOUNG_HIGH_INCOME,309,309.0,0,0.0
8,WFAgent14,FEMALE_OLD,561,561.0,561,561.0
8,WFAgent13,FEMALE_YOUNG,447,447.0,0,0.0
8,WFAgent12,OLD_LOW_INCOME,2517,2517.0,2442,603.0
8,WFAgent11,FEMALE_OLD_LOW_INCOME,960,960.0,610,610.0
8,WEAgent7,YOUNG_HIGH_INCOME,154,154.0,413,110.0
8,WFAgent10,FEMALE_YOUNG,894,894.0,0,0.0
8,WEAgent1,OLD_HIGH_INCOME,729,729.0,907,315.0
8,WEAgent2,FEMALE_YOUNG_HIGH_INCOME,102,102.0,0,0.0
8,WEAgent0,MALE_OLD_HIGH_INCOME,323,323.0,323,323.0
8,WEAgent5,YOUNG_LOW_INCOME,763,763.0,0,0.0
8,WEAgent6,FEMALE_YOUNG_LOW_INCOME,396,396.0,0,0.0
8,WEAgent3,OLD_LOW_INCOME,1678,1678.0,623,623.0
8,WEAgent4,MALE_YOUNG_LOW_INCOME,1101,1101.0,0,0.0
8,WFAgent0,MALE_YOUNG_LOW_INCOME,734,734.0,0,0.0
8,WFAgent1,YOUNG_LOW_INCOME,2289,2289.0,0,0.0
8,WFAgent2,YOUNG_LOW_INCOME,1526,1526.0,0,0.0
8,WFAgent3,YOUNG_LOW_INCOME,1526,1526.0,1911,0.0
8,WFAgent4,MALE_YOUNG_LOW_INCOME,734,734.0,0,0.0
8,WFAgent5,MALE_YOUNG,1411,1411.0,1855,0.0
9,WFAgent6,FEMALE_HIGH_INCOME,265,265.0,201,201.0
9,WFAgent7,MALE_OLD_HIGH_INCOME,323,323.0,0,0.0
9,WFAgent8,OLD_HIGH_INCOME,729,729.0,463,463.0
9,WFAgent9,OLD_LOW_INCOME,839,839.0,0,0.0
9,WFAgent19,OLD_LOW_INCOME,839,839.0,0,0.0
9,WFAgent18,OLD_HIGH_INCOME,243,243.0,0,0.0
9,WFAgent17,MALE_OLD_HIGH_INCOME,484,484.0,327,327.0
9,WFAgent16,MALE_HIGH_INCOME,265,265.0,265,265.0
9,WFAgent15,YOUNG_HIGH_INCOME,154,154.0,154,154.0
9,WFAgent14,YOUNG_HIGH_INCOME,154,154.0,0,0.0
9,WFAgent13,MALE_HIGH_INCOME,265,265.0,0,0.0
9,WFAgent12,FEMALE_OLD_HIGH_INCOME,81,81.0,0,0.0
9,WFAgent11,FEMALE_YOUNG_LOW_INCOME,792,792.0,792,792.0
9,WEAgent7,MALE_YOUNG_HIGH_INCOME,310,310.0,134,134.0
9,WFAgent10,OLD_HIGH_INCOME,243,243.0,0,0.0
9,WEAgent1,FEMALE_OLD,1123,1123.0,2507,156.0
9,WEAgent2,FEMALE_YOUNG,1341,1341.0,1248,885.0
9,WEAgent0,MALE_YOUNG_HIGH_INCOME,310,310.0,110,110.0
9,WEAgent5,MALE_LOW_INCOME,2178,2178.0,1361,1296.0
9,WEAgent6,FEMALE_OLD_LOW_INCOME,480,480.0,0,0.0
9,WEAgent3,FEMALE_HIGH_INCOME,132,132.0,0,0.0
9,WEAgent4,MALE_YOUNG_LOW_INCOME,734,734.0,734,734.0
9,WFAgent0,OLD_LOW_INCOME,839,839.0,572,572.0
9,WFAgent1,OLD_LOW_INCOME,1678,1678.0,611,611.0
9,WFAgent2,OLD_HIGH_INCOME,729,729.0,0,0.0
9,WFAgent3,MALE_YOUNG_LOW_INCOME,367,367.0,367,367.0
9,WFAgent4,YOUNG_HIGH_INCOME,154,154.0,154,154.0
9,WFAgent5,FEMALE_YOUNG_HIGH_INCOME,51,51.0,0,0.0
10,WFAgent6,YOUNG_HIGH_INCOME,463,463.0,0,0.0
10,WFAgent7,MALE_YOUNG,941,941.0,0,0.0
10,WFAgent8,OLD_HIGH_INCOME,486,486.0,0,0.0
10,WFAgent9,YOUNG_HIGH_INCOME,463,463.0,678,103.0
10,WFAgent19,FEMALE_HIGH_INCOME,132,132.0,0,0.0
10,WFAgent18,MALE_OLD_LOW_INCOME,359,359.0,359,359.0
10,WFAgent17,FEMALE_YOUNG_LOW_INCOME,396,396.0,0,0.0
10,WFAgent16,FEMALE_YOUNG_LOW_INCOME,1188,1188.0,0,0.0
10,WFAgent15,MALE_YOUNG,470,470.0,0,0.0
10,WFAgent14,FEMALE_OLD_HIGH_INCOME,162,162.0,390,0.0
10,WFAgent13,MALE_YOUNG,1411,1411.0,0,0.0
10,WFAgent12,FEMALE_YOUNG,1341,1341.0,0,0.0
10,WFAgent11,FEMALE_YOUNG,1341,1341.0,749,749.0
10,WEAgent7,MALE_OLD_LOW_INCOME,1077,1077.0,758,688.0
10,WFAgent10,MALE_HIGH_INCOME,530,530.0,0,0.0
10,WEAgent1,FEMALE_YOUNG,894,894.0,0,0.0
10,WEAgent2,MALE_HIGH_INCOME,530,530.0,804,0.0
10,WEAgent0,MALE_OLD_HIGH_INCOME,484,484.0,0,0.0
10,WEAgent5,FEMALE_OLD_LOW_INCOME,480,480.0,480,480.0
10,WEAgent6,MALE_OLD,520,520.0,0,0.0
10,WEAgent3,FEMALE_YOUNG_HIGH_INCOME,102,102.0,102,102.0
10,WEAgent4,MALE_OLD_LOW_INCOME,718,718.0,718,718.0
10,WFAgent0,OLD_HIGH_INCOME,243,243.0,0,0.0
10,WFAgent1,MALE_YOUNG_HIGH_INCOME,206,206.0,0,0.0
10,WFAgent2,FEMALE_LOW_INCOME,1752,1752.0,789,789.0
10,WFAgent3,FEMALE_OLD_LOW_INCOME,1440,1440.0,0,0.0
10,WFAgent4,FEMALE_LOW_INCOME,1752,1752.0,1909,449.0
10,WFAgent5,FEMALE_YOUNG_LOW_INCOME,396,396.0,396,396.0
11,WFAgent6,MALE_LOW_INCOME,1452,1452.0,0,0.0
11,WFAgent7,FEMALE_YOUNG_LOW_INCOME,792,792.0,0,0.0
11,WFAgent8,YOUNG_LOW_INCOME,2289,2289.0,0,0.0
11,WFAgent9,FEMALE_OLD_HIGH_INCOME,162,162.0,0,0.0
11,WFAgent19,FEMALE_OLD_HIGH_INCOME,244,244.0,417,0.0
11,WFAgent18,MALE_YOUNG_HIGH_INCOME,206,206.0,169,169.0
11,WFAgent17,FEMALE_YOUNG,447,447.0,0,0.0
11,WFAgent16,YOUNG_HIGH_INCOME,463,463.0,314,314.0
11,WFAgent15,MALE_OLD_HIGH_INCOME,484,484.0,770,0.0
11,WFAgent14,FEMALE_OLD_HIGH_INCOME,244,244.0,0,0.0
11,WFAgent13,FEMALE_OLD,1684,1684.0,0,0.0
11,WFAgent12,FEMALE_HIGH_INCOME,397,397.0,0,0.0
11,WFAgent11,OLD_HIGH_INCOME,243,243.0,0,0.0
11,WEAgent7,YOUNG_HIGH_INCOME,463,463.0,190,190.0
11,WFAgent10,MALE_OLD_HIGH_INCOME,484,484.0,0,0.0
11,WEAgent1,FEMALE_YOUNG_HIGH_INCOME,102,102.0,0,0.0
11,WEAgent2,FEMALE_YOUNG,447,447.0,0,0.0
11,WEAgent0,MALE_YOUNG_HIGH_INCOME,206,206.0,0,0.0
11,WEAgent5,FEMALE_OLD_LOW_INCOME,960,960.0,0,0.0
11,WEAgent6,MALE_LOW_INCOME,1452,1452.0,0,0.0
11,WEAgent3,MALE_YOUNG_HIGH_INCOME,310,310.0,0,0.0
11,WEAgent4,FEMALE_YOUNG,894,894.0,2121,128.0
11,WFAgent0,FEMALE_HIGH_INCOME,397,397.0,0,0.0
11,WFAgent1,MALE_OLD_LOW_INCOME,1077,1077.0,1790,0.0
11,WFAgent2,OLD_LOW_INCOME,1678,1678.0,0,0.0
11,WFAgent3,MALE_OLD_HIGH_INCOME,484,484.0,0,0.0
11,WFAgent4,FEMALE_OLD_LOW_INCOME,480,480.0,2391,0.0
11,WFAgent5,OLD_LOW_INCOME,2517,2517.0,0,0.0
12,WFAgent6,MALE_OLD_LOW_INCOME,1077,1077.0,1077,1077.0
12,WFAgent7,FEMALE_LOW_INCOME,1752,1752.0,0,0.0
12,WFAgent8,FEMALE_HIGH_INCOME,132,132.0,0,0.0
12,WFAgent9,MALE_YOUNG_HIGH_INCOME,103,103.0,103,103.0
12,WFAgent19,MALE_YOUNG_LOW_INCOME,734,734.0,734,734.0
12,WFAgent18,MALE_OLD_LOW_INCOME,359,359.0,359,359.0
12,WFAgent17,FEMALE_OLD_HIGH_INCOME,244,244.0,0,0.0
12,WFAgent16,MALE_YOUNG_LOW_INCOME,1101,1101.0,1117,699.0
12,WFAgent15,FEMALE_OLD_HIGH_INCOME,244,244.0,0,0.0
12,WFAgent14,YOUNG_LOW_INCOME,763,763.0,0,0.0
12,WFAgent13,MALE_OLD,1561,1561.0,0,0.0
12,WFAgent12,MALE_YOUNG_HIGH_INCOME,103,103.0,0,0.0
12,WFAgent11,FEMALE_LOW_INCOME,876,876.0,0,0.0
12,WEAgent7,FEMALE_OLD_HIGH_INCOME,162,162.0,0,0.0
12,WFAgent10,YOUNG_HIGH_INCOME,154,154.0,0,0.0
12,WEAgent1,MALE_YOUNG_LOW_INCOME,734,734.0,0,0.0
12,WEAgent2,MALE_HIGH_INCOME,530,530.0,762,443.0
12,WEAgent0,FEMALE_OLD,561,561.0,0,0.0
12,WEAgent5,OLD_LOW_INCOME,2517,2517.0,2704,0.0
12,WEAgent6,YOUNG_HIGH_INCOME,309,309.0,0,0.0
12,WEAgent3,MALE_OLD_HIGH_INCOME,161,161.0,161,160.99999999999997
12,WEAgent4,OLD_HIGH_INCOME,486,486.0,733,338.99999999999994
12,WFAgent0,MALE_OLD_HIGH_INCOME,484,484.0,0,0.0
12,WFAgent1,OLD_HIGH_INCOME,243,243.0,0,0.0
12,WFAgent2,FEMALE_OLD_LOW_INCOME,1440,1440.0,0,0.0
12,WFAgent3,MALE_YOUNG_HIGH_INCOME,310,310.0,0,0.0
12,WFAgent4,FEMALE_HIGH_INCOME,397,397.0,0,0.0
12,WFAgent5,OLD_HIGH_INCOME,486,486.0,0,0.0
13,WFAgent6,FEMALE_YOUNG_LOW_INCOME,792,792.0,0,0.0
13,WFAgent7,MALE_YOUNG_HIGH_INCOME,103,103.0,0,0.0
13,WFAgent8,FEMALE_LOW_INCOME,876,876.0,0,0.0
13,WFAgent9,YOUNG_LOW_INCOME,1526,1526.0,0,0.0
13,WFAgent19,MALE_YOUNG_LOW_INCOME,1101,1101.0,0,0.0
13,WFAgent18,MALE_OLD_LOW_INCOME,718,718.0,0,0.0
13,WFAgent17,YOUNG_HIGH_INCOME,309,309.0,309,308.99999999999994
13,WFAgent16,MALE_OLD,1041,1041.0,0,0.0
13,WFAgent15,MALE_OLD_LOW_INCOME,359,359.0,0,0.0
13,WFAgent14,MALE_YOUNG,1411,1411.0,0,0.0
13,WFAgent13,OLD_HIGH_INCOME,243,243.0,0,0.0
13,WFAgent12,MALE_OLD,520,520.0,520,520.0
13,WFAgent11,OLD_HIGH_INCOME,729,729.0,700,454.0
13,WEAgent7,OLD_LOW_INCOME,1678,1678.0,1414,0.0
13,WFAgent10,FEMALE_YOUNG_LOW_INCOME,396,396.0,91,91.0
13,WEAgent1,MALE_HIGH_INCOME,530,530.0,458,458.0
13,WEAgent2,FEMALE_HIGH_INCOME,265,265.0,0,0.0
13,WEAgent0,MALE_OLD_LOW_INCOME,718,718.0,0,0.0
13,WEAgent5,MALE_LOW_INCOME,2178,2178.0,3200,494.0
13,WEAgent6,FEMALE_LOW_INCOME,1752,1752.0,1752,1752.0
13,WEAgent3,MALE_YOUNG_HIGH_INCOME,103,103.0,65,64.99999999999999
13,WEAgent4,MALE_OLD,1041,1041.0,0,0.0
13,WFAgent0,FEMALE_HIGH_INCOME,132,132.0,264,0.0
13,WFAgent1,FEMALE_OLD_HIGH_INCOME,244,244.0,0,0.0
13,WFAgent2,MALE_YOUNG_LOW_INCOME,734,734.0,0,0.0
13,WFAgent3,FEMALE_YOUNG,894,894.0,105,105.0
13,WFAgent4,FEMALE_OLD,561,561.0,561,561.0
13,WFAgent5,FEMALE_OLD,561,561.0,561,561.0
14,WFAgent6,OLD_HIGH_INCOME,729,729.0,0,0.0
14,WFAgent7,MALE_LOW_INCOME,1452,1452.0,0,0.0
14,WFAgent8,FEMALE_OLD_LOW_INCOME,480,480.0,480,480.0
14,WFAgent9,FEMALE_YOUNG_HIGH_INCOME,102,102.0,0,0.0
14,WFAgent19,MALE_OLD,1561,1561.0,0,0.0
14,WFAgent18,OLD_HIGH_INCOME,486,486.0,1215,402.99999999999994
14,WFAgent17,MALE_OLD_HIGH_INCOME,484,484.0,0,0.0
14,WFAgent16,MALE_YOUNG_LOW_INCOME,1101,1101.0,0,0.0
14,WFAgent15,OLD_HIGH_INCOME,243,243.0,0,0.0
14,WFAgent14,OLD_HIGH_INCOME,729,729.0,0,0.0
14,WFAgent13,YOUNG_LOW_INCOME,1526,1526.0,2506,1410.0
14,WFAgent12,MALE_HIGH_INCOME,265,265.0,214,214.0
14,WFAgent11,FEMALE_YOUNG,447,447.0,0,0.0
14,WEAgent7,FEMALE_YOUNG,447,447.0,447,447.0
14,WFAgent10,MALE_YOUNG,1411,1411.0,874,874.0
14,WEAgent1,FEMALE_OLD,1684,1684.0,983,983.0
14,WEAgent2,MALE_OLD_HIGH_INCOME,161,161.0,0,0.0
14,WEAgent0,MALE_OLD_HIGH_INCOME,323,323.0,0,0.0
14,WEAgent5,FEMALE_YOUNG_LOW_INCOME,1188,1188.0,0,0.0
14,WEAgent6,FEMALE_YOUNG_LOW_INCOME,1188,1188.0,0,0.0
14,WEAgent3,OLD_LOW_INCOME,2517,2517.0,2739,950.0
14,WEAgent4,FEMALE_OLD_LOW_INCOME,1440,1440.0,0,0.0
14,WFAgent0,MALE_YOUNG_HIGH_INCOME,103,103.0,103,103.0
14,WFAgent1,OLD_HIGH_INCOME,729,729.0,0,0.0
14,WFAgent2,YOUNG_HIGH_INCOME,463,463.0,439,198.0
14,WFAgent3,FEMALE_YOUNG_LOW_INCOME,396,396.0,0,0.0
14,WFAgent4,FEMALE_OLD_HIGH_INCOME,81,81.0,0,0.0
14,WFAgent5,FEMALE_YOUNG,1341,1341.0,0,0.0
15,WFAgent6,MALE_YOUNG_LOW_INCOME,1101,1101.0,582,582.0
15,WFAgent7,FEMALE_HIGH_INCOME,397,397.0,0,0.0
15,WFAgent8,MALE_YOUNG_LOW_INCOME,734,734.0,592,592.0
15,WFAgent9,MALE_YOUNG_HIGH_INCOME,206,206.0,0,0.0
15,WFAgent19,MALE_OLD_HIGH_INCOME,484,484.0,406,406.0
15,WFAgent18,MALE_OLD_HIGH_INCOME,161,161.0,0,0.0
15,WFAgent17,MALE_HIGH_INCOME,530,530.0,0,0.0
15,WFAgent16,MALE_OLD_LOW_INCOME,718,718.0,0,0.0
15,WFAgent15,FEMALE_OLD,1123,1123.0,0,0.0
15,WFAgent14,MALE_YOUNG,1411,1411.0,0,0.0
15,WFAgent13,MALE_YOUNG_LOW_INCOME,367,367.0,0,0.0
15,WFAgent12,FEMALE_OLD,1684,1684.0,0,0.0
15,WFAgent11,FEMALE_OLD_HIGH_INCOME,162,162.0,399,0.0
15,WEAgent7,FEMALE_HIGH_INCOME,265,265.0,0,0.0
15,WFAgent10,MALE_OLD_HIGH_INCOME,484,484.0,427,427.0
15,WEAgent1,MALE_OLD_LOW_INCOME,1077,1077.0,0,0.0
15,WEAgent2,OLD_LOW_INCOME,2517,2517.0,3170,546.0
15,WEAgent0,OLD_HIGH_INCOME,729,729.0,0,0.0
15,WEAgent5,MALE_LOW_INCOME,1452,1452.0,656,656.0
15,WEAgent6,MALE_OLD_LOW_INCOME,1077,1077.0,0,0.0
15,WEAgent3,MALE_HIGH_INCOME,530,530.0,495,0.0
15,WEAgent4,MALE_YOUNG,1411,1411.0,0,0.0
15,WFAgent0,FEMALE_OLD_LOW_INCOME,480,480.0,480,480.0
15,WFAgent1,FEMALE_YOUNG_HIGH_INCOME,153,153.0,0,0.0
15,WFAgent2,FEMALE_HIGH_INCOME,265,265.0,0,0.0
15,WFAgent3,FEMALE_YOUNG,1341,1341.0,1973,0.0
15,WFAgent4,MALE_OLD,1561,1561.0,0,0.0
15,WFAgent5,FEMALE_OLD,561,561.0,561,561.0
16,WFAgent6,MALE_LOW_INCOME,2178,2178.0,0,0.0
16,WFAgent7,OLD_HIGH_INCOME,729,729.0,0,0.0
16,WFAgent8,FEMALE_OLD_LOW_INCOME,1440,1440.0,0,0.0
16,WFAgent9,OLD_HIGH_INCOME,486,486.0,0,0.0
16,WFAgent19,FEMALE_YOUNG_HIGH_INCOME,153,153.0,0,0.0
16,WFAgent18,MALE_YOUNG_HIGH_INCOME,310,310.0,173,173.0
16,WFAgent17,MALE_HIGH_INCOME,530,530.0,164,164.0
16,WFAgent16,FEMALE_YOUNG_HIGH_INCOME,102,102.0,0,0.0
16,WFAgent15,OLD_LOW_INCOME,1678,1678.0,922,922.0
16,WFAgent14,FEMALE_LOW_INCOME,876,876.0,2387,0.0
16,WFAgent13,FEMALE_HIGH_INCOME,265,265.0,0,0.0
16,WFAgent12,MALE_OLD_HIGH_INCOME,323,323.0,0,0.0
16,WFAgent11,FEMALE_YOUNG_LOW_INCOME,792,792.0,792,792.0
16,WEAgent7,MALE_HIGH_INCOME,795,795.0,795,795.0
16,WFAgent10,MALE_OLD,1561,1561.0,0,0.0
16,WEAgent1,FEMALE_OLD_LOW_INCOME,480,480.0,0,0.0
16,WEAgent2,MALE_OLD_HIGH_INCOME,484,484.0,0,0.0
16,WEAgent0,MALE_YOUNG_HIGH_INCOME,206,206.0,0,0.0
16,WEAgent5,YOUNG_HIGH_INCOME,309,309.0,0,0.0
16,WEAgent6,FEMALE_YOUNG,1341,1341.0,1452,777.0
16,WEAgent3,MALE_YOUNG_LOW_INCOME,734,734.0,0,0.0
16,WEAgent4,FEMALE_YOUNG_HIGH_INCOME,153,153.0,0,0.0
16,WFAgent0,MALE_OLD,1561,1561.0,866,866.0
16,WFAgent1,MALE_YOUNG,941,941.0,0,0.0
16,WFAgent2,MALE_LOW_INCOME,2178,2178.0,0,0.0
16,WFAgent3,MALE_YOUNG,941,941.0,1827,0.0
16,WFAgent4,MALE_OLD_LOW_INCOME,718,718.0,0,0.0
16,WFAgent5,MALE_HIGH_INCOME,530,530.0,188,188.0
17,WFAgent6,FEMALE_OLD,1684,1684.0,0,0.0
17,WFAgent7,FEMALE_OLD_LOW_INCOME,1440,1440.0,0,0.0
17,WFAgent8,MALE_YOUNG,1411,1411.0,0,0.0
17,WFAgent9,FEMALE_OLD_HIGH_INCOME,81,81.0,81,81.0
17,WFAgent19,FEMALE_LOW_INCOME,2628,2628.0,2168,2168.0
17,WFAgent18,FEMALE_OLD_LOW_INCOME,480,480.0,0,0.0
17,WFAgent17,YOUNG_LOW_INCOME,2289,2289.0,0,0.0
17,WFAgent16,FEMALE_YOUNG,1341,1341.0,1007,1007.0
17,WFAgent15,OLD_LOW_INCOME,839,839.0,839,839.0
17,WFAgent14,FEMALE_LOW_INCOME,876,876.0,0,0.0
17,WFAgent13,MALE_HIGH_INCOME,265,265.0,0,0.0
17,WFAgent12,FEMALE_HIGH_INCOME,265,265.0,0,0.0
17,WFAgent11,MALE_HIGH_INCOME,530,530.0,0,0.0
17,WEAgent7,MALE_OLD_HIGH_INCOME,484,484.0,0,0.0
17,WFAgent10,MALE_OLD_LOW_INCOME,359,359.0,0,0.0
17,WEAgent1,MALE_OLD_HIGH_INCOME,484,484.0,0,0.0
17,WEAgent2,YOUNG_LOW_INCOME,763,763.0,1173,723.0
17,WEAgent0,FEMALE_YOUNG,447,447.0,0,0.0
17,WEAgent5,MALE_HIGH_INCOME,265,265.0,799,0.0
17,WEAgent6,OLD_LOW_INCOME,2517,2517.0,2179,2040.0
17,WEAgent3,MALE_YOUNG_LOW_INCOME,1101,1101.0,0,0.0
17,WEAgent4,FEMALE_LOW_INCOME,876,876.0,0,0.0
17,WFAgent0,FEMALE_HIGH_INCOME,265,265.0,0,0.0
17,WFAgent1,MALE_OLD_HIGH_INCOME,161,161.0,0,0.0
17,WFAgent2,MALE_YOUNG_LOW_INCOME,734,734.0,734,734.0
17,WFAgent3,FEMALE_YOUNG_HIGH_INCOME,51,51.0,235,0.0
17,WFAgent4,OLD_LOW_INCOME,1678,1678.0,0,0.0
17,WFAgent5,FEMALE_HIGH_INCOME,265,265.0,301,66.0
18,WFAgent6,MALE_YOUNG,1411,1411.0,0,0.0
18,WFAgent7,MALE_OLD,1041,1041.0,0,0.0
18,WFAgent8,FEMALE_YOUNG_HIGH_INCOME,153,153.0,0,0.0
18,WFAgent9,MALE_YOUNG_LOW_INCOME,1101,1101.0,659,659.0
18,WFAgent19,OLD_HIGH_INCOME,486,486.0,486,486.0
18,WFAgent18,MALE_OLD_HIGH_INCOME,323,323.0,497,299.0
18,WFAgent17,FEMALE_OLD_HIGH_INCOME,162,162.0,0,0.0
18,WFAgent16,FEMALE_LOW_INCOME,2628,2628.0,2153,2153.0
18,WFAgent15,YOUNG_HIGH_INCOME,463,463.0,0,0.0
18,WFAgent14,MALE_OLD,1561,1561.0,0,0.0
18,WFAgent13,FEMALE_LOW_INCOME,1752,1752.0,959,959.0
18,WFAgent12,FEMALE_OLD,561,561.0,0,0.0
18,WFAgent11,FEMALE_OLD_LOW_INCOME,1440,1440.0,1263,1263.0
18,WEAgent7,FEMALE_YOUNG_LOW_INCOME,1188,1188.0,0,0.0
18,WFAgent10,MALE_OLD_HIGH_INCOME,484,484.0,0,0.0
18,WEAgent1,MALE_OLD,1041,1041.0,0,0.0
18,WEAgent2,OLD_HIGH_INCOME,486,486.0,0,0.0
18,WEAgent0,MALE_HIGH_INCOME,530,530.0,0,0.0
18,WEAgent5,MALE_HIGH_INCOME,530,530.0,0,0.0
18,WEAgent6,OLD_HIGH_INCOME,243,243.0,269,182.0
18,WEAgent3,FEMALE_YOUNG_LOW_INCOME,396,396.0,0,0.0
18,WEAgent4,YOUNG_LOW_INCOME,763,763.0,601,601.0
18,WFAgent0,MALE_LOW_INCOME,726,726.0,2313,554.0
18,WFAgent1,YOUNG_HIGH_INCOME,463,463.0,0,0.0
18,WFAgent2,YOUNG_HIGH_INCOME,309,309.0,0,0.0
18,WFAgent3,OLD_LOW_INCOME,2517,2517.0,0,0.0
18,WFAgent4,FEMALE_YOUNG_HIGH_INCOME,51,51.0,0,0.0
18,WFAgent5,FEMALE_LOW_INCOME,1752,1752.0,0,0.0
19,WFAgent6,OLD_LOW_INCOME,2517,2517.0,0,0.0
19,WFAgent7,FEMALE_OLD_HIGH_INCOME,244,244.0,0,0.0
19,WFAgent8,MALE_YOUNG,941,941.0,941,941.0
19,WFAgent9,FEMALE_YOUNG_LOW_INCOME,396,396.0,0,0.0
19,WFAgent19,FEMALE_OLD,561,561.0,561,561.0
19,WFAgent18,FEMALE_LOW_INCOME,2628,2628.0,0,0.0
19,WFAgent17,FEMALE_YOUNG_HIGH_INCOME,51,51.0,0,0.0
19,WFAgent16,FEMALE_YOUNG_HIGH_INCOME,102,102.0,0,0.0
19,WFAgent15,MALE_YOUNG_HIGH_INCOME,103,103.0,524,0.0
19,WFAgent14,OLD_HIGH_INCOME,243,243.0,138,138.0
19,WFAgent13,MALE_HIGH_INCOME,265,265.0,265,265.0
19,WFAgent12,MALE_OLD_HIGH_INCOME,484,484.0,444,235.0
19,WFAgent11,FEMALE_YOUNG_LOW_INCOME,1188,1188.0,1926,0.0
19,WEAgent7,FEMALE_OLD,561,561.0,0,0.0
19,WFAgent10,MALE_OLD_HIGH_INCOME,161,161.0,161,161.0
19,WEAgent1,MALE_YOUNG_HIGH_INCOME,310,310.0,0,0.0
19,WEAgent2,FEMALE_HIGH_INCOME,132,132.0,132,132.0
19,WEAgent0,FEMALE_YOUNG_HIGH_INCOME,153,153.0,0,0.0
19,WEAgent5,FEMALE_YOUNG_LOW_INCOME,1188,1188.0,0,0.0
19,WEAgent6,FEMALE_YOUNG_LOW_INCOME,1188,1188.0,0,0.0
19,WEAgent3,MALE_YOUNG_HIGH_INCOME,206,206.0,0,0.0
19,WEAgent4,FEMALE_HIGH_INCOME,265,265.0,349,110.0
19,WFAgent0,OLD_LOW_INCOME,2517,2517.0,0,0.0
19,WFAgent1,FEMALE_OLD_LOW_INCOME,960,960.0,0,0.0
19,WFAgent2,FEMALE_OLD_LOW_INCOME,960,960.0,1878,563.0
19,WFAgent3,MALE_LOW_INCOME,1452,1452.0,2681,892.0
19,WFAgent4,MALE_LOW_INCOME,726,726.0,0,0.0
19,WFAgent5,MALE_OLD_LOW_INCOME,718,718.0,0,0.0
20,WFAgent6,MALE_YOUNG_LOW_INCOME,367,367.0,0,0.0
20,WFAgent7,MALE_YOUNG,941,941.0,0,0.0
20,WFAgent8,OLD_HIGH_INCOME,486,486.0,516,476.0
20,WFAgent9,OLD_HIGH_INCOME,486,486.0,486,486.0
20,WFAgent19,FEMALE_OLD_LOW_INCOME,960,960.0,0,0.0
20,WFAgent18,FEMALE_OLD_LOW_INCOME,1440,1440.0,0,0.0
20,WFAgent17,FEMALE_OLD,561,561.0,561,561.0
20,WFAgent16,MALE_OLD_LOW_INCOME,359,359.0,0,0.0
20,WFAgent15,FEMALE_OLD_HIGH_INCOME,81,81.0,0,0.0
20,WFAgent14,MALE_OLD,520,520.0,1777,0.0
20,WFAgent13,YOUNG_HIGH_INCOME,154,154.0,317,154.0
20,WFAgent12,FEMALE_OLD_HIGH_INCOME,244,244.0,0,0.0
20,WFAgent11,YOUNG_LOW_INCOME,2289,2289.0,0,0.0
20,WEAgent7,OLD_LOW_INCOME,839,839.0,642,642.0
20,WFAgent10,YOUNG_HIGH_INCOME,463,463.0,0,0.0
20,WEAgent1,FEMALE_HIGH_INCOME,265,265.0,0,0.0
20,WEAgent2,FEMALE_YOUNG_HIGH_INCOME,102,102.0,0,0.0
20,WEAgent0,FEMALE_OLD,1684,1684.0,738,738.0
20,WEAgent5,FEMALE_YOUNG_HIGH_INCOME,102,102.0,0,0.0
20,WEAgent6,MALE_OLD_HIGH_INCOME,323,323.0,0,0.0
20,WEAgent3,FEMALE_LOW_INCOME,1752,1752.0,2608,658.0
20,WEAgent4,MALE_YOUNG,941,941.0,0,0.0
20,WFAgent0,FEMALE_OLD,1684,1684.0,0,0.0
20,WFAgent1,MALE_YOUNG_HIGH_INCOME,310,310.0,359,151.0
20,WFAgent2,OLD_HIGH_INCOME,243,243.0,0,0.0
20,WFAgent3,YOUNG_LOW_INCOME,2289,2289.0,0,0.0
20,WFAgent4,MALE_YOUNG_LOW_INCOME,734,734.0,1891,0.0
20,WFAgent5,FEMALE_OLD_LOW_INCOME,1440,1440.0,0,0.0
21,WFAgent6,MALE_OLD_LOW_INCOME,1077,1077.0,0,0.0
21,WFAgent7,MALE_HIGH_INCOME,795,795.0,0,0.0
21,WFAgent8,FEMALE_OLD_LOW_INCOME,960,960.0,0,0.0
21,WFAgent9,FEMALE_LOW_INCOME,2628,2628.0,3677,776.0
21,WFAgent19,FEMALE_LOW_INCOME,2628,2628.0,0,0.0
21,WFAgent18,FEMALE_HIGH_INCOME,397,397.0,0,0.0
21,WFAgent17,MALE_OLD,520,520.0,520,520.0
21,WFAgent16,MALE_YOUNG,1411,1411.0,1797,0.0
21,WFAgent15,MALE_OLD_HIGH_INCOME,484,484.0,0,0.0
21,WFAgent14,MALE_YOUNG,1411,1411.0,0,0.0
21,WFAgent13,YOUNG_HIGH_INCOME,154,154.0,423,90.0
21,WFAgent12,FEMALE_OLD_LOW_INCOME,1440,1440.0,0,0.0
21,WFAgent11,FEMALE_OLD_HIGH_INCOME,81,81.0,0,0.0
21,WEAgent7,MALE_OLD_HIGH_INCOME,323,323.0,0,0.0
21,WFAgent10,MALE_LOW_INCOME,1452,1452.0,0,0.0
21,WEAgent1,MALE_LOW_INCOME,1452,1452.0,1222,541.0
21,WEAgent2,FEMALE_YOUNG_LOW_INCOME,1188,1188.0,0,0.0
21,WEAgent0,FEMALE_HIGH_INCOME,265,265.0,113,113.0
21,WEAgent5,MALE_OLD_HIGH_INCOME,323,323.0,0,0.0
21,WEAgent6,MALE_YOUNG,1411,1411.0,0,0.0
21,WEAgent3,FEMALE_HIGH_INCOME,397,397.0,311,193.0
21,WEAgent4,MALE_YOUNG_HIGH_INCOME,310,310.0,0,0.0
21,WFAgent0,OLD_HIGH_INCOME,486,486.0,939,118.0
21,WFAgent1,MALE_YOUNG_HIGH_INCOME,103,103.0,103,103.0
21,WFAgent2,FEMALE_YOUNG,1341,1341.0,0,0.0
21,WFAgent3,FEMALE_HIGH_INCOME,132,132.0,132,132.0
21,WFAgent4,YOUNG_LOW_INCOME,763,763.0,763,763.0
21,WFAgent5,FEMALE_OLD,1123,1123.0,0,0.0
22,WFAgent6,YOUNG_LOW_INCOME,1526,1526.0,0,0.0
22,WFAgent7,OLD_LOW_INCOME,839,839.0,769,701.0
22,WFAgent8,FEMALE_YOUNG_HIGH_INCOME,102,102.0,110,0.0
22,WFAgent9,FEMALE_LOW_INCOME,2628,2628.0,0,0.0
22,WFAgent19,FEMALE_YOUNG,447,447.0,1927,0.0
22,WFAgent18,FEMALE_HIGH_INCOME,397,397.0,0,0.0
22,WFAgent17,MALE_OLD,1561,1561.0,0,0.0
22,WFAgent16,MALE_OLD_HIGH_INCOME,484,484.0,0,0.0
22,WFAgent15,OLD_HIGH_INCOME,729,729.0,0,0.0
22,WFAgent14,FEMALE_YOUNG_HIGH_INCOME,51,51.0,0,0.0
22,WFAgent13,MALE_OLD_LOW_INCOME,359,359.0,0,0.0
22,WFAgent12,FEMALE_HIGH_INCOME,397,397.0,0,0.0
22,WFAgent11,FEMALE_YOUNG_HIGH_INCOME,51,51.0,0,0.0
22,WEAgent7,OLD_LOW_INCOME,1678,1678.0,1678,1678.0
22,WFAgent10,MALE_LOW_INCOME,726,726.0,726,726.0
22,WEAgent1,MALE_OLD_HIGH_INCOME,323,323.0,0,0.0
22,WEAgent2,FEMALE_OLD_LOW_INCOME,480,480.0,0,0.0
22,WEAgent0,YOUNG_LOW_INCOME,1526,1526.0,1061,791.0
22,WEAgent5,FEMALE_HIGH_INCOME,132,132.0,0,0.0
22,WEAgent6,FEMALE_OLD_HIGH_INCOME,244,244.0,0,0.0
22,WEAgent3,MALE_YOUNG_LOW_INCOME,734,734.0,0,0.0
22,WEAgent4,FEMALE_LOW_INCOME,1752,1752.0,1015,915.0
22,WFAgent0,OLD_HIGH_INCOME,243,243.0,413,0.0
22,WFAgent1,FEMALE_YOUNG_HIGH_INCOME,51,51.0,0,0.0
22,WFAgent2,FEMALE_OLD_LOW_INCOME,480,480.0,480,480.0
22,WFAgent3,MALE_OLD_LOW_INCOME,1077,1077.0,0,0.0
22,WFAgent4,MALE_OLD_LOW_INCOME,359,359.0,359,359.0
22,WFAgent5,YOUNG_HIGH_INCOME,154,154.0,646,0.0
23,WFAgent6,FEMALE_OLD_HIGH_INCOME,81,81.0,0,0.0
23,WFAgent7,OLD_LOW_INCOME,839,839.0,2389,614.0
23,WFAgent8,MALE_OLD,1041,1041.0,0,0.0
23,WFAgent9,OLD_HIGH_INCOME,729,729.0,0,0.0
23,WFAgent19,FEMALE_OLD,1123,1123.0,599,599.0
23,WFAgent18,OLD_LOW_INCOME,1678,1678.0,0,0.0
23,WFAgent17,FEMALE_OLD,561,561.0,561,561.0
23,WFAgent16,MALE_LOW_INCOME,1452,1452.0,626,626.0
23,WFAgent15,FEMALE_YOUNG,1341,1341.0,0,0.0
23,WFAgent14,FEMALE_OLD_HIGH_INCOME,244,244.0,0,0.0
23,WFAgent13,FEMALE_OLD_HIGH_INCOME,162,162.0,0,0.0
23,WFAgent12,MALE_HIGH_INCOME,265,265.0,0,0.0
23,WFAgent11,MALE_YOUNG_HIGH_INCOME,206,206.0,0,0.0
23,WEAgent7,FEMALE_OLD_LOW_INCOME,1440,1440.0,0,0.0
23,WFAgent10,OLD_LOW_INCOME,839,839.0,618,618.0
23,WEAgent1,FEMALE_HIGH_INCOME,132,132.0,0,0.0
23,WEAgent2,YOUNG_LOW_INCOME,1526,1526.0,600,600.0
23,WEAgent0,YOUNG_LOW_INCOME,1526,1526.0,628,628.0
23,WEAgent5,MALE_YOUNG_LOW_INCOME,1101,1101.0,0,0.0
23,WEAgent6,MALE_HIGH_INCOME,265,265.0,1306,0.0
23,WEAgent3,MALE_OLD_HIGH_INCOME,323,323.0,0,0.0
23,WEAgent4,FEMALE_OLD_HIGH_INCOME,162,162.0,0,0.0
23,WFAgent0,YOUNG_HIGH_INCOME,463,463.0,0,0.0
23,WFAgent1,MALE_YOUNG_LOW_INCOME,1101,1101.0,0,0.0
23,WFAgent2,MALE_OLD,1041,1041.0,0,0.0
23,WFAgent3,FEMALE_YOUNG,1341,1341.0,2029,0.0
23,WFAgent4,OLD_HIGH_INCOME,729,729.0,0,0.0
23,WFAgent5,FEMALE_OLD_LOW_INCOME,480,480.0,0,0.0
24,WFAgent6,FEMALE_YOUNG,1341,1341.0,0,0.0
24,WFAgent7,MALE_YOUNG_LOW_INCOME,367,367.0,367,367.0
24,WFAgent8,FEMALE_YOUNG,447,447.0,0,0.0
24,WFAgent9,FEMALE_LOW_INCOME,876,876.0,0,0.0
24,WFAgent19,MALE_OLD,1561,1561.0,0,0.0
24,WFAgent18,FEMALE_YOUNG_HIGH_INCOME,153,153.0,88,88.0
24,WFAgent17,MALE_OLD,1041,1041.0,0,0.0
24,WFAgent16,FEMALE_OLD,561,561.0,561,561.0
24,WFAgent15,FEMALE_HIGH_INCOME,132,132.0,132,132.0
24,WFAgent14,FEMALE_LOW_INCOME,2628,2628.0,0,0.0
24,WFAgent13,FEMALE_OLD,561,561.0,561,561.0
24,WFAgent12,OLD_LOW_INCOME,2517,2517.0,0,0.0
24,WFAgent11,MALE_OLD,1041,1041.0,0,0.0
24,WEAgent7,MALE_YOUNG_HIGH_INCOME,310,310.0,155,155.0
24,WFAgent10,MALE_LOW_INCOME,1452,1452.0,1117,393.0
24,WEAgent1,OLD_LOW_INCOME,2517,2517.0,3164,601.0
24,WEAgent2,MALE_HIGH_INCOME,265,265.0,0,0.0
24,WEAgent0,MALE_OLD_HIGH_INCOME,484,484.0,0,0.0
24,WEAgent5,FEMALE_LOW_INCOME,1752,1752.0,0,0.0
24,WEAgent6,FEMALE_OLD_HIGH_INCOME,162,162.0,261,82.0
24,WEAgent3,MALE_YOUNG,1411,1411.0,0,0.0
24,WEAgent4,YOUNG_HIGH_INCOME,309,309.0,274,274.0
24,WFAgent0,MALE_YOUNG_LOW_INCOME,367,367.0,367,367.0
24,WFAgent1,MALE_HIGH_INCOME,265,265.0,195,195.0
24,WFAgent2,MALE_HIGH_INCOME,265,265.0,760,0.0
24,WFAgent3,YOUNG_LOW_INCOME,1526,1526.0,1998,0.0
24,WFAgent4,MALE_YOUNG_HIGH_INCOME,206,206.0,0,0.0
24,WFAgent5,MALE_YOUNG_HIGH_INCOME,310,310.0,0,0.0
25,WFAgent6,FEMALE_OLD_LOW_INCOME,1440,1440.0,1278,1278.0
25,WFAgent7,FEMALE_YOUNG,447,447.0,99,99.0
25,WFAgent8,FEMALE_LOW_INCOME,876,876.0,0,0.0
25,WFAgent9,OLD_LOW_INCOME,2517,2517.0,0,0.0
25,WFAgent19,FEMALE_OLD_HIGH_INCOME,162,162.0,412,0.0
25,WFAgent18,MALE_YOUNG_LOW_INCOME,367,367.0,1793,0.0
25,WFAgent17,MALE_HIGH_INCOME,530,530.0,530,529.9999999999999
25,WFAgent16,MALE_OLD_LOW_INCOME,718,718.0,718,718.0
25,WFAgent15,MALE_LOW_INCOME,726,726.0,726,726.0
25,WFAgent14,FEMALE_LOW_INCOME,2628,2628.0,0,0.0
25,WFAgent13,MALE_YOUNG,941,941.0,0,0.0
25,WFAgent12,YOUNG_LOW_INCOME,2289,2289.0,0,0.0
25,WFAgent11,MALE_YOUNG_HIGH_INCOME,206,206.0,514,0.0
25,WEAgent7,MALE_YOUNG_LOW_INCOME,1101,1101.0,0,0.0
25,WFAgent10,FEMALE_OLD_LOW_INCOME,1440,1440.0,0,0.0
25,WEAgent1,FEMALE_YOUNG,1341,1341.0,0,0.0
25,WEAgent2,MALE_YOUNG_LOW_INCOME,1101,1101.0,0,0.0
25,WEAgent0,FEMALE_LOW_INCOME,2628,2628.0,3142,1163.0
25,WEAgent5,FEMALE_YOUNG_HIGH_INCOME,153,153.0,90,90.0
25,WEAgent6,FEMALE_YOUNG_LOW_INCOME,396,396.0,0,0.0
25,WEAgent3,YOUNG_HIGH_INCOME,309,309.0,0,0.0
25,WEAgent4,MALE_OLD,1041,1041.0,647,0.0
25,WFAgent0,FEMALE_YOUNG_HIGH_INCOME,51,51.0,51,51.0
25,WFAgent1,MALE_YOUNG,1411,1411.0,0,0.0
25,WFAgent2,FEMALE_LOW_INCOME,1752,1752.0,0,0.0
25,WFAgent3,MALE_YOUNG_HIGH_INCOME,310,310.0,0,0.0
25,WFAgent4,FEMALE_YOUNG,894,894.0,0,0.0
25,WFAgent5,YOUNG_LOW_INCOME,763,763.0,0,0.0
26,WFAgent6,FEMALE_LOW_INCOME,2628,2628.0,0,0.0
26,WFAgent7,FEMALE_YOUNG_LOW_INCOME,792,792.0,0,0.0
26,WFAgent8,OLD_LOW_INCOME,2517,2517.0,0,0.0
26,WFAgent9,FEMALE_YOUNG_LOW_INCOME,792,792.0,0,0.0
26,WFAgent19,MALE_YOUNG,941,941.0,712,712.0
26,WFAgent18,MALE_YOUNG,1411,1411.0,694,694.0
26,WFAgent17,YOUNG_LOW_INCOME,763,763.0,0,0.0
26,WFAgent16,YOUNG_LOW_INCOME,1526,1526.0,0,0.0
26,WFAgent15,FEMALE_HIGH_INCOME,265,265.0,450,265.0
26,WFAgent14,OLD_HIGH_INCOME,729,729.0,0,0.0
26,WFAgent13,OLD_LOW_INCOME,2517,2517.0,3151,609.0
26,WFAgent12,FEMALE_OLD_HIGH_INCOME,81,81.0,81,81.0
26,WFAgent11,MALE_YOUNG_HIGH_INCOME,103,103.0,103,103.0
26,WEAgent7,FEMALE_YOUNG,894,894.0,0,0.0
26,WFAgent10,FEMALE_OLD,561,561.0,0,0.0
26,WEAgent1,MALE_OLD_LOW_INCOME,359,359.0,0,0.0
26,WEAgent2,YOUNG_HIGH_INCOME,154,154.0,216,33.99999999999999
26,WEAgent0,FEMALE_YOUNG,1341,1341.0,0,0.0
26,WEAgent5,MALE_OLD_LOW_INCOME,359,359.0,0,0.0
26,WEAgent6,FEMALE_YOUNG,894,894.0,0,0.0
26,WEAgent3,MALE_YOUNG,470,470.0,470,470.0
26,WEAgent4,MALE_YOUNG,941,941.0,0,0.0
26,WFAgent0,FEMALE_YOUNG,894,894.0,0,0.0
26,WFAgent1,MALE_OLD_LOW_INCOME,718,718.0,718,718.0
26,WFAgent2,OLD_HIGH_INCOME,243,243.0,404,0.0
26,WFAgent3,MALE_YOUNG_HIGH_INCOME,206,206.0,206,206.0
26,WFAgent4,MALE_OLD_LOW_INCOME,359,359.0,359,359.0
26,WFAgent5,MALE_OLD_HIGH_INCOME,484,484.0,390,0.0
27,WFAgent6,FEMALE_YOUNG,447,447.0,0,0.0
27,WFAgent7,FEMALE_LOW_INCOME,1752,1752.0,2705,1616.0
27,WFAgent8,FEMALE_LOW_INCOME,1752,1752.0,1255,1255.0
27,WFAgent9,MALE_YOUNG_HIGH_INCOME,103,103.0,103,103.0
27,WFAgent19,FEMALE_OLD_HIGH_INCOME,162,162.0,88,88.0
27,WFAgent18,FEMALE_YOUNG,447,447.0,447,447.0
27,WFAgent17,MALE_LOW_INCOME,1452,1452.0,1452,1452.0
27,WFAgent16,FEMALE_YOUNG,894,894.0,0,0.0
27,WFAgent15,MALE_HIGH_INCOME,530,530.0,530,530.0
27,WFAgent14,FEMALE_OLD_HIGH_INCOME,81,81.0,81,81.0
27,WFAgent13,MALE_YOUNG_LOW_INCOME,367,367.0,0,0.0
27,WFAgent12,OLD_LOW_INCOME,1678,1678.0,1057,737.0
27,WFAgent11,MALE_YOUNG,941,941.0,0,0.0
27,WEAgent7,FEMALE_HIGH_INCOME,397,397.0,224,224.0
27,WFAgent10,OLD_HIGH_INCOME,486,486.0,74,74.0
27,WEAgent1,MALE_YOUNG_LOW_INCOME,367,367.0,0,0.0
27,WEAgent2,FEMALE_HIGH_INCOME,397,397.0,183,183.0
27,WEAgent0,MALE_OLD_LOW_INCOME,359,359.0,0,0.0
27,WEAgent5,MALE_YOUNG_HIGH_INCOME,103,103.0,0,0.0
27,WEAgent6,MALE_HIGH_INCOME,530,530.0,727,528.0
27,WEAgent3,MALE_YOUNG_HIGH_INCOME,206,206.0,0,0.0
27,WEAgent4,MALE_YOUNG_LOW_INCOME,1101,1101.0,1074,781.0
27,WFAgent0,MALE_YOUNG,941,941.0,0,0.0
27,WFAgent1,FEMALE_YOUNG_HIGH_INCOME,102,102.0,0,0.0
27,WFAgent2,MALE_LOW_INCOME,1452,1452.0,0,0.0
27,WFAgent3,MALE_YOUNG_LOW_INCOME,1101,1101.0,0,0.0
27,WFAgent4,FEMALE_OLD_HIGH_INCOME,162,162.0,0,0.0
27,WFAgent5,FEMALE_YOUNG_HIGH_INCOME,153,153.0,0,0.0
28,WFAgent6,FEMALE_YOUNG_HIGH_INCOME,102,102.0,0,0.0
28,WFAgent7,YOUNG_LOW_INCOME,1526,1526.0,0,0.0
28,WFAgent8,YOUNG_LOW_INCOME,2289,2289.0,0,0.0
28,WFAgent9,FEMALE_YOUNG_HIGH_INCOME,102,102.0,63,63.0
28,WFAgent19,FEMALE_YOUNG_HIGH_INCOME,102,102.0,46,46.0
28,WFAgent18,MALE_YOUNG_LOW_INCOME,367,367.0,367,367.0
28,WFAgent17,MALE_YOUNG,941,941.0,0,0.0
28,WFAgent16,YOUNG_LOW_INCOME,1526,1526.0,2701,749.0
28,WFAgent15,YOUNG_LOW_INCOME,2289,2289.0,0,0.0
28,WFAgent14,FEMALE_LOW_INCOME,2628,2628.0,0,0.0
28,WFAgent13,MALE_OLD,520,520.0,313,0.0
28,WFAgent12,OLD_LOW_INCOME,1678,1678.0,1728,1678.0
28,WFAgent11,FEMALE_OLD,1684,1684.0,1479,1041.0
28,WEAgent7,FEMALE_OLD,1123,1123.0,0,0.0
28,WFAgent10,MALE_OLD_LOW_INCOME,718,718.0,718,718.0
28,WEAgent1,FEMALE_YOUNG_HIGH_INCOME,51,51.0,51,51.0
28,WEAgent2,FEMALE_YOUNG_LOW_INCOME,792,792.0,0,0.0
28,WEAgent0,MALE_HIGH_INCOME,265,265.0,265,265.0
28,WEAgent5,FEMALE_YOUNG_HIGH_INCOME,102,102.0,70,70.0
28,WEAgent6,FEMALE_OLD_HIGH_INCOME,244,244.0,241,182.0
28,WEAgent3,YOUNG_LOW_INCOME,1526,1526.0,717,717.0
28,WEAgent4,MALE_OLD_HIGH_INCOME,484,484.0,0,0.0
28,WFAgent0,FEMALE_LOW_INCOME,1752,1752.0,0,0.0
28,WFAgent1,OLD_HIGH_INCOME,243,243.0,243,243.0
28,WFAgent2,MALE_YOUNG_HIGH_INCOME,310,310.0,0,0.0
28,WFAgent3,FEMALE_YOUNG_LOW_INCOME,1188,1188.0,0,0.0
28,WFAgent4,FEMALE_OLD_HIGH_INCOME,162,162.0,162,162.0
28,WFAgent5,MALE_HIGH_INCOME,530,530.0,836,284.0
29,WFAgent6,MALE_OLD_HIGH_INCOME,484,484.0,0,0.0
29,WFAgent7,FEMALE_OLD,1123,1123.0,0,0.0
29,WFAgent8,YOUNG_LOW_INCOME,763,763.0,1146,447.0
29,WFAgent9,FEMALE_OLD_HIGH_INCOME,81,81.0,0,0.0
29,WFAgent19,FEMALE_HIGH_INCOME,397,397.0,0,0.0
29,WFAgent18,MALE_LOW_INCOME,1452,1452.0,862,862.0
29,WFAgent17,MALE_HIGH_INCOME,530,530.0,0,0.0
29,WFAgent16,FEMALE_OLD_LOW_INCOME,480,480.0,480,480.0
29,WFAgent15,MALE_YOUNG_LOW_INCOME,734,734.0,0,0.0
29,WFAgent14,MALE_YOUNG,941,941.0,926,926.0
29,WFAgent13,FEMALE_OLD,1123,1123.0,925,925.0
29,WFAgent12,FEMALE_OLD_LOW_INCOME,960,960.0,909,909.0
29,WFAgent11,FEMALE_LOW_INCOME,2628,2628.0,0,0.0
29,WEAgent7,FEMALE_YOUNG,447,447.0,0,0.0
29,WFAgent10,FEMALE_YOUNG,447,447.0,447,447.0
29,WEAgent1,OLD_HIGH_INCOME,486,486.0,0,0.0
29,WEAgent2,FEMALE_YOUNG_HIGH_INCOME,51,51.0,258,0.0
29,WEAgent0,FEMALE_OLD_HIGH_INCOME,81,81.0,0,0.0
29,WEAgent5,MALE_YOUNG,941,941.0,513,513.0
29,WEAgent6,OLD_LOW_INCOME,839,839.0,0,0.0
29,WEAgent3,MALE_OLD,1041,1041.0,1954,702.0
29,WEAgent4,FEMALE_HIGH_INCOME,265,265.0,0,0.0
29,WFAgent0,OLD_HIGH_INCOME,243,243.0,243,243.0
29,WFAgent1,FEMALE_YOUNG_LOW_INCOME,396,396.0,0,0.0
29,WFAgent2,MALE_HIGH_INCOME,265,265.0,0,0.0
29,WFAgent3,MALE_OLD,520,520.0,520,520.0
29,WFAgent4,YOUNG_HIGH_INCOME,463,463.0,0,0.0
29,WFAgent5,FEMALE_YOUNG_LOW_INCOME,396,396.0,396,396.0
30,WFAgent6,FEMALE_YOUNG_HIGH_INCOME,153,153.0,282,0.0
30,WFAgent7,MALE_LOW_INCOME,1452,1452.0,373,373.0
30,WFAgent8,FEMALE_OLD,1684,1684.0,1597,1171.0
30,WFAgent9,FEMALE_LOW_INCOME,2628,2628.0,2191,2191.0
30,WFAgent19,YOUNG_LOW_INCOME,1526,1526.0,0,0.0
30,WFAgent18,MALE_LOW_INCOME,726,726.0,369,369.0
30,WFAgent17,FEMALE_YOUNG,447,447.0,0,0.0
30,WFAgent16,MALE_OLD,520,520.0,520,520.0
30,WFAgent15,OLD_LOW_INCOME,2517,2517.0,0,0.0
30,WFAgent14,MALE_HIGH_INCOME,530,530.0,0,0.0
30,WFAgent13,MALE_OLD_HIGH_INCOME,323,323.0,0,0.0
30,WFAgent12,MALE_YOUNG_LOW_INCOME,734,734.0,391,391.0
30,WFAgent11,FEMALE_YOUNG,1341,1341.0,980,980.0
30,WEAgent7,MALE_LOW_INCOME,1452,1452.0,0,0.0
30,WFAgent10,FEMALE_OLD_LOW_INCOME,960,960.0,0,0.0
30,WEAgent1,MALE_LOW_INCOME,726,726.0,0,0.0
30,WEAgent2,MALE_LOW_INCOME,2178,2178.0,1585,870.0
30,WEAgent0,MALE_YOUNG_LOW_INCOME,367,367.0,367,367.0
30,WEAgent5,FEMALE_YOUNG,1341,1341.0,0,0.0
30,WEAgent6,MALE_OLD,520,520.0,0,0.0
30,WEAgent3,MALE_HIGH_INCOME,795,795.0,1345,0.0
30,WEAgent4,MALE_OLD_HIGH_INCOME,323,323.0,0,0.0
30,WFAgent0,YOUNG_LOW_INCOME,2289,2289.0,0,0.0
30,WFAgent1,YOUNG_LOW_INCOME,763,763.0,0,0.0
30,WFAgent2,MALE_YOUNG_HIGH_INCOME,310,310.0,0,0.0
30,WFAgent3,FEMALE_YOUNG,894,894.0,0,0.0
30,WFAgent4,FEMALE_YOUNG,447,447.0,0,0.0
30,WFAgent5,FEMALE_LOW_INCOME,876,876.0,0,0.0
31,WFAgent6,YOUNG_HIGH_INCOME,154,154.0,0,0.0
31,WFAgent7,FEMALE_OLD,1123,1123.0,0,0.0
31,WFAgent8,MALE_OLD_LOW_INCOME,718,718.0,0,0.0
31,WFAgent9,YOUNG_HIGH_INCOME,463,463.0,0,0.0
31,WFAgent19,MALE_YOUNG,470,470.0,1785,0.0
31,WFAgent18,FEMALE_OLD_LOW_INCOME,960,960.0,0,0.0
31,WFAgent17,OLD_LOW_INCOME,1678,1678.0,0,0.0
31,WFAgent16,FEMALE_YOUNG,447,447.0,0,0.0
31,WFAgent15,MALE_LOW_INCOME,726,726.0,0,0.0
31,WFAgent14,FEMALE_YOUNG_HIGH_INCOME,153,153.0,0,0.0
31,WFAgent13,YOUNG_HIGH_INCOME,154,154.0,0,0.0
31,WFAgent12,MALE_LOW_INCOME,2178,2178.0,0,0.0
31,WFAgent11,FEMALE_OLD_LOW_INCOME,960,960.0,2471,0.0
31,WEAgent7,FEMALE_YOUNG,1341,1341.0,1494,739.0
31,WFAgent10,FEMALE_HIGH_INCOME,265,265.0,0,0.0
31,WEAgent1,MALE_HIGH_INCOME,530,530.0,460,31.999999999999996
31,WEAgent2,MALE_OLD_LOW_INCOME,718,718.0,0,0.0
31,WEAgent0,YOUNG_LOW_INCOME,763,763.0,763,763.0
31,WEAgent5,FEMALE_OLD_HIGH_INCOME,244,244.0,0,0.0
31,WEAgent6,OLD_HIGH_INCOME,729,729.0,24,23.999999999999996
31,WEAgent3,FEMALE_HIGH_INCOME,132,132.0,0,0.0
31,WEAgent4,FEMALE_OLD_LOW_INCOME,1440,1440.0,0,0.0
31,WFAgent0,FEMALE_OLD_HIGH_INCOME,244,244.0,0,0.0
31,WFAgent1,MALE_YOUNG_HIGH_INCOME,103,103.0,103,102.99999999999999
31,WFAgent2,YOUNG_HIGH_INCOME,463,463.0,0,0.0
31,WFAgent3,MALE_OLD,1561,1561.0,0,0.0
31,WFAgent4,OLD_HIGH_INCOME,486,486.0,844,486.0
31,WFAgent5,MALE_HIGH_INCOME,265,265.0,265,265.0
32,WFAgent6,MALE_YOUNG,1411,1411.0,0,0.0
32,WFAgent7,FEMALE_HIGH_INCOME,265,265.0,0,0.0
32,WFAgent8,FEMALE_OLD,561,561.0,0,0.0
32,WFAgent9,YOUNG_HIGH_INCOME,309,309.0,0,0.0
32,WFAgent19,OLD_HIGH_INCOME,486,486.0,486,486.0
32,WFAgent18,FEMALE_OLD_LOW_INCOME,480,480.0,480,480.0
32,WFAgent17,MALE_OLD_HIGH_INCOME,161,161.0,0,0.0
32,WFAgent16,FEMALE_HIGH_INCOME,132,132.0,255,0.0
32,WFAgent15,FEMALE_LOW_INCOME,1752,1752.0,997,997.0
32,WFAgent14,FEMALE_OLD,1123,1123.0,635,635.0
32,WFAgent13,MALE_LOW_INCOME,2178,2178.0,0,0.0
32,WFAgent12,MALE_YOUNG,941,941.0,0,0.0
32,WFAgent11,MALE_OLD_HIGH_INCOME,161,161.0,161,161.0
32,WEAgent7,MALE_OLD_LOW_INCOME,359,359.0,0,0.0
32,WFAgent10,FEMALE_OLD,1123,1123.0,0,0.0
32,WEAgent1,OLD_HIGH_INCOME,729,729.0,235,0.0
32,WEAgent2,MALE_OLD,520,520.0,0,0.0
32,WEAgent0,MALE_YOUNG,470,470.0,497,0.0
32,WEAgent5,FEMALE_OLD,1684,1684.0,1003,602.0
32,WEAgent6,FEMALE_LOW_INCOME,876,876.0,613,613.0
32,WEAgent3,YOUNG_LOW_INCOME,1526,1526.0,0,0.0
32,WEAgent4,YOUNG_LOW_INCOME,2289,2289.0,2341,1431.0
32,WFAgent0,FEMALE_YOUNG_LOW_INCOME,1188,1188.0,0,0.0
32,WFAgent1,YOUNG_LOW_INCOME,2289,2289.0,0,0.0
32,WFAgent2,MALE_OLD_LOW_INCOME,1077,1077.0,1827,0.0
32,WFAgent3,MALE_LOW_INCOME,1452,1452.0,0,0.0
32,WFAgent4,MALE_YOUNG,470,470.0,470,470.0
32,WFAgent5,FEMALE_YOUNG,894,894.0,0,0.0
33,WFAgent6,YOUNG_HIGH_INCOME,463,463.0,0,0.0
33,WFAgent7,OLD_HIGH_INCOME,729,729.0,1032,211.0
33,WFAgent8,MALE_OLD_LOW_INCOME,1077,1077.0,0,0.0
33,WFAgent9,MALE_YOUNG_LOW_INCOME,734,734.0,0,0.0
33,WFAgent19,FEMALE_OLD_LOW_INCOME,480,480.0,0,0.0
33,WFAgent18,MALE_OLD,1561,1561.0,0,0.0
33,WFAgent17,MALE_YOUNG_LOW_INCOME,734,734.0,0,0.0
33,WFAgent16,MALE_YOUNG,470,470.0,470,470.0
33,WFAgent15,FEMALE_OLD,1123,1123.0,1042,1042.0
33,WFAgent14,FEMALE_OLD_LOW_INCOME,960,960.0,0,0.0
33,WFAgent13,MALE_HIGH_INCOME,265,265.0,0,0.0
33,WFAgent12,YOUNG_LOW_INCOME,2289,2289.0,0,0.0
33,WFAgent11,FEMALE_OLD_HIGH_INCOME,162,162.0,0,0.0
33,WEAgent7,FEMALE_YOUNG,894,894.0,0,0.0
33,WFAgent10,OLD_LOW_INCOME,839,839.0,2560,812.0
33,WEAgent1,FEMALE_OLD_LOW_INCOME,1440,1440.0,824,824.0
33,WEAgent2,MALE_OLD_LOW_INCOME,359,359.0,0,0.0
33,WEAgent0,MALE_OLD_HIGH_INCOME,161,161.0,0,0.0
33,WEAgent5,MALE_YOUNG_LOW_INCOME,1101,1101.0,630,630.0
33,WEAgent6,FEMALE_LOW_INCOME,876,876.0,0,0.0
33,WEAgent3,YOUNG_HIGH_INCOME,463,463.0,746,0.0
33,WEAgent4,MALE_YOUNG_LOW_INCOME,1101,1101.0,732,732.0
33,WFAgent0,FEMALE_YOUNG,447,447.0,1964,0.0
33,WFAgent1,MALE_LOW_INCOME,1452,1452.0,0,0.0
33,WFAgent2,MALE_HIGH_INCOME,530,530.0,0,0.0
33,WFAgent3,FEMALE_LOW_INCOME,2628,2628.0,0,0.0
33,WFAgent4,FEMALE_YOUNG_LOW_INCOME,1188,1188.0,0,0.0
33,WFAgent5,MALE_OLD_LOW_INCOME,718,718.0,0,0.0
34,WFAgent6,MALE_YOUNG_HIGH_INCOME,103,103.0,0,0.0
34,WFAgent7,FEMALE_LOW_INCOME,876,876.0,876,876.0
34,WFAgent8,MALE_OLD_HIGH_INCOME,323,323.0,323,322.99999999999994
34,WFAgent9,FEMALE_YOUNG,447,447.0,0,0.0
34,WFAgent19,FEMALE_YOUNG,447,447.0,447,447.0
34,WFAgent18,FEMALE_LOW_INCOME,1752,1752.0,508,508.0
34,WFAgent17,MALE_YOUNG_HIGH_INCOME,206,206.0,206,206.0
34,WFAgent16,FEMALE_HIGH_INCOME,265,265.0,0,0.0
34,WFAgent15,MALE_OLD_LOW_INCOME,718,718.0,996,461.0
34,WFAgent14,MALE_YOUNG_HIGH_INCOME,206,206.0,296,191.0
34,WFAgent13,FEMALE_OLD_LOW_INCOME,480,480.0,480,480.0
34,WFAgent12,MALE_YOUNG_LOW_INCOME,1101,1101.0,0,0.0
34,WFAgent11,FEMALE_LOW_INCOME,876,876.0,529,529.0
34,WEAgent7,MALE_OLD_LOW_INCOME,718,718.0,0,0.0
34,WFAgent10,MALE_HIGH_INCOME,795,795.0,0,0.0
34,WEAgent1,FEMALE_HIGH_INCOME,397,397.0,703,0.0
34,WEAgent2,YOUNG_HIGH_INCOME,154,154.0,0,0.0
34,WEAgent0,FEMALE_YOUNG_HIGH_INCOME,51,51.0,0,0.0
34,WEAgent5,FEMALE_YOUNG,447,447.0,0,0.0
34,WEAgent6,MALE_OLD,520,520.0,520,520.0
34,WEAgent3,MALE_OLD,520,520.0,594,520.0
34,WEAgent4,MALE_YOUNG_HIGH_INCOME,103,103.0,0,0.0
34,WFAgent0,MALE_OLD_LOW_INCOME,718,718.0,0,0.0
34,WFAgent1,FEMALE_OLD,1123,1123.0,0,0.0
34,WFAgent2,FEMALE_LOW_INCOME,2628,2628.0,1519,1396.0
34,WFAgent3,FEMALE_LOW_INCOME,1752,1752.0,0,0.0
34,WFAgent4,MALE_OLD_HIGH_INCOME,484,484.0,0,0.0
34,WFAgent5,MALE_LOW_INCOME,1452,1452.0,0,0.0
35,WFAgent6,MALE_OLD_HIGH_INCOME,484,484.0,0,0.0
35,WFAgent7,MALE_OLD,1561,1561.0,0,0.0
35,WFAgent8,MALE_HIGH_INCOME,265,265.0,123,123.0
35,WFAgent9,FEMALE_OLD_HIGH_INCOME,162,162.0,0,0.0
35,WFAgent19,FEMALE_OLD_LOW_INCOME,480,480.0,0,0.0
35,WFAgent18,FEMALE_YOUNG,1341,1341.0,0,0.0
35,WFAgent17,FEMALE_YOUNG,1341,1341.0,0,0.0
35,WFAgent16,MALE_OLD_LOW_INCOME,359,359.0,0,0.0
35,WFAgent15,MALE_OLD_LOW_INCOME,718,718.0,0,0.0
35,WFAgent14,YOUNG_HIGH_INCOME,154,154.0,138,138.0
35,WFAgent13,MALE_OLD_LOW_INCOME,359,359.0,0,0.0
35,WFAgent12,FEMALE_OLD,1684,1684.0,0,0.0
35,WFAgent11,FEMALE_LOW_INCOME,2628,2628.0,0,0.0
35,WEAgent7,MALE_HIGH_INCOME,265,265.0,0,0.0
35,WFAgent10,FEMALE_YOUNG_HIGH_INCOME,102,102.0,0,0.0
35,WEAgent1,FEMALE_YOUNG,447,447.0,0,0.0
35,WEAgent2,MALE_YOUNG,1411,1411.0,611,611.0
35,WEAgent0,MALE_OLD_LOW_INCOME,1077,1077.0,0,0.0
35,WEAgent5,FEMALE_LOW_INCOME,876,876.0,0,0.0
35,WEAgent6,YOUNG_HIGH_INCOME,309,309.0,0,0.0
35,WEAgent3,MALE_YOUNG_LOW_INCOME,367,367.0,367,367.0
35,WEAgent4,MALE_LOW_INCOME,1452,1452.0,2322,461.0
35,WFAgent0,FEMALE_LOW_INCOME,1752,1752.0,4357,0.0
35,WFAgent1,MALE_YOUNG_LOW_INCOME,1101,1101.0,448,448.0
35,WFAgent2,FEMALE_LOW_INCOME,1752,1752.0,0,0.0
35,WFAgent3,YOUNG_HIGH_INCOME,463,463.0,0,0.0
35,WFAgent4,MALE_HIGH_INCOME,530,530.0,930,122.0
35,WFAgent5,FEMALE_HIGH_INCOME,265,265.0,0,0.0
36,WFAgent6,MALE_YOUNG_HIGH_INCOME,206,206.0,0,0.0
36,WFAgent7,MALE_OLD_LOW_INCOME,718,718.0,0,0.0
36,WFAgent8,YOUNG_LOW_INCOME,763,763.0,0,0.0
36,WFAgent9,FEMALE_OLD_HIGH_INCOME,162,162.0,0,0.0
36,WFAgent19,MALE_HIGH_INCOME,795,795.0,0,0.0
36,WFAgent18,FEMALE_OLD_HIGH_INCOME,162,162.0,162,162.0
36,WFAgent17,MALE_HIGH_INCOME,795,795.0,0,0.0
36,WFAgent16,FEMALE_YOUNG_LOW_INCOME,792,792.0,634,634.0
36,WFAgent15,OLD_HIGH_INCOME,729,729.0,0,0.0
36,WFAgent14,FEMALE_OLD_HIGH_INCOME,244,244.0,0,0.0
36,WFAgent13,FEMALE_YOUNG_LOW_INCOME,1188,1188.0,0,0.0
36,WFAgent12,MALE_OLD,1561,1561.0,0,0.0
36,WFAgent11,YOUNG_LOW_INCOME,763,763.0,678,678.0
36,WEAgent7,MALE_OLD_HIGH_INCOME,161,161.0,0,0.0
36,WFAgent10,MALE_YOUNG_LOW_INCOME,734,734.0,734,734.0
36,WEAgent1,MALE_YOUNG,941,941.0,367,367.00000000000006
36,WEAgent2,MALE_HIGH_INCOME,795,795.0,0,0.0
36,WEAgent0,FEMALE_LOW_INCOME,876,876.0,0,0.0
36,WEAgent5,MALE_YOUNG,941,941.0,307,307.0
36,WEAgent6,FEMALE_OLD_HIGH_INCOME,162,162.0,0,0.0
36,WEAgent3,FEMALE_OLD,561,561.0,0,0.0
36,WEAgent4,FEMALE_HIGH_INCOME,265,265.0,0,0.0
36,WFAgent0,FEMALE_YOUNG_HIGH_INCOME,51,51.0,0,0.0
36,WFAgent1,MALE_OLD_HIGH_INCOME,323,323.0,836,0.0
36,WFAgent2,FEMALE_OLD,1684,1684.0,2625,176.0
36,WFAgent3,YOUNG_LOW_INCOME,763,763.0,670,670.0
36,WFAgent4,MALE_YOUNG,941,941.0,941,941.0
36,WFAgent5,FEMALE_LOW_INCOME,2628,2628.0,0,0.0
37,WFAgent6,MALE_HIGH_INCOME,265,265.0,0,0.0
37,WFAgent7,MALE_LOW_INCOME,726,726.0,619,619.0
37,WFAgent8,FEMALE_YOUNG,1341,1341.0,0,0.0
37,WFAgent9,MALE_OLD,520,520.0,0,0.0
37,WFAgent19,MALE_HIGH_INCOME,530,530.0,573,395.0
37,WFAgent18,FEMALE_OLD_HIGH_INCOME,81,81.0,0,0.0
37,WFAgent17,YOUNG_HIGH_INCOME,154,154.0,154,154.0
37,WFAgent16,YOUNG_HIGH_INCOME,309,309.0,0,0.0
37,WFAgent15,FEMALE_HIGH_INCOME,132,132.0,0,0.0
37,WFAgent14,MALE_LOW_INCOME,726,726.0,589,589.0
37,WFAgent13,OLD_HIGH_INCOME,486,486.0,435,435.0
37,WFAgent12,MALE_OLD,520,520.0,520,520.0
37,WFAgent11,OLD_HIGH_INCOME,243,243.0,137,137.0
37,WEAgent7,FEMALE_OLD_HIGH_INCOME,81,81.0,0,0.0
37,WFAgent10,YOUNG_LOW_INCOME,2289,2289.0,1619,1619.0
37,WEAgent1,MALE_OLD_LOW_INCOME,718,718.0,0,0.0
37,WEAgent2,FEMALE_OLD_HIGH_INCOME,162,162.0,0,0.0
37,WEAgent0,MALE_OLD,1561,1561.0,1517,803.0
37,WEAgent5,MALE_HIGH_INCOME,795,795.0,0,0.0
37,WEAgent6,FEMALE_LOW_INCOME,2628,2628.0,3438,999.0
37,WEAgent3,FEMALE_YOUNG,1341,1341.0,0,0.0
37,WEAgent4,FEMALE_HIGH_INCOME,265,265.0,399,148.0
37,WFAgent0,FEMALE_YOUNG_HIGH_INCOME,51,51.0,0,0.0
37,WFAgent1,FEMALE_YOUNG_LOW_INCOME,792,792.0,0,0.0
37,WFAgent2,MALE_OLD_LOW_INCOME,1077,1077.0,0,0.0
37,WFAgent3,OLD_HIGH_INCOME,729,729.0,0,0.0
37,WFAgent4,MALE_YOUNG,941,941.0,0,0.0
37,WFAgent5,FEMALE_YOUNG,1341,1341.0,0,0.0
38,WFAgent6,YOUNG_LOW_INCOME,1526,1526.0,1454,394.0
38,WFAgent7,MALE_OLD,520,520.0,392,392.0
38,WFAgent8,FEMALE_YOUNG_LOW_INCOME,396,396.0,0,0.0
38,WFAgent9,FEMALE_OLD,561,561.0,0,0.0
38,WFAgent19,FEMALE_HIGH_INCOME,265,265.0,0,0.0
38,WFAgent18,FEMALE_YOUNG,447,447.0,440,440.0
38,WFAgent17,FEMALE_LOW_INCOME,1752,1752.0,434,434.0
38,WFAgent16,MALE_OLD_LOW_INCOME,359,359.0,0,0.0
38,WFAgent15,FEMALE_OLD_LOW_INCOME,1440,1440.0,0,0.0
38,WFAgent14,MALE_OLD,520,520.0,394,394.0
38,WFAgent13,FEMALE_YOUNG,447,447.0,0,0.0
38,WFAgent12,FEMALE_OLD_HIGH_INCOME,162,162.0,162,162.0
38,WFAgent11,YOUNG_LOW_INCOME,1526,1526.0,470,470.0
38,WEAgent7,FEMALE_HIGH_INCOME,132,132.0,0,0.0
38,WFAgent10,YOUNG_LOW_INCOME,1526,1526.0,0,0.0
38,WEAgent1,FEMALE_LOW_INCOME,1752,1752.0,1752,1752.0
38,WEAgent2,FEMALE_YOUNG_LOW_INCOME,396,396.0,0,0.0
38,WEAgent0,FEMALE_YOUNG_HIGH_INCOME,102,102.0,0,0.0
38,WEAgent5,OLD_HIGH_INCOME,243,243.0,260,159.0
38,WEAgent6,MALE_YOUNG_LOW_INCOME,367,367.0,367,367.0
38,WEAgent3,MALE_YOUNG_HIGH_INCOME,103,103.0,0,0.0
38,WEAgent4,MALE_HIGH_INCOME,795,795.0,502,0.0
38,WFAgent0,FEMALE_LOW_INCOME,876,876.0,459,459.0
38,WFAgent1,MALE_YOUNG_HIGH_INCOME,310,310.0,0,0.0
38,WFAgent2,OLD_LOW_INCOME,2517,2517.0,2127,515.0
38,WFAgent3,MALE_HIGH_INCOME,265,265.0,0,0.0
38,WFAgent4,MALE_OLD,520,520.0,520,520.0
38,WFAgent5,MALE_LOW_INCOME,726,726.0,0,0.0
39,WFAgent6,MALE_YOUNG_HIGH_INCOME,206,206.0,0,0.0
39,WFAgent7,MALE_LOW_INCOME,2178,2178.0,0,0.0
39,WFAgent8,MALE_OLD_HIGH_INCOME,484,484.0,424,424.0
39,WFAgent9,MALE_OLD_LOW_INCOME,718,718.0,611,611.0
39,WFAgent19,FEMALE_YOUNG_HIGH_INCOME,153,153.0,0,0.0
39,WFAgent18,MALE_OLD_HIGH_INCOME,484,484.0,0,0.0
39,WFAgent17,YOUNG_HIGH_INCOME,154,154.0,0,0.0
39,WFAgent16,FEMALE_YOUNG_HIGH_INCOME,51,51.0,0,0.0
39,WFAgent15,MALE_OLD_LOW_INCOME,1077,1077.0,0,0.0
39,WFAgent14,MALE_HIGH_INCOME,530,530.0,0,0.0
39,WFAgent13,FEMALE_YOUNG_LOW_INCOME,396,396.0,396,396.0
39,WFAgent12,FEMALE_YOUNG,1341,1341.0,595,595.0
39,WFAgent11,FEMALE_YOUNG_LOW_INCOME,1188,1188.0,544,544.0
39,WEAgent7,MALE_LOW_INCOME,2178,2178.0,1739,1348.0
39,WFAgent10,MALE_LOW_INCOME,726,726.0,726,726.0
39,WEAgent1,OLD_HIGH_INCOME,729,729.0,791,396.0
39,WEAgent2,OLD_LOW_INCOME,1678,1678.0,2357,0.0
39,WEAgent0,YOUNG_HIGH_INCOME,309,309.0,0,0.0
39,WEAgent5,YOUNG_HIGH_INCOME,309,309.0,0,0.0
39,WEAgent6,FEMALE_LOW_INCOME,876,876.0,0,0.0
39,WEAgent3,FEMALE_LOW_INCOME,876,876.0,0,0.0
39,WEAgent4,MALE_YOUNG_HIGH_INCOME,310,310.0,495,0.0
39,WFAgent0,FEMALE_YOUNG,894,894.0,0,0.0
39,WFAgent1,YOUNG_HIGH_INCOME,309,309.0,0,0.0
39,WFAgent2,FEMALE_YOUNG_LOW_INCOME,396,396.0,396,396.0
39,WFAgent3,FEMALE_YOUNG_HIGH_INCOME,102,102.0,0,0.0
39,WFAgent4,MALE_OLD_LOW_INCOME,1077,1077.0,0,0.0
39,WFAgent5,MALE_OLD_LOW_INCOME,1077,1077.0,649,649.0
40,WFAgent6,YOUNG_LOW_INCOME,2289,2289.0,1131,1131.0
40,WFAgent7,YOUNG_LOW_INCOME,2289,2289.0,1172,1172.0
40,WFAgent8,MALE_YOUNG_LOW_INCOME,734,734.0,0,0.0
40,WFAgent9,OLD_HIGH_INCOME,486,486.0,486,485.99999999999994
40,WFAgent19,MALE_HIGH_INCOME,795,795.0,0,0.0
40,WFAgent18,MALE_YOUNG_LOW_INCOME,734,734.0,0,0.0
40,WFAgent17,MALE_YOUNG_LOW_INCOME,367,367.0,367,367.0
40,WFAgent16,FEMALE_OLD,561,561.0,0,0.0
40,WFAgent15,FEMALE_OLD_HIGH_INCOME,81,81.0,0,0.0
40,WFAgent14,FEMALE_YOUNG,1341,1341.0,0,0.0
40,WFAgent13,MALE_OLD,520,520.0,0,0.0
40,WFAgent12,MALE_LOW_INCOME,1452,1452.0,1889,888.0
40,WFAgent11,FEMALE_OLD_LOW_INCOME,960,960.0,0,0.0
40,WEAgent7,MALE_OLD_LOW_INCOME,1077,1077.0,0,0.0
40,WFAgent10,FEMALE_OLD_LOW_INCOME,960,960.0,960,960.0
40,WEAgent1,FEMALE_YOUNG_HIGH_INCOME,102,102.0,0,0.0
40,WEAgent2,MALE_YOUNG_LOW_INCOME,734,734.0,0,0.0
40,WEAgent0,MALE_YOUNG,941,941.0,0,0.0
40,WEAgent5,MALE_HIGH_INCOME,265,265.0,329,0.0
40,WEAgent6,FEMALE_OLD,1123,1123.0,1828,954.0
40,WEAgent3,FEMALE_YOUNG_HIGH_INCOME,153,153.0,0,0.0
40,WEAgent4,YOUNG_HIGH_INCOME,463,463.0,0,0.0
40,WFAgent0,FEMALE_YOUNG_LOW_INCOME,396,396.0,0,0.0
40,WFAgent1,FEMALE_OLD,561,561.0,0,0.0
40,WFAgent2,MALE_HIGH_INCOME,795,795.0,0,0.0
40,WFAgent3,MALE_OLD_LOW_INCOME,359,359.0,359,359.0
40,WFAgent4,FEMALE_YOUNG_LOW_INCOME,792,792.0,696,696.0
40,WFAgent5,FEMALE_OLD_HIGH_INCOME,81,81.0,0,0.0
41,WFAgent6,MALE_YOUNG_HIGH_INCOME,206,206.0,206,206.0
41,WFAgent7,FEMALE_YOUNG,447,447.0,0,0.0
41,WFAgent8,MALE_OLD_LOW_INCOME,1077,1077.0,586,586.0
41,WFAgent9,YOUNG_HIGH_INCOME,463,463.0,0,0.0
41,WFAgent19,FEMALE_OLD,1684,1684.0,0,0.0
41,WFAgent18,FEMALE_LOW_INCOME,2628,2628.0,0,0.0
41,WFAgent17,FEMALE_YOUNG_LOW_INCOME,1188,1188.0,0,0.0
41,WFAgent16,FEMALE_HIGH_INCOME,397,397.0,0,0.0
41,WFAgent15,FEMALE_YOUNG_LOW_INCOME,1188,1188.0,0,0.0
41,WFAgent14,FEMALE_OLD_HIGH_INCOME,244,244.0,0,0.0
41,WFAgent13,MALE_HIGH_INCOME,530,530.0,0,0.0
41,WFAgent12,MALE_HIGH_INCOME,795,795.0,0,0.0
41,WFAgent11,MALE_YOUNG_HIGH_INCOME,310,310.0,338,224.0
41,WEAgent7,FEMALE_YOUNG_HIGH_INCOME,102,102.0,293,0.0
41,WFAgent10,MALE_YOUNG_LOW_INCOME,367,367.0,0,0.0
41,WEAgent1,MALE_YOUNG_LOW_INCOME,734,734.0,0,0.0
41,WEAgent2,YOUNG_LOW_INCOME,1526,1526.0,591,487.0
41,WEAgent0,MALE_YOUNG,941,941.0,0,0.0
41,WEAgent5,FEMALE_OLD,1684,1684.0,2594,213.0
41,WEAgent6,FEMALE_YOUNG,447,447.0,0,0.0
41,WEAgent3,MALE_LOW_INCOME,726,726.0,726,726.0
41,WEAgent4,MALE_LOW_INCOME,726,726.0,726,726.0
41,WFAgent0,MALE_OLD_LOW_INCOME,718,718.0,531,531.0
41,WFAgent1,OLD_HIGH_INCOME,486,486.0,993,207.0
41,WFAgent2,MALE_YOUNG,470,470.0,470,470.0
41,WFAgent3,FEMALE_OLD_LOW_INCOME,480,480.0,0,0.0
41,WFAgent4,YOUNG_LOW_INCOME,763,763.0,1946,0.0
41,WFAgent5,FEMALE_OLD_LOW_INCOME,1440,1440.0,0,0.0
42,WFAgent6,OLD_HIGH_INCOME,729,729.0,0,0.0
42,WFAgent7,MALE_YOUNG_HIGH_INCOME,206,206.0,206,205.99999999999997
42,WFAgent8,MALE_LOW_INCOME,2178,2178.0,0,0.0
42,WFAgent9,FEMALE_HIGH_INCOME,132,132.0,0,0.0
42,WFAgent19,FEMALE_YOUNG,447,447.0,0,0.0
42,WFAgent18,MALE_LOW_INCOME,2178,2178.0,1524,1524.0
42,WFAgent17,FEMALE_YOUNG,894,894.0,635,635.0
42,WFAgent16,FEMALE_OLD_HIGH_INCOME,81,81.0,0,0.0
42,WFAgent15,MALE_OLD,1041,1041.0,585,585.0
42,WFAgent14,MALE_OLD_HIGH_INCOME,161,161.0,161,161.0
42,WFAgent13,YOUNG_LOW_INCOME,1526,1526.0,0,0.0
42,WFAgent12,MALE_YOUNG,1411,1411.0,0,0.0
42,WFAgent11,OLD_HIGH_INCOME,243,243.0,469,218.0
42,WEAgent7,FEMALE_OLD_HIGH_INCOME,81,81.0,0,0.0
42,WFAgent10,OLD_HIGH_INCOME,486,486.0,0,0.0
42,WEAgent1,FEMALE_OLD,561,561.0,561,561.0
42,WEAgent2,OLD_HIGH_INCOME,729,729.0,0,0.0
42,WEAgent0,YOUNG_LOW_INCOME,2289,2289.0,1637,1637.0
42,WEAgent5,MALE_YOUNG_HIGH_INCOME,103,103.0,338,0.0
42,WEAgent6,MALE_LOW_INCOME,726,726.0,577,577.0
42,WEAgent3,FEMALE_OLD,1123,1123.0,1946,589.0
42,WEAgent4,YOUNG_LOW_INCOME,1526,1526.0,642,642.0
42,WFAgent0,MALE_LOW_INCOME,726,726.0,0,0.0
42,WFAgent1,FEMALE_YOUNG_LOW_INCOME,1188,1188.0,0,0.0
42,WFAgent2,OLD_HIGH_INCOME,486,486.0,486,486.0
42,WFAgent3,MALE_OLD_HIGH_INCOME,323,323.0,0,0.0
42,WFAgent4,MALE_OLD_HIGH_INCOME,484,484.0,0,0.0
42,WFAgent5,FEMALE_YOUNG_HIGH_INCOME,51,51.0,233,0.0
43,WFAgent6,MALE_YOUNG_LOW_INCOME,734,734.0,642,642.0
43,WFAgent7,MALE_YOUNG_HIGH_INCOME,103,103.0,103,103.0
43,WFAgent8,OLD_LOW_INCOME,2517,2517.0,0,0.0
43,WFAgent9,FEMALE_LOW_INCOME,1752,1752.0,3368,965.0
43,WFAgent19,OLD_HIGH_INCOME,486,486.0,0,0.0
43,WFAgent18,FEMALE_YOUNG,447,447.0,0,0.0
43,WFAgent17,MALE_OLD,1561,1561.0,0,0.0
43,WFAgent16,MALE_OLD,520,520.0,0,0.0
43,WFAgent15,YOUNG_HIGH_INCOME,309,309.0,0,0.0
43,WFAgent14,OLD_LOW_INCOME,2517,2517.0,0,0.0
43,WFAgent13,MALE_HIGH_INCOME,265,265.0,1206,94.0
43,WFAgent12,FEMALE_OLD_HIGH_INCOME,244,244.0,0,0.0
43,WFAgent11,OLD_HIGH_INCOME,486,486.0,0,0.0
43,WEAgent7,YOUNG_LOW_INCOME,1526,1526.0,611,611.0
43,WFAgent10,FEMALE_HIGH_INCOME,265,265.0,0,0.0
43,WEAgent1,FEMALE_YOUNG,1341,1341.0,1228,976.0
43,WEAgent2,OLD_LOW_INCOME,1678,1678.0,0,0.0
43,WEAgent0,FEMALE_OLD,561,561.0,0,0.0
43,WEAgent5,OLD_LOW_INCOME,1678,1678.0,0,0.0
43,WEAgent6,MALE_OLD_LOW_INCOME,359,359.0,0,0.0
43,WEAgent3,FEMALE_OLD,561,561.0,0,0.0
43,WEAgent4,FEMALE_HIGH_INCOME,265,265.0,0,0.0
43,WFAgent0,MALE_OLD_HIGH_INCOME,484,484.0,0,0.0
43,WFAgent1,MALE_OLD_LOW_INCOME,1077,1077.0,0,0.0
43,WFAgent2,YOUNG_HIGH_INCOME,463,463.0,0,0.0
43,WFAgent3,OLD_HIGH_INCOME,243,243.0,0,0.0
43,WFAgent4,MALE_LOW_INCOME,726,726.0,600,600.0
43,WFAgent5,FEMALE_OLD,561,561.0,0,0.0
44,WFAgent6,FEMALE_YOUNG_LOW_INCOME,396,396.0,396,396.0
44,WFAgent7,MALE_YOUNG,470,470.0,0,0.0
44,WFAgent8,FEMALE_OLD_LOW_INCOME,480,480.0,480,480.0
44,WFAgent9,MALE_YOUNG_LOW_INCOME,734,734.0,0,0.0
44,WFAgent19,OLD_HIGH_INCOME,486,486.0,0,0.0
44,WFAgent18,FEMALE_YOUNG_LOW_INCOME,792,792.0,0,0.0
44,WFAgent17,FEMALE_YOUNG_HIGH_INCOME,51,51.0,0,0.0
44,WFAgent16,OLD_HIGH_INCOME,486,486.0,0,0.0
44,WFAgent15,MALE_HIGH_INCOME,530,530.0,0,0.0
44,WFAgent14,OLD_LOW_INCOME,1678,1678.0,1779,0.0
44,WFAgent13,FEMALE_YOUNG,1341,1341.0,819,819.0
44,WFAgent12,MALE_YOUNG,1411,1411.0,1815,0.0
44,WFAgent11,MALE_OLD,1041,1041.0,0,0.0
44,WEAgent7,FEMALE_LOW_INCOME,2628,2628.0,2221,1271.0
44,WFAgent10,YOUNG_LOW_INCOME,1526,1526.0,0,0.0
44,WEAgent1,OLD_HIGH_INCOME,243,243.0,206,189.0
44,WEAgent2,FEMALE_YOUNG_HIGH_INCOME,51,51.0,0,0.0
44,WEAgent0,FEMALE_OLD_LOW_INCOME,480,480.0,0,0.0
44,WEAgent5,YOUNG_HIGH_INCOME,309,309.0,246,0.0
44,WEAgent6,FEMALE_OLD,1123,1123.0,0,0.0
44,WEAgent3,FEMALE_YOUNG,447,447.0,0,0.0
44,WEAgent4,MALE_OLD_HIGH_INCOME,484,484.0,0,0.0
44,WFAgent0,FEMALE_OLD_HIGH_INCOME,162,162.0,162,162.0
44,WFAgent1,FEMALE_YOUNG,447,447.0,0,0.0
44,WFAgent2,MALE_OLD_HIGH_INCOME,484,484.0,0,0.0
44,WFAgent3,FEMALE_OLD,561,561.0,561,561.0
44,WFAgent4,FEMALE_HIGH_INCOME,132,132.0,0,0.0
44,WFAgent5,MALE_HIGH_INCOME,795,795.0,1315,508.99999999999994
45,WFAgent6,FEMALE_OLD_HIGH_INCOME,244,244.0,108,108.0
45,WFAgent7,MALE_HIGH_INCOME,530,530.0,0,0.0
45,WFAgent8,MALE_LOW_INCOME,2178,2178.0,0,0.0
45,WFAgent9,MALE_HIGH_INCOME,265,265.0,0,0.0
45,WFAgent19,MALE_YOUNG,1411,1411.0,0,0.0
45,WFAgent18,MALE_LOW_INCOME,2178,2178.0,0,0.0
45,WFAgent17,MALE_YOUNG,1411,1411.0,0,0.0
45,WFAgent16,FEMALE_OLD,561,561.0,0,0.0
45,WFAgent15,FEMALE_OLD,561,561.0,561,561.0
45,WFAgent14,FEMALE_YOUNG_LOW_INCOME,396,396.0,0,0.0
45,WFAgent13,FEMALE_HIGH_INCOME,397,397.0,235,235.0
45,WFAgent12,MALE_HIGH_INCOME,265,265.0,277,204.0
45,WFAgent11,MALE_YOUNG,470,470.0,470,470.0
45,WEAgent7,YOUNG_LOW_INCOME,763,763.0,0,0.0
45,WFAgent10,FEMALE_YOUNG_HIGH_INCOME,51,51.0,0,0.0
45,WEAgent1,YOUNG_LOW_INCOME,2289,2289.0,0,0.0
45,WEAgent2,FEMALE_LOW_INCOME,2628,2628.0,2970,942.0
45,WEAgent0,FEMALE_YOUNG,894,894.0,0,0.0
45,WEAgent5,FEMALE_YOUNG_HIGH_INCOME,153,153.0,130,130.0
45,WEAgent6,OLD_HIGH_INCOME,729,729.0,914,105.0
45,WEAgent3,OLD_LOW_INCOME,2517,2517.0,2715,946.0
45,WEAgent4,MALE_YOUNG_HIGH_INCOME,206,206.0,0,0.0
45,WFAgent0,FEMALE_HIGH_INCOME,265,265.0,0,0.0
45,WFAgent1,MALE_OLD_LOW_INCOME,359,359.0,0,0.0
45,WFAgent2,MALE_LOW_INCOME,1452,1452.0,0,0.0
45,WFAgent3,MALE_YOUNG_HIGH_INCOME,206,206.0,206,206.0
45,WFAgent4,MALE_YOUNG_LOW_INCOME,1101,1101.0,0,0.0
45,WFAgent5,MALE_YOUNG,941,941.0,1414,446.0
46,WFAgent6,FEMALE_OLD_HIGH_INCOME,162,162.0,0,0.0
46,WFAgent7,FEMALE_OLD_HIGH_INCOME,244,244.0,151,151.0
46,WFAgent8,MALE_HIGH_INCOME,530,530.0,0,0.0
46,WFAgent9,MALE_OLD_HIGH_INCOME,323,323.0,0,0.0
46,WFAgent19,OLD_LOW_INCOME,839,839.0,0,0.0
46,WFAgent18,MALE_OLD_HIGH_INCOME,484,484.0,203,203.0
46,WFAgent17,OLD_HIGH_INCOME,486,486.0,315,315.0
46,WFAgent16,MALE_LOW_INCOME,2178,2178.0,2402,549.0
46,WFAgent15,MALE_YOUNG_LOW_INCOME,734,734.0,0,0.0
46,WFAgent14,MALE_YOUNG_LOW_INCOME,734,734.0,0,0.0
46,WFAgent13,MALE_LOW_INCOME,1452,1452.0,0,0.0
46,WFAgent12,FEMALE_OLD_HIGH_INCOME,162,162.0,141,141.0
46,WFAgent11,MALE_YOUNG_HIGH_INCOME,103,103.0,0,0.0
46,WEAgent7,MALE_OLD_LOW_INCOME,359,359.0,0,0.0
46,WFAgent10,MALE_YOUNG_LOW_INCOME,367,367.0,367,367.0
46,WEAgent1,FEMALE_LOW_INCOME,2628,2628.0,4348,0.0
46,WEAgent2,MALE_HIGH_INCOME,265,265.0,0,0.0
46,WEAgent0,MALE_HIGH_INCOME,530,530.0,0,0.0
46,WEAgent5,MALE_HIGH_INCOME,795,795.0,187,187.0
46,WEAgent6,YOUNG_HIGH_INCOME,463,463.0,0,0.0
46,WEAgent3,FEMALE_OLD_HIGH_INCOME,81,81.0,0,0.0
46,WEAgent4,MALE_OLD_HIGH_INCOME,161,161.0,0,0.0
46,WFAgent0,FEMALE_LOW_INCOME,1752,1752.0,0,0.0
46,WFAgent1,OLD_LOW_INCOME,2517,2517.0,0,0.0
46,WFAgent2,MALE_OLD_HIGH_INCOME,484,484.0,208,208.0
46,WFAgent3,YOUNG_HIGH_INCOME,309,309.0,0,0.0
46,WFAgent4,MALE_YOUNG,941,941.0,544,544.0
46,WFAgent5,MALE_YOUNG_LOW_INCOME,367,367.0,367,367.0
47,WFAgent6,MALE_OLD,1561,1561.0,0,0.0
47,WFAgent7,YOUNG_HIGH_INCOME,154,154.0,421,114.0
47,WFAgent8,FEMALE_YOUNG_LOW_INCOME,396,396.0,0,0.0
47,WFAgent9,FEMALE_OLD,1123,1123.0,0,0.0
47,WFAgent19,MALE_YOUNG_LOW_INCOME,367,367.0,0,0.0
47,WFAgent18,FEMALE_LOW_INCOME,2628,2628.0,0,0.0
47,WFAgent17,MALE_YOUNG_LOW_INCOME,1101,1101.0,923,923.0
47,WFAgent16,MALE_YOUNG_LOW_INCOME,734,734.0,0,0.0
47,WFAgent15,MALE_OLD_LOW_INCOME,718,718.0,0,0.0
47,WFAgent14,YOUNG_HIGH_INCOME,154,154.0,0,0.0
47,WFAgent13,FEMALE_YOUNG,447,447.0,1983,0.0
47,WFAgent12,MALE_YOUNG,941,941.0,899,899.0
47,WFAgent11,MALE_YOUNG_HIGH_INCOME,103,103.0,103,103.0
47,WEAgent7,FEMALE_HIGH_INCOME,265,265.0,693,0.0
47,WFAgent10,OLD_LOW_INCOME,2517,2517.0,0,0.0
47,WEAgent1,MALE_OLD,1561,1561.0,1182,1182.0
47,WEAgent2,MALE_OLD_HIGH_INCOME,161,161.0,0,0.0
47,WEAgent0,FEMALE_LOW_INCOME,1752,1752.0,0,0.0
47,WEAgent5,YOUNG_LOW_INCOME,763,763.0,0,0.0
47,WEAgent6,MALE_OLD,1041,1041.0,0,0.0
47,WEAgent3,MALE_OLD,1561,1561.0,1250,1250.0
47,WEAgent4,OLD_HIGH_INCOME,729,729.0,0,0.0
47,WFAgent0,MALE_OLD_HIGH_INCOME,161,161.0,161,161.0
47,WFAgent1,FEMALE_OLD_HIGH_INCOME,244,244.0,0,0.0
47,WFAgent2,MALE_OLD_LOW_INCOME,718,718.0,0,0.0
47,WFAgent3,MALE_OLD_HIGH_INCOME,161,161.0,0,0.0
47,WFAgent4,MALE_OLD_LOW_INCOME,1077,1077.0,0,0.0
47,WFAgent5,MALE_OLD_LOW_INCOME,1077,1077.0,0,0.0
48,WFAgent6,FEMALE_OLD_HIGH_INCOME,162,162.0,340,104.0
48,WFAgent7,FEMALE_HIGH_INCOME,265,265.0,0,0.0
48,WFAgent8,MALE_YOUNG_HIGH_INCOME,310,310.0,0,0.0
48,WFAgent9,FEMALE_OLD,1123,1123.0,0,0.0
48,WFAgent19,FEMALE_LOW_INCOME,1752,1752.0,0,0.0
48,WFAgent18,FEMALE_LOW_INCOME,876,876.0,0,0.0
48,WFAgent17,MALE_HIGH_INCOME,530,530.0,1067,230.0
48,WFAgent16,MALE_OLD,1561,1561.0,1721,0.0
48,WFAgent15,MALE_LOW_INCOME,726,726.0,470,470.0
48,WFAgent14,MALE_YOUNG_HIGH_INCOME,206,206.0,0,0.0
48,WFAgent13,MALE_YOUNG,470,470.0,0,0.0
48,WFAgent12,MALE_OLD_HIGH_INCOME,323,323.0,0,0.0
48,WFAgent11,FEMALE_LOW_INCOME,876,876.0,679,679.0
48,WEAgent7,MALE_YOUNG_LOW_INCOME,734,734.0,0,0.0
48,WFAgent10,MALE_YOUNG,470,470.0,432,432.0
48,WEAgent1,MALE_HIGH_INCOME,265,265.0,0,0.0
48,WEAgent2,YOUNG_LOW_INCOME,2289,2289.0,1120,1120.0
48,WEAgent0,YOUNG_LOW_INCOME,1526,1526.0,0,0.0
48,WEAgent5,FEMALE_LOW_INCOME,1752,1752.0,2624,1201.0
48,WEAgent6,FEMALE_OLD,561,561.0,561,561.0
48,WEAgent3,FEMALE_HIGH_INCOME,132,132.0,171,127.0
48,WEAgent4,OLD_HIGH_INCOME,243,243.0,0,0.0
48,WFAgent0,MALE_YOUNG_HIGH_INCOME,103,103.0,0,0.0
48,WFAgent1,FEMALE_OLD,561,561.0,0,0.0
48,WFAgent2,FEMALE_OLD,1684,1684.0,0,0.0
48,WFAgent3,OLD_HIGH_INCOME,243,243.0,243,243.0
48,WFAgent4,FEMALE_YOUNG_HIGH_INCOME,102,102.0,102,102.0
48,WFAgent5,MALE_YOUNG,470,470.0,470,470.0
49,WFAgent6,FEMALE_OLD,561,561.0,0,0.0
49,WFAgent7,FEMALE_HIGH_INCOME,132,132.0,0,0.0
49,WFAgent8,FEMALE_LOW_INCOME,876,876.0,1946,0.0
49,WFAgent9,FEMALE_YOUNG,1341,1341.0,0,0.0
49,WFAgent19,FEMALE_LOW_INCOME,1752,1752.0,0,0.0
49,WFAgent18,MALE_OLD_LOW_INCOME,359,359.0,0,0.0
49,WFAgent17,MALE_LOW_INCOME,726,726.0,593,593.0
49,WFAgent16,MALE_YOUNG_LOW_INCOME,734,734.0,632,632.0
49,WFAgent15,MALE_YOUNG_HIGH_INCOME,206,206.0,0,0.0
49,WFAgent14,MALE_OLD_LOW_INCOME,1077,1077.0,0,0.0
49,WFAgent13,OLD_HIGH_INCOME,243,243.0,0,0.0
49,WFAgent12,FEMALE_HIGH_INCOME,397,397.0,0,0.0
49,WFAgent11,YOUNG_HIGH_INCOME,463,463.0,0,0.0
49,WEAgent7,MALE_HIGH_INCOME,795,795.0,351,794.6552795031031
49,WFAgent10,MALE_HIGH_INCOME,795,795.0,0,0.0
49,WEAgent1,FEMALE_YOUNG_HIGH_INCOME,153,153.0,208,44.0
49,WEAgent2,FEMALE_LOW_INCOME,1752,1752.0,0,0.0
49,WEAgent0,MALE_OLD_LOW_INCOME,359,359.0,0,0.0
49,WEAgent5,MALE_HIGH_INCOME,795,795.0,366,794.4875776397495
49,WEAgent6,FEMALE_YOUNG_HIGH_INCOME,51,51.0,51,51.0
49,WEAgent3,YOUNG_LOW_INCOME,763,763.0,0,0.0
49,WEAgent4,MALE_YOUNG_LOW_INCOME,1101,1101.0,614,614.0
49,WFAgent0,OLD_LOW_INCOME,2517,2517.0,0,0.0
49,WFAgent1,OLD_LOW_INCOME,1678,1678.0,1823,0.0
49,WFAgent2,FEMALE_LOW_INCOME,2628,2628.0,0,0.0
49,WFAgent3,OLD_HIGH_INCOME,729,729.0,448,34.0
49,WFAgent4,MALE_OLD_HIGH_INCOME,484,484.0,27,27.0
49,WFAgent5,MALE_HIGH_INCOME,530,530.0,507,173.09633936831128
50,WFAgent6,MALE_LOW_INCOME,1452,1452.0,1327,428.0
50,WFAgent7,FEMALE_YOUNG,894,894.0,382,382.0
50,WFAgent8,YOUNG_HIGH_INCOME,309,309.0,507,0.0
50,WFAgent9,FEMALE_YOUNG_LOW_INCOME,792,792.0,384,384.0
50,WFAgent19,OLD_LOW_INCOME,1678,1678.0,1821,0.0
50,WFAgent18,OLD_LOW_INCOME,839,839.0,0,0.0
50,WFAgent17,MALE_YOUNG_LOW_INCOME,367,367.0,0,0.0
50,WFAgent16,FEMALE_HIGH_INCOME,397,397.0,459,189.0
50,WFAgent15,MALE_LOW_INCOME,726,726.0,0,0.0
50,WFAgent14,MALE_YOUNG_LOW_INCOME,734,734.0,0,0.0
50,WFAgent13,OLD_HIGH_INCOME,486,486.0,799,0.0
50,WFAgent12,FEMALE_YOUNG_LOW_INCOME,792,792.0,407,407.0
50,WFAgent11,MALE_YOUNG_LOW_INCOME,734,734.0,0,0.0
50,WEAgent7,FEMALE_OLD_HIGH_INCOME,81,81.0,0,0.0
50,WFAgent10,MALE_YOUNG_LOW_INCOME,1101,1101.0,0,0.0
50,WEAgent1,MALE_OLD,1041,1041.0,0,0.0
50,WEAgent2,FEMALE_HIGH_INCOME,132,132.0,0,0.0
50,WEAgent0,FEMALE_HIGH_INCOME,132,132.0,0,0.0
50,WEAgent5,FEMALE_HIGH_INCOME,265,265.0,0,0.0
50,WEAgent6,FEMALE_YOUNG,894,894.0,507,507.0
50,WEAgent3,FEMALE_OLD_LOW_INCOME,480,480.0,2394,0.0
50,WEAgent4,MALE_OLD_LOW_INCOME,718,718.0,0,0.0
50,WFAgent0,OLD_HIGH_INCOME,729,729.0,0,0.0
50,WFAgent1,FEMALE_YOUNG_HIGH_INCOME,51,51.0,51,51.0
50,WFAgent2,MALE_LOW_INCOME,2178,2178.0,0,0.0
50,WFAgent3,MALE_YOUNG,470,470.0,470,470.0
50,WFAgent4,FEMALE_OLD_HIGH_INCOME,81,81.0,81,81.0
50,WFAgent5,FEMALE_YOUNG_LOW_INCOME,1188,1188.0,411,411.0
51,WFAgent6,OLD_LOW_INCOME,2517,2517.0,0,0.0
51,WFAgent7,FEMALE_OLD_HIGH_INCOME,244,244.0,0,0.0
51,WFAgent8,FEMALE_YOUNG_HIGH_INCOME,51,51.0,51,51.0
51,WFAgent9,OLD_HIGH_INCOME,243,243.0,243,243.0
51,WFAgent19,FEMALE_LOW_INCOME,2628,2628.0,2225,1607.0
51,WFAgent18,FEMALE_OLD_HIGH_INCOME,81,81.0,0,0.0
51,WFAgent17,FEMALE_LOW_INCOME,876,876.0,667,667.0
51,WFAgent16,MALE_OLD,520,520.0,0,0.0
51,WFAgent15,FEMALE_OLD,561,561.0,0,0.0
51,WFAgent14,YOUNG_HIGH_INCOME,154,154.0,168,73.0
51,WFAgent13,FEMALE_LOW_INCOME,876,876.0,876,876.0
51,WFAgent12,YOUNG_LOW_INCOME,763,763.0,0,0.0
51,WFAgent11,YOUNG_LOW_INCOME,2289,2289.0,0,0.0
51,WEAgent7,MALE_YOUNG,470,470.0,0,0.0
51,WFAgent10,MALE_YOUNG_LOW_INCOME,1101,1101.0,916,916.0
51,WEAgent1,OLD_LOW_INCOME,1678,1678.0,0,0.0
51,WEAgent2,FEMALE_HIGH_INCOME,132,132.0,132,132.0
51,WEAgent0,FEMALE_OLD,1684,1684.0,0,0.0
51,WEAgent5,FEMALE_YOUNG_LOW_INCOME,1188,1188.0,0,0.0
51,WEAgent6,FEMALE_OLD,1123,1123.0,0,0.0
51,WEAgent3,MALE_YOUNG_HIGH_INCOME,310,310.0,0,0.0
51,WEAgent4,FEMALE_OLD_HIGH_INCOME,244,244.0,305,97.0
51,WFAgent0,FEMALE_YOUNG,447,447.0,0,0.0
51,WFAgent1,FEMALE_YOUNG_LOW_INCOME,1188,1188.0,657,657.0
51,WFAgent2,MALE_HIGH_INCOME,530,530.0,1088,232.0
51,WFAgent3,YOUNG_HIGH_INCOME,463,463.0,0,0.0
51,WFAgent4,MALE_YOUNG,941,941.0,901,901.0
51,WFAgent5,MALE_OLD_LOW_INCOME,359,359.0,0,0.0
52,WFAgent6,FEMALE_LOW_INCOME,2628,2628.0,3153,1225.0
52,WFAgent7,OLD_LOW_INCOME,1678,1678.0,902,902.0
52,WFAgent8,FEMALE_HIGH_INCOME,397,397.0,0,0.0
52,WFAgent9,FEMALE_HIGH_INCOME,265,265.0,0,0.0
52,WFAgent19,YOUNG_HIGH_INCOME,309,309.0,0,0.0
52,WFAgent18,MALE_HIGH_INCOME,795,795.0,0,0.0
52,WFAgent17,FEMALE_OLD,1123,1123.0,0,0.0
52,WFAgent16,MALE_YOUNG,1411,1411.0,0,0.0
52,WFAgent15,YOUNG_LOW_INCOME,763,763.0,1778,0.0
52,WFAgent14,MALE_HIGH_INCOME,265,265.0,233,233.0
52,WFAgent13,FEMALE_OLD_HIGH_INCOME,81,81.0,0,0.0
52,WFAgent12,MALE_LOW_INCOME,2178,2178.0,0,0.0
52,WFAgent11,FEMALE_LOW_INCOME,876,876.0,0,0.0
52,WEAgent7,FEMALE_OLD_LOW_INCOME,480,480.0,0,0.0
52,WFAgent10,FEMALE_YOUNG_HIGH_INCOME,102,102.0,0,0.0
52,WEAgent1,OLD_LOW_INCOME,2517,2517.0,2132,2132.0
52,WEAgent2,YOUNG_HIGH_INCOME,463,463.0,0,0.0
52,WEAgent0,MALE_OLD,1561,1561.0,0,0.0
52,WEAgent5,FEMALE_LOW_INCOME,1752,1752.0,0,0.0
52,WEAgent6,MALE_OLD_HIGH_INCOME,161,161.0,393,0.0
52,WEAgent3,MALE_OLD_HIGH_INCOME,323,323.0,0,0.0
52,WEAgent4,MALE_OLD,1041,1041.0,0,0.0
52,WFAgent0,OLD_LOW_INCOME,2517,2517.0,0,0.0
52,WFAgent1,FEMALE_OLD_HIGH_INCOME,244,244.0,0,0.0
52,WFAgent2,MALE_HIGH_INCOME,530,530.0,530,530.0
52,WFAgent3,OLD_HIGH_INCOME,729,729.0,0,0.0
52,WFAgent4,MALE_YOUNG_LOW_INCOME,1101,1101.0,0,0.0
52,WFAgent5,MALE_HIGH_INCOME,530,530.0,215,215.0
53,WFAgent6,FEMALE_OLD_HIGH_INCOME,81,81.0,0,0.0
53,WFAgent7,FEMALE_YOUNG,447,447.0,447,447.0
53,WFAgent8,FEMALE_HIGH_INCOME,397,397.0,0,0.0
53,WFAgent9,FEMALE_OLD_HIGH_INCOME,244,244.0,155,155.0
53,WFAgent19,MALE_OLD,1561,1561.0,0,0.0
53,WFAgent18,FEMALE_OLD_HIGH_INCOME,81,81.0,81,81.0
53,WFAgent17,FEMALE_LOW_INCOME,876,876.0,574,574.0
53,WFAgent16,FEMALE_YOUNG,894,894.0,0,0.0
53,WFAgent15,YOUNG_HIGH_INCOME,309,309.0,564,277.0
53,WFAgent14,MALE_OLD,1561,1561.0,0,0.0
53,WFAgent13,MALE_OLD_HIGH_INCOME,161,161.0,0,0.0
53,WFAgent12,FEMALE_LOW_INCOME,876,876.0,876,876.0
53,WFAgent11,MALE_OLD,1561,1561.0,0,0.0
53,WEAgent7,FEMALE_OLD_LOW_INCOME,1440,1440.0,638,638.0
53,WFAgent10,FEMALE_YOUNG,1341,1341.0,0,0.0
53,WEAgent1,FEMALE_OLD_LOW_INCOME,960,960.0,614,614.0
53,WEAgent2,FEMALE_LOW_INCOME,876,876.0,0,0.0
53,WEAgent0,FEMALE_YOUNG_LOW_INCOME,396,396.0,0,0.0
53,WEAgent5,MALE_OLD_HIGH_INCOME,484,484.0,0,0.0
53,WEAgent6,FEMALE_OLD_HIGH_INCOME,244,244.0,0,0.0
53,WEAgent3,FEMALE_LOW_INCOME,876,876.0,0,0.0
53,WEAgent4,MALE_OLD_LOW_INCOME,359,359.0,1745,0.0
53,WFAgent0,MALE_OLD_LOW_INCOME,1077,1077.0,0,0.0
53,WFAgent1,FEMALE_HIGH_INCOME,265,265.0,0,0.0
53,WFAgent2,MALE_YOUNG_HIGH_INCOME,310,310.0,240,240.0
53,WFAgent3,MALE_YOUNG,941,941.0,1853,0.0
53,WFAgent4,OLD_HIGH_INCOME,729,729.0,985,166.0
53,WFAgent5,FEMALE_LOW_INCOME,1752,1752.0,1228,1228.0
54,WFAgent6,YOUNG_LOW_INCOME,1526,1526.0,0,0.0
54,WFAgent7,FEMALE_YOUNG,894,894.0,0,0.0
54,WFAgent8,FEMALE_OLD_LOW_INCOME,480,480.0,0,0.0
54,WFAgent9,YOUNG_LOW_INCOME,763,763.0,763,763.0
54,WFAgent19,MALE_HIGH_INCOME,530,530.0,1287,0.0
54,WFAgent18,MALE_YOUNG_LOW_INCOME,367,367.0,367,367.0
54,WFAgent17,FEMALE_YOUNG,447,447.0,0,0.0
54,WFAgent16,YOUNG_HIGH_INCOME,463,463.0,0,0.0
54,WFAgent15,FEMALE_LOW_INCOME,876,876.0,0,0.0
54,WFAgent14,FEMALE_OLD_LOW_INCOME,960,960.0,0,0.0
54,WFAgent13,FEMALE_YOUNG_HIGH_INCOME,153,153.0,0,0.0
54,WFAgent12,FEMALE_YOUNG,1341,1341.0,0,0.0
54,WFAgent11,MALE_YOUNG_HIGH_INCOME,206,206.0,0,0.0
54,WEAgent7,FEMALE_YOUNG,1341,1341.0,0,0.0
54,WFAgent10,FEMALE_YOUNG_HIGH_INCOME,102,102.0,259,0.0
54,WEAgent1,FEMALE_LOW_INCOME,1752,1752.0,1287,766.0
54,WEAgent2,MALE_YOUNG,470,470.0,1477,372.0
54,WEAgent0,MALE_OLD_LOW_INCOME,718,718.0,0,0.0
54,WEAgent5,OLD_LOW_INCOME,839,839.0,3812,327.99999999999994
54,WEAgent6,MALE_OLD_LOW_INCOME,359,359.0,359,358.99999999999994
54,WEAgent3,FEMALE_YOUNG_HIGH_INCOME,153,153.0,0,0.0
54,WEAgent4,FEMALE_OLD_LOW_INCOME,480,480.0,0,0.0
54,WFAgent0,FEMALE_YOUNG_LOW_INCOME,1188,1188.0,0,0.0
54,WFAgent1,FEMALE_YOUNG_LOW_INCOME,1188,1188.0,0,0.0
54,WFAgent2,OLD_LOW_INCOME,839,839.0,0,0.0
54,WFAgent3,MALE_HIGH_INCOME,265,265.0,0,0.0
54,WFAgent4,FEMALE_HIGH_INCOME,397,397.0,389,0.0
54,WFAgent5,YOUNG_HIGH_INCOME,463,463.0,0,0.0
55,WFAgent6,MALE_YOUNG_HIGH_INCOME,310,310.0,0,0.0
55,WFAgent7,FEMALE_YOUNG_HIGH_INCOME,102,102.0,249,0.0
55,WFAgent8,FEMALE_LOW_INCOME,2628,2628.0,1824,1824.0
55,WFAgent9,FEMALE_HIGH_INCOME,397,397.0,0,0.0
55,WFAgent19,MALE_OLD,520,520.0,277,277.0
55,WFAgent18,MALE_OLD_HIGH_INCOME,323,323.0,301,301.0
55,WFAgent17,FEMALE_OLD,1123,1123.0,798,798.0
55,WFAgent16,FEMALE_HIGH_INCOME,397,397.0,0,0.0
55,WFAgent15,MALE_YOUNG,941,941.0,0,0.0
55,WFAgent14,MALE_YOUNG_LOW_INCOME,734,734.0,734,733.9999999999999
55,WFAgent13,MALE_HIGH_INCOME,265,265.0,265,265.0
55,WFAgent12,FEMALE_YOUNG_HIGH_INCOME,153,153.0,0,0.0
55,WFAgent11,YOUNG_HIGH_INCOME,309,309.0,0,0.0
55,WEAgent7,OLD_LOW_INCOME,839,839.0,0,0.0
55,WFAgent10,OLD_LOW_INCOME,839,839.0,839,839.0
55,WEAgent1,MALE_YOUNG,941,941.0,1642,540.0
55,WEAgent2,YOUNG_HIGH_INCOME,154,154.0,0,0.0
55,WEAgent0,OLD_HIGH_INCOME,243,243.0,0,0.0
55,WEAgent5,FEMALE_YOUNG_LOW_INCOME,792,792.0,0,0.0
55,WEAgent6,MALE_YOUNG_HIGH_INCOME,206,206.0,0,0.0
55,WEAgent3,YOUNG_HIGH_INCOME,309,309.0,0,0.0
55,WEAgent4,FEMALE_OLD_LOW_INCOME,480,480.0,0,0.0
55,WFAgent0,MALE_OLD_LOW_INCOME,1077,1077.0,0,0.0
55,WFAgent1,YOUNG_HIGH_INCOME,463,463.0,0,0.0
55,WFAgent2,MALE_OLD_HIGH_INCOME,161,161.0,0,0.0
55,WFAgent3,OLD_LOW_INCOME,1678,1678.0,942,795.0
55,WFAgent4,FEMALE_OLD_HIGH_INCOME,244,244.0,410,0.0
55,WFAgent5,FEMALE_LOW_INCOME,2628,2628.0,1719,1719.0
56,WFAgent6,FEMALE_YOUNG_HIGH_INCOME,102,102.0,256,0.0
56,WFAgent7,MALE_YOUNG,941,941.0,1323,940.7423270383588
56,WFAgent8,FEMALE_OLD_LOW_INCOME,1440,1440.0,2422,0.0
56,WFAgent9,FEMALE_YOUNG,447,447.0,0,0.0
56,WFAgent19,FEMALE_YOUNG,1341,1341.0,0,0.0
56,WFAgent18,MALE_YOUNG_LOW_INCOME,734,734.0,0,0.0
56,WFAgent17,FEMALE_HIGH_INCOME,265,265.0,0,0.0
56,WFAgent16,MALE_OLD,520,520.0,520,520.0
56,WFAgent15,OLD_HIGH_INCOME,486,486.0,0,0.0
56,WFAgent14,MALE_YOUNG_LOW_INCOME,734,734.0,0,0.0
56,WFAgent13,FEMALE_HIGH_INCOME,265,265.0,0,0.0
56,WFAgent12,MALE_OLD_LOW_INCOME,1077,1077.0,634,634.0
56,WFAgent11,MALE_OLD_LOW_INCOME,1077,1077.0,0,0.0
56,WEAgent7,FEMALE_LOW_INCOME,876,876.0,0,0.0
56,WFAgent10,MALE_YOUNG_LOW_INCOME,367,367.0,367,367.0
56,WEAgent1,YOUNG_LOW_INCOME,2289,2289.0,2502,1961.0
56,WEAgent2,FEMALE_YOUNG,447,447.0,0,0.0
56,WEAgent0,MALE_YOUNG_LOW_INCOME,367,367.0,0,0.0
56,WEAgent5,OLD_HIGH_INCOME,486,486.0,0,0.0
56,WEAgent6,FEMALE_OLD_HIGH_INCOME,81,81.0,0,0.0
56,WEAgent3,OLD_HIGH_INCOME,243,243.0,0,0.0
56,WEAgent4,FEMALE_OLD,561,561.0,0,0.0
56,WFAgent0,FEMALE_LOW_INCOME,876,876.0,0,0.0
56,WFAgent1,OLD_HIGH_INCOME,729,729.0,1216,0.0
56,WFAgent2,FEMALE_OLD_LOW_INCOME,960,960.0,0,0.0
56,WFAgent3,OLD_LOW_INCOME,1678,1678.0,621,621.0
56,WFAgent4,FEMALE_OLD_LOW_INCOME,1440,1440.0,0,0.0
56,WFAgent5,YOUNG_LOW_INCOME,2289,2289.0,0,0.0
57,WFAgent6,MALE_OLD_LOW_INCOME,1077,1077.0,0,0.0
57,WFAgent7,FEMALE_YOUNG,447,447.0,998,0.0
57,WFAgent8,MALE_YOUNG_HIGH_INCOME,310,310.0,0,0.0
57,WFAgent9,MALE_YOUNG,470,470.0,470,470.0
57,WFAgent19,MALE_YOUNG_HIGH_INCOME,103,103.0,0,0.0
57,WFAgent18,FEMALE_HIGH_INCOME,132,132.0,0,0.0
57,WFAgent17,OLD_LOW_INCOME,839,839.0,839,839.0
57,WFAgent16,FEMALE_OLD_LOW_INCOME,960,960.0,0,0.0
57,WFAgent15,MALE_YOUNG_HIGH_INCOME,103,103.0,0,0.0
57,WFAgent14,MALE_OLD_LOW_INCOME,1077,1077.0,0,0.0
57,WFAgent13,MALE_YOUNG,1411,1411.0,1478,385.0
57,WFAgent12,MALE_OLD_HIGH_INCOME,161,161.0,0,0.0
57,WFAgent11,MALE_YOUNG_HIGH_INCOME,206,206.0,0,0.0
57,WEAgent7,FEMALE_OLD,1123,1123.0,1123,1123.0
57,WFAgent10,FEMALE_HIGH_INCOME,132,132.0,0,0.0
57,WEAgent1,FEMALE_HIGH_INCOME,397,397.0,0,0.0
57,WEAgent2,MALE_HIGH_INCOME,795,795.0,816,0.0
57,WEAgent0,FEMALE_OLD,1684,1684.0,1666,1083.0
57,WEAgent5,YOUNG_HIGH_INCOME,154,154.0,0,0.0
57,WEAgent6,MALE_LOW_INCOME,1452,1452.0,978,798.0
57,WEAgent3,MALE_YOUNG_HIGH_INCOME,103,103.0,0,0.0
57,WEAgent4,MALE_OLD_HIGH_INCOME,323,323.0,0,0.0
57,WFAgent0,MALE_YOUNG_LOW_INCOME,734,734.0,0,0.0
57,WFAgent1,FEMALE_OLD_LOW_INCOME,1440,1440.0,0,0.0
57,WFAgent2,YOUNG_HIGH_INCOME,463,463.0,559,227.0
57,WFAgent3,MALE_YOUNG_HIGH_INCOME,310,310.0,0,0.0
57,WFAgent4,FEMALE_YOUNG_HIGH_INCOME,102,102.0,102,102.0
57,WFAgent5,FEMALE_YOUNG,1341,1341.0,971,0.0
58,WFAgent6,FEMALE_OLD_HIGH_INCOME,162,162.0,0,0.0
58,WFAgent7,FEMALE_LOW_INCOME,876,876.0,0,0.0
58,WFAgent8,FEMALE_HIGH_INCOME,397,397.0,0,0.0
58,WFAgent9,FEMALE_OLD,1123,1123.0,1519,478.0
58,WFAgent19,FEMALE_OLD_HIGH_INCOME,81,81.0,0,0.0
58,WFAgent18,MALE_YOUNG_LOW_INCOME,734,734.0,0,0.0
58,WFAgent17,FEMALE_LOW_INCOME,1752,1752.0,0,0.0
58,WFAgent16,YOUNG_LOW_INCOME,1526,1526.0,0,0.0
58,WFAgent15,FEMALE_YOUNG,1341,1341.0,0,0.0
58,WFAgent14,FEMALE_OLD,561,561.0,567,561.0
58,WFAgent13,FEMALE_OLD_HIGH_INCOME,162,162.0,0,0.0
58,WFAgent12,YOUNG_HIGH_INCOME,463,463.0,376,376.0
58,WFAgent11,FEMALE_YOUNG_HIGH_INCOME,51,51.0,51,51.0
58,WEAgent7,MALE_YOUNG_HIGH_INCOME,310,310.0,253,253.0
58,WFAgent10,FEMALE_YOUNG_LOW_INCOME,1188,1188.0,0,0.0
58,WEAgent1,OLD_HIGH_INCOME,486,486.0,0,0.0
58,WEAgent2,YOUNG_LOW_INCOME,2289,2289.0,2483,584.0
58,WEAgent0,MALE_HIGH_INCOME,795,795.0,0,0.0
58,WEAgent5,YOUNG_HIGH_INCOME,154,154.0,0,0.0
58,WEAgent6,MALE_OLD,1041,1041.0,1045,0.0
58,WEAgent3,MALE_YOUNG,1411,1411.0,0,0.0
58,WEAgent4,YOUNG_HIGH_INCOME,154,154.0,0,0.0
58,WFAgent0,FEMALE_OLD,561,561.0,561,561.0
58,WFAgent1,FEMALE_HIGH_INCOME,132,132.0,99,99.0
58,WFAgent2,MALE_HIGH_INCOME,530,530.0,0,0.0
58,WFAgent3,FEMALE_OLD,1684,1684.0,0,0.0
58,WFAgent4,YOUNG_LOW_INCOME,763,763.0,668,668.0
58,WFAgent5,MALE_LOW_INCOME,2178,2178.0,2178,2178.0
59,WFAgent6,MALE_YOUNG_LOW_INCOME,734,734.0,0,0.0
59,WFAgent7,OLD_HIGH_INCOME,486,486.0,0,0.0
59,WFAgent8,FEMALE_OLD_LOW_INCOME,960,960.0,0,0.0
59,WFAgent9,FEMALE_LOW_INCOME,1752,1752.0,0,0.0
59,WFAgent19,FEMALE_OLD_LOW_INCOME,1440,1440.0,0,0.0
59,WFAgent18,OLD_HIGH_INCOME,729,729.0,0,0.0
59,WFAgent17,MALE_OLD_LOW_INCOME,718,718.0,628,628.0
59,WFAgent16,FEMALE_HIGH_INCOME,265,265.0,0,0.0
59,WFAgent15,MALE_YOUNG,941,941.0,0,0.0
59,WFAgent14,FEMALE_YOUNG,894,894.0,0,0.0
59,WFAgent13,FEMALE_HIGH_INCOME,265,265.0,0,0.0
59,WFAgent12,MALE_HIGH_INCOME,530,530.0,0,0.0
59,WFAgent11,FEMALE_YOUNG,447,447.0,0,0.0
59,WEAgent7,FEMALE_YOUNG_LOW_INCOME,792,792.0,0,0.0
59,WFAgent10,FEMALE_HIGH_INCOME,397,397.0,0,0.0
59,WEAgent1,MALE_LOW_INCOME,726,726.0,2388,596.0
59,WEAgent2,YOUNG_LOW_INCOME,2289,2289.0,0,0.0
59,WEAgent0,FEMALE_LOW_INCOME,2628,2628.0,3229,1237.0
59,WEAgent5,MALE_OLD,1041,1041.0,1430,636.0
59,WEAgent6,FEMALE_OLD_HIGH_INCOME,81,81.0,0,0.0
59,WEAgent3,MALE_HIGH_INCOME,795,795.0,0,0.0
59,WEAgent4,FEMALE_OLD_LOW_INCOME,480,480.0,0,0.0
59,WFAgent0,YOUNG_LOW_INCOME,1526,1526.0,0,0.0
59,WFAgent1,FEMALE_OLD,1684,1684.0,1561,1174.0
59,WFAgent2,MALE_YOUNG_HIGH_INCOME,310,310.0,536,0.0
59,WFAgent3,FEMALE_LOW_INCOME,1752,1752.0,0,0.0
59,WFAgent4,FEMALE_LOW_INCOME,1752,1752.0,0,0.0
59,WFAgent5,FEMALE_YOUNG_LOW_INCOME,396,396.0,0,0.0
60,WFAgent6,MALE_OLD_LOW_INCOME,359,359.0,359,359.0
60,WFAgent7,MALE_YOUNG_HIGH_INCOME,206,206.0,0,0.0
60,WFAgent8,MALE_HIGH_INCOME,530,530.0,0,0.0
60,WFAgent9,MALE_YOUNG,941,941.0,0,0.0
60,WFAgent19,FEMALE_LOW_INCOME,876,876.0,1999,0.0
60,WFAgent18,FEMALE_OLD_HIGH_INCOME,81,81.0,0,0.0
60,WFAgent17,MALE_OLD,520,520.0,458,458.0
60,WFAgent16,MALE_YOUNG_HIGH_INCOME,103,103.0,0,0.0
60,WFAgent15,YOUNG_HIGH_INCOME,154,154.0,0,0.0
60,WFAgent14,YOUNG_HIGH_INCOME,154,154.0,0,0.0
60,WFAgent13,FEMALE_OLD_HIGH_INCOME,244,244.0,0,0.0
60,WFAgent12,FEMALE_YOUNG,1341,1341.0,0,0.0
60,WFAgent11,MALE_OLD,1561,1561.0,456,456.0
60,WEAgent7,OLD_LOW_INCOME,2517,2517.0,2344,1017.0
60,WFAgent10,MALE_LOW_INCOME,726,726.0,1352,487.0
60,WEAgent1,MALE_OLD_LOW_INCOME,1077,1077.0,0,0.0
60,WEAgent2,FEMALE_HIGH_INCOME,132,132.0,0,0.0
60,WEAgent0,YOUNG_HIGH_INCOME,463,463.0,0,0.0
60,WEAgent5,MALE_OLD_HIGH_INCOME,161,161.0,0,0.0
60,WEAgent6,FEMALE_HIGH_INCOME,397,397.0,0,0.0
60,WEAgent3,MALE_OLD_HIGH_INCOME,484,484.0,395,395.0
60,WEAgent4,FEMALE_OLD,561,561.0,561,560.9999999999999
60,WFAgent0,FEMALE_OLD_LOW_INCOME,480,480.0,0,0.0
60,WFAgent1,FEMALE_HIGH_INCOME,265,265.0,0,0.0
60,WFAgent2,OLD_LOW_INCOME,2517,2517.0,0,0.0
60,WFAgent3,OLD_HIGH_INCOME,729,729.0,784,398.0
60,WFAgent4,MALE_YOUNG,470,470.0,470,470.0
60,WFAgent5,FEMALE_YOUNG,447,447.0,0,0.0
61,WFAgent6,FEMALE_HIGH_INCOME,132,132.0,0,0.0
61,WFAgent7,MALE_HIGH_INCOME,265,265.0,0,0.0
61,WFAgent8,FEMALE_OLD,1684,1684.0,0,0.0
61,WFAgent9,MALE_YOUNG_HIGH_INCOME,206,206.0,206,206.0
61,WFAgent19,FEMALE_YOUNG_HIGH_INCOME,102,102.0,0,0.0
61,WFAgent18,MALE_YOUNG_LOW_INCOME,367,367.0,0,0.0
61,WFAgent17,FEMALE_OLD_HIGH_INCOME,81,81.0,0,0.0
61,WFAgent16,FEMALE_YOUNG_LOW_INCOME,1188,1188.0,657,657.0
61,WFAgent15,YOUNG_HIGH_INCOME,309,309.0,0,0.0
61,WFAgent14,MALE_OLD_LOW_INCOME,359,359.0,0,0.0
61,WFAgent13,YOUNG_HIGH_INCOME,154,154.0,0,0.0
61,WFAgent12,FEMALE_HIGH_INCOME,265,265.0,0,0.0
61,WFAgent11,FEMALE_YOUNG_LOW_INCOME,792,792.0,0,0.0
61,WEAgent7,FEMALE_OLD,1123,1123.0,2480,0.0
61,WFAgent10,FEMALE_OLD_HIGH_INCOME,162,162.0,293,63.0
61,WEAgent1,FEMALE_YOUNG,894,894.0,654,654.0
61,WEAgent2,MALE_YOUNG_LOW_INCOME,367,367.0,1830,0.0
61,WEAgent0,FEMALE_OLD,561,561.0,0,0.0
61,WEAgent5,MALE_HIGH_INCOME,795,795.0,0,0.0
61,WEAgent6,FEMALE_LOW_INCOME,876,876.0,0,0.0
61,WEAgent3,MALE_YOUNG_HIGH_INCOME,310,310.0,338,215.0
61,WEAgent4,FEMALE_YOUNG,1341,1341.0,799,799.0
61,WFAgent0,FEMALE_YOUNG_LOW_INCOME,792,792.0,0,0.0
61,WFAgent1,MALE_OLD,1561,1561.0,2487,0.0
61,WFAgent2,FEMALE_HIGH_INCOME,132,132.0,132,132.0
61,WFAgent3,YOUNG_HIGH_INCOME,154,154.0,124,124.0
61,WFAgent4,MALE_OLD_LOW_INCOME,718,718.0,0,0.0
61,WFAgent5,MALE_OLD,1041,1041.0,0,0.0
62,WFAgent6,MALE_HIGH_INCOME,795,795.0,0,0.0
62,WFAgent7,FEMALE_OLD_HIGH_INCOME,162,162.0,0,0.0
62,WFAgent8,MALE_OLD_HIGH_INCOME,484,484.0,0,0.0
62,WFAgent9,MALE_YOUNG,941,941.0,0,0.0
62,WFAgent19,FEMALE_OLD,561,561.0,561,561.0
62,WFAgent18,MALE_YOUNG_LOW_INCOME,367,367.0,0,0.0
62,WFAgent17,MALE_LOW_INCOME,726,726.0,1337,506.0
62,WFAgent16,MALE_HIGH_INCOME,265,265.0,512,0.0
62,WFAgent15,OLD_HIGH_INCOME,486,486.0,486,486.0
62,WFAgent14,FEMALE_HIGH_INCOME,397,397.0,473,123.0
62,WFAgent13,MALE_YOUNG,941,941.0,0,0.0
62,WFAgent12,MALE_YOUNG,470,470.0,470,470.0
62,WFAgent11,FEMALE_YOUNG,894,894.0,674,674.0
62,WEAgent7,OLD_HIGH_INCOME,243,243.0,0,0.0
62,WFAgent10,MALE_OLD_LOW_INCOME,359,359.0,0,0.0
62,WEAgent1,FEMALE_LOW_INCOME,2628,2628.0,2520,1171.0
62,WEAgent2,MALE_YOUNG,941,941.0,0,0.0
62,WEAgent0,MALE_YOUNG_LOW_INCOME,1101,1101.0,0,0.0
62,WEAgent5,MALE_OLD,1561,1561.0,2345,297.0
62,WEAgent6,MALE_OLD_HIGH_INCOME,484,484.0,0,0.0
62,WEAgent3,FEMALE_YOUNG,447,447.0,0,0.0
62,WEAgent4,FEMALE_YOUNG_LOW_INCOME,1188,1188.0,0,0.0
62,WFAgent0,FEMALE_OLD,1123,1123.0,0,0.0
62,WFAgent1,MALE_OLD_HIGH_INCOME,323,323.0,0,0.0
62,WFAgent2,FEMALE_HIGH_INCOME,265,265.0,0,0.0
62,WFAgent3,FEMALE_YOUNG_HIGH_INCOME,51,51.0,0,0.0
62,WFAgent4,OLD_HIGH_INCOME,243,243.0,0,0.0
62,WFAgent5,YOUNG_LOW_INCOME,1526,1526.0,622,622.0
63,WFAgent6,OLD_LOW_INCOME,839,839.0,0,0.0
63,WFAgent7,FEMALE_YOUNG_LOW_INCOME,792,792.0,792,792.0
63,WFAgent8,MALE_HIGH_INCOME,530,530.0,300,109.0
63,WFAgent9,MALE_LOW_INCOME,726,726.0,362,362.0
63,WFAgent19,OLD_HIGH_INCOME,486,486.0,486,486.0
63,WFAgent18,FEMALE_OLD_HIGH_INCOME,244,244.0,91,91.0
63,WFAgent17,MALE_YOUNG_LOW_INCOME,1101,1101.0,0,0.0
63,WFAgent16,FEMALE_YOUNG,447,447.0,0,0.0
63,WFAgent15,MALE_YOUNG_LOW_INCOME,367,367.0,0,0.0
63,WFAgent14,FEMALE_YOUNG_HIGH_INCOME,51,51.0,0,0.0
63,WFAgent13,MALE_YOUNG_HIGH_INCOME,103,103.0,103,103.0
63,WFAgent12,YOUNG_HIGH_INCOME,154,154.0,185,52.0
63,WFAgent11,FEMALE_YOUNG_HIGH_INCOME,153,153.0,0,0.0
63,WEAgent7,FEMALE_OLD,1684,1684.0,2486,0.0
63,WFAgent10,MALE_OLD_LOW_INCOME,1077,1077.0,0,0.0
63,WEAgent1,MALE_LOW_INCOME,1452,1452.0,383,383.0
63,WEAgent2,MALE_OLD_HIGH_INCOME,484,484.0,0,0.0
63,WEAgent0,OLD_HIGH_INCOME,729,729.0,0,0.0
63,WEAgent5,OLD_LOW_INCOME,1678,1678.0,0,0.0
63,WEAgent6,MALE_YOUNG,941,941.0,0,0.0
63,WEAgent3,YOUNG_LOW_INCOME,763,763.0,1123,371.0
63,WEAgent4,MALE_LOW_INCOME,2178,2178.0,2161,362.0
63,WFAgent0,MALE_YOUNG,470,470.0,366,366.0
63,WFAgent1,FEMALE_OLD_HIGH_INCOME,162,162.0,98,98.0
63,WFAgent2,FEMALE_YOUNG,447,447.0,447,447.0
63,WFAgent3,MALE_YOUNG_HIGH_INCOME,103,103.0,103,103.0
63,WFAgent4,FEMALE_YOUNG_HIGH_INCOME,51,51.0,51,51.0
63,WFAgent5,OLD_HIGH_INCOME,486,486.0,463,463.0
64,WFAgent6,FEMALE_LOW_INCOME,1752,1752.0,986,986.0
64,WFAgent7,YOUNG_LOW_INCOME,2289,2289.0,0,0.0
64,WFAgent8,MALE_OLD,1041,1041.0,1790,0.0
64,WFAgent9,MALE_YOUNG_LOW_INCOME,734,734.0,0,0.0
64,WFAgent19,YOUNG_LOW_INCOME,1526,1526.0,0,0.0
64,WFAgent18,YOUNG_HIGH_INCOME,463,463.0,0,0.0
64,WFAgent17,YOUNG_LOW_INCOME,763,763.0,0,0.0
64,WFAgent16,FEMALE_YOUNG_HIGH_INCOME,153,153.0,0,0.0
64,WFAgent15,YOUNG_HIGH_INCOME,154,154.0,0,0.0
64,WFAgent14,YOUNG_HIGH_INCOME,154,154.0,154,154.0
64,WFAgent13,MALE_OLD_HIGH_INCOME,484,484.0,789,0.0
64,WFAgent12,FEMALE_LOW_INCOME,1752,1752.0,0,0.0
64,WFAgent11,MALE_YOUNG_HIGH_INCOME,310,310.0,0,0.0
64,WEAgent7,MALE_YOUNG_LOW_INCOME,1101,1101.0,0,0.0
64,WFAgent10,MALE_OLD_LOW_INCOME,718,718.0,0,0.0
64,WEAgent1,MALE_YOUNG_LOW_INCOME,734,734.0,0,0.0
64,WEAgent2,FEMALE_YOUNG_HIGH_INCOME,153,153.0,0,0.0
64,WEAgent0,YOUNG_HIGH_INCOME,309,309.0,0,0.0
64,WEAgent5,MALE_YOUNG,470,470.0,351,179.0
64,WEAgent6,OLD_HIGH_INCOME,729,729.0,0,0.0
64,WEAgent3,FEMALE_OLD_LOW_INCOME,480,480.0,0,0.0
64,WEAgent4,FEMALE_YOUNG,1341,1341.0,0,0.0
64,WFAgent0,MALE_HIGH_INCOME,265,265.0,0,0.0
64,WFAgent1,FEMALE_YOUNG,1341,1341.0,1052,1052.0
64,WFAgent2,FEMALE_OLD,561,561.0,2419,0.0
64,WFAgent3,YOUNG_LOW_INCOME,763,763.0,0,0.0
64,WFAgent4,YOUNG_LOW_INCOME,1526,1526.0,0,0.0
64,WFAgent5,FEMALE_HIGH_INCOME,132,132.0,0,0.0
65,WFAgent6,OLD_HIGH_INCOME,243,243.0,243,243.0
65,WFAgent7,MALE_HIGH_INCOME,265,265.0,114,114.0
65,WFAgent8,FEMALE_OLD_HIGH_INCOME,162,162.0,125,125.0
65,WFAgent9,MALE_OLD_LOW_INCOME,359,359.0,359,359.0
65,WFAgent19,OLD_LOW_INCOME,1678,1678.0,0,0.0
65,WFAgent18,YOUNG_LOW_INCOME,1526,1526.0,620,620.0
65,WFAgent17,MALE_YOUNG_LOW_INCOME,1101,1101.0,0,0.0
65,WFAgent16,MALE_YOUNG,470,470.0,0,0.0
65,WFAgent15,FEMALE_YOUNG_LOW_INCOME,396,396.0,396,396.0
65,WFAgent14,FEMALE_OLD_HIGH_INCOME,162,162.0,0,0.0
65,WFAgent13,FEMALE_YOUNG_LOW_INCOME,1188,1188.0,580,580.0
65,WFAgent12,MALE_YOUNG_LOW_INCOME,734,734.0,734,734.0
65,WFAgent11,FEMALE_OLD_HIGH_INCOME,244,244.0,0,0.0
65,WEAgent7,MALE_HIGH_INCOME,265,265.0,0,0.0
65,WFAgent10,FEMALE_OLD_LOW_INCOME,480,480.0,480,480.0
65,WEAgent1,FEMALE_YOUNG_HIGH_INCOME,51,51.0,272,0.0
65,WEAgent2,MALE_YOUNG_HIGH_INCOME,206,206.0,0,0.0
65,WEAgent0,MALE_YOUNG,941,941.0,0,0.0
65,WEAgent5,FEMALE_OLD,1684,1684.0,1029,636.0
65,WEAgent6,MALE_OLD_LOW_INCOME,718,718.0,0,0.0
65,WEAgent3,MALE_OLD,1041,1041.0,1723,626.0
65,WEAgent4,MALE_YOUNG,470,470.0,144,144.0
65,WFAgent0,MALE_YOUNG,941,941.0,1275,915.0
65,WFAgent1,FEMALE_LOW_INCOME,876,876.0,876,876.0
65,WFAgent2,MALE_HIGH_INCOME,795,795.0,425,425.0
65,WFAgent3,FEMALE_OLD_LOW_INCOME,480,480.0,480,480.0
65,WFAgent4,MALE_LOW_INCOME,726,726.0,0,0.0
65,WFAgent5,FEMALE_OLD_HIGH_INCOME,162,162.0,125,125.0
66,WFAgent6,YOUNG_HIGH_INCOME,463,463.0,0,0.0
66,WFAgent7,MALE_LOW_INCOME,1452,1452.0,2258,469.0
66,WFAgent8,FEMALE_YOUNG_LOW_INCOME,792,792.0,0,0.0
66,WFAgent9,OLD_LOW_INCOME,2517,2517.0,0,0.0
66,WFAgent19,FEMALE_YOUNG,1341,1341.0,664,664.0
66,WFAgent18,MALE_YOUNG_HIGH_INCOME,310,310.0,0,0.0
66,WFAgent17,MALE_YOUNG,470,470.0,463,463.0
66,WFAgent16,FEMALE_YOUNG_HIGH_INCOME,153,153.0,254,0.0
66,WFAgent15,YOUNG_HIGH_INCOME,309,309.0,0,0.0
66,WFAgent14,MALE_OLD_LOW_INCOME,359,359.0,0,0.0
66,WFAgent13,FEMALE_OLD_LOW_INCOME,960,960.0,0,0.0
66,WFAgent12,MALE_OLD_HIGH_INCOME,484,484.0,0,0.0
66,WFAgent11,FEMALE_YOUNG,1341,1341.0,0,0.0
66,WEAgent7,MALE_OLD_HIGH_INCOME,484,484.0,0,0.0
66,WFAgent10,YOUNG_LOW_INCOME,2289,2289.0,1147,1147.0
66,WEAgent1,FEMALE_YOUNG_LOW_INCOME,1188,1188.0,0,0.0
66,WEAgent2,YOUNG_LOW_INCOME,1526,1526.0,0,0.0
66,WEAgent0,MALE_HIGH_INCOME,265,265.0,0,0.0
66,WEAgent5,MALE_OLD,1041,1041.0,0,0.0
66,WEAgent6,FEMALE_OLD_LOW_INCOME,1440,1440.0,1259,1129.0
66,WEAgent3,FEMALE_OLD_LOW_INCOME,960,960.0,0,0.0
66,WEAgent4,FEMALE_LOW_INCOME,1752,1752.0,1752,1752.0
66,WFAgent0,OLD_HIGH_INCOME,486,486.0,0,0.0
66,WFAgent1,FEMALE_YOUNG_LOW_INCOME,1188,1188.0,0,0.0
66,WFAgent2,YOUNG_HIGH_INCOME,463,463.0,271,271.0
66,WFAgent3,OLD_HIGH_INCOME,729,729.0,0,0.0
66,WFAgent4,MALE_LOW_INCOME,726,726.0,451,451.0
66,WFAgent5,MALE_HIGH_INCOME,530,530.0,1072,246.0
67,WFAgent6,FEMALE_OLD_LOW_INCOME,960,960.0,908,908.0
67,WFAgent7,FEMALE_LOW_INCOME,876,876.0,696,696.0
67,WFAgent8,MALE_LOW_INCOME,726,726.0,726,726.0
67,WFAgent9,FEMALE_YOUNG_HIGH_INCOME,51,51.0,51,51.0
67,WFAgent19,MALE_YOUNG_LOW_INCOME,367,367.0,0,0.0
67,WFAgent18,FEMALE_YOUNG,1341,1341.0,697,697.0
67,WFAgent17,YOUNG_LOW_INCOME,763,763.0,0,0.0
67,WFAgent16,OLD_LOW_INCOME,1678,1678.0,1776,0.0
67,WFAgent15,MALE_LOW_INCOME,726,726.0,1081,707.0
67,WFAgent14,MALE_HIGH_INCOME,265,265.0,265,265.0
67,WFAgent13,MALE_HIGH_INCOME,530,530.0,0,0.0
67,WFAgent12,MALE_HIGH_INCOME,530,530.0,734,505.0
67,WFAgent11,MALE_OLD_HIGH_INCOME,161,161.0,0,0.0
67,WEAgent7,FEMALE_OLD,1123,1123.0,1383,966.0
67,WFAgent10,OLD_HIGH_INCOME,243,243.0,0,0.0
67,WEAgent1,FEMALE_YOUNG_LOW_INCOME,792,792.0,0,0.0
67,WEAgent2,MALE_YOUNG,1411,1411.0,0,0.0
67,WEAgent0,MALE_YOUNG_LOW_INCOME,1101,1101.0,0,0.0
67,WEAgent5,MALE_YOUNG_HIGH_INCOME,310,310.0,0,0.0
67,WEAgent6,FEMALE_YOUNG_LOW_INCOME,396,396.0,0,0.0
67,WEAgent3,FEMALE_YOUNG,894,894.0,639,639.0
67,WEAgent4,FEMALE_OLD,561,561.0,561,561.0
67,WFAgent0,FEMALE_YOUNG_HIGH_INCOME,153,153.0,0,0.0
67,WFAgent1,OLD_LOW_INCOME,839,839.0,0,0.0
67,WFAgent2,MALE_LOW_INCOME,1452,1452.0,0,0.0
67,WFAgent3,FEMALE_YOUNG_HIGH_INCOME,51,51.0,202,51.0
67,WFAgent4,FEMALE_OLD,1123,1123.0,0,0.0
67,WFAgent5,YOUNG_HIGH_INCOME,309,309.0,281,281.0
68,WFAgent6,FEMALE_OLD,1123,1123.0,1232,1123.0
68,WFAgent7,MALE_OLD_HIGH_INCOME,484,484.0,346,346.0
68,WFAgent8,MALE_YOUNG,470,470.0,0,0.0
68,WFAgent9,OLD_HIGH_INCOME,729,729.0,335,335.0
68,WFAgent19,OLD_HIGH_INCOME,243,243.0,243,243.0
68,WFAgent18,FEMALE_HIGH_INCOME,132,132.0,270,0.0
68,WFAgent17,FEMALE_YOUNG,1341,1341.0,0,0.0
68,WFAgent16,MALE_HIGH_INCOME,795,795.0,0,0.0
68,WFAgent15,OLD_HIGH_INCOME,729,729.0,0,0.0
68,WFAgent14,FEMALE_OLD_HIGH_INCOME,81,81.0,0,0.0
68,WFAgent13,FEMALE_OLD_HIGH_INCOME,244,244.0,0,0.0
68,WFAgent12,MALE_LOW_INCOME,1452,1452.0,0,0.0
68,WFAgent11,FEMALE_YOUNG_LOW_INCOME,1188,1188.0,0,0.0
68,WEAgent7,MALE_OLD_HIGH_INCOME,323,323.0,0,0.0
68,WFAgent10,MALE_LOW_INCOME,726,726.0,872,0.0
68,WEAgent1,MALE_OLD_HIGH_INCOME,323,323.0,0,0.0
68,WEAgent2,FEMALE_YOUNG_HIGH_INCOME,102,102.0,0,0.0
68,WEAgent0,FEMALE_YOUNG,894,894.0,1928,0.0
68,WEAgent5,FEMALE_OLD_HIGH_INCOME,244,244.0,0,0.0
68,WEAgent6,FEMALE_OLD,1123,1123.0,1404,991.0
68,WEAgent3,YOUNG_HIGH_INCOME,154,154.0,0,0.0
68,WEAgent4,MALE_YOUNG,941,941.0,2406,0.0
68,WFAgent0,FEMALE_OLD,1684,1684.0,0,0.0
68,WFAgent1,FEMALE_OLD_LOW_INCOME,480,480.0,0,0.0
68,WFAgent2,OLD_HIGH_INCOME,729,729.0,0,0.0
68,WFAgent3,FEMALE_OLD_LOW_INCOME,960,960.0,0,0.0
68,WFAgent4,FEMALE_OLD,561,561.0,0,0.0
68,WFAgent5,OLD_LOW_INCOME,839,839.0,905,0.0
69,WFAgent6,MALE_YOUNG_LOW_INCOME,1101,1101.0,0,0.0
69,WFAgent7,FEMALE_YOUNG_HIGH_INCOME,51,51.0,281,0.0
69,WFAgent8,MALE_HIGH_INCOME,265,265.0,265,265.0
69,WFAgent9,YOUNG_LOW_INCOME,2289,2289.0,0,0.0
69,WFAgent19,FEMALE_OLD_LOW_INCOME,480,480.0,480,480.0
69,WFAgent18,MALE_YOUNG_LOW_INCOME,367,367.0,0,0.0
69,WFAgent17,MALE_OLD,1561,1561.0,0,0.0
69,WFAgent16,OLD_LOW_INCOME,839,839.0,0,0.0
69,WFAgent15,MALE_OLD_HIGH_INCOME,323,323.0,0,0.0
69,WFAgent14,MALE_YOUNG_LOW_INCOME,1101,1101.0,0,0.0
69,WFAgent13,FEMALE_YOUNG_LOW_INCOME,396,396.0,0,0.0
69,WFAgent12,FEMALE_LOW_INCOME,1752,1752.0,1931,0.0
69,WFAgent11,OLD_LOW_INCOME,1678,1678.0,0,0.0
69,WEAgent7,FEMALE_OLD,1684,1684.0,2296,435.0
69,WFAgent10,MALE_YOUNG,470,470.0,470,470.0
69,WEAgent1,MALE_YOUNG_HIGH_INCOME,103,103.0,0,0.0
69,WEAgent2,MALE_HIGH_INCOME,265,265.0,0,0.0
69,WEAgent0,FEMALE_YOUNG_LOW_INCOME,1188,1188.0,0,0.0
69,WEAgent5,OLD_HIGH_INCOME,243,243.0,0,0.0
69,WEAgent6,MALE_OLD_LOW_INCOME,359,359.0,0,0.0
69,WEAgent3,FEMALE_OLD_LOW_INCOME,1440,1440.0,0,0.0
69,WEAgent4,FEMALE_OLD_LOW_INCOME,480,480.0,0,0.0
69,WFAgent0,MALE_YOUNG,1411,1411.0,1431,494.0
69,WFAgent1,MALE_HIGH_INCOME,530,530.0,1112,290.0
69,WFAgent2,FEMALE_HIGH_INCOME,132,132.0,0,0.0
69,WFAgent3,MALE_YOUNG_HIGH_INCOME,103,103.0,0,0.0
69,WFAgent4,OLD_LOW_INCOME,1678,1678.0,1734,0.0
69,WFAgent5,MALE_OLD_LOW_INCOME,718,718.0,0,0.0
70,WFAgent6,FEMALE_OLD,1123,1123.0,0,0.0
70,WFAgent7,MALE_OLD_HIGH_INCOME,161,161.0,0,0.0
70,WFAgent8,FEMALE_OLD,1123,1123.0,904,904.0
70,WFAgent9,FEMALE_HIGH_INCOME,132,132.0,132,132.0
70,WFAgent19,MALE_YOUNG_LOW_INCOME,734,734.0,636,636.0
70,WFAgent18,FEMALE_OLD,1123,1123.0,0,0.0
70,WFAgent17,FEMALE_YOUNG_LOW_INCOME,792,792.0,0,0.0
70,WFAgent16,MALE_YOUNG_HIGH_INCOME,206,206.0,206,206.0
70,WFAgent15,YOUNG_HIGH_INCOME,463,463.0,334,308.0
70,WFAgent14,FEMALE_OLD_HIGH_INCOME,244,244.0,0,0.0
70,WFAgent13,MALE_LOW_INCOME,726,726.0,0,0.0
70,WFAgent12,MALE_OLD,520,520.0,0,0.0
70,WFAgent11,YOUNG_LOW_INCOME,1526,1526.0,0,0.0
70,WEAgent7,FEMALE_OLD_LOW_INCOME,1440,1440.0,875,875.0
70,WFAgent10,OLD_LOW_INCOME,839,839.0,0,0.0
70,WEAgent1,FEMALE_YOUNG_LOW_INCOME,792,792.0,0,0.0
70,WEAgent2,MALE_LOW_INCOME,2178,2178.0,1662,1328.0
70,WEAgent0,FEMALE_OLD,561,561.0,0,0.0
70,WEAgent5,MALE_OLD_HIGH_INCOME,323,323.0,0,0.0
70,WEAgent6,OLD_HIGH_INCOME,243,243.0,0,0.0
70,WEAgent3,YOUNG_LOW_INCOME,1526,1526.0,2661,636.0
70,WEAgent4,FEMALE_YOUNG_LOW_INCOME,396,396.0,0,0.0
70,WFAgent0,FEMALE_OLD,561,561.0,561,561.0
70,WFAgent1,OLD_HIGH_INCOME,729,729.0,408,408.0
70,WFAgent2,MALE_LOW_INCOME,2178,2178.0,0,0.0
70,WFAgent3,MALE_YOUNG_HIGH_INCOME,103,103.0,103,103.0
70,WFAgent4,OLD_HIGH_INCOME,486,486.0,792,371.0
70,WFAgent5,MALE_LOW_INCOME,726,726.0,726,726.0
71,WFAgent6,MALE_OLD_HIGH_INCOME,323,323.0,0,0.0
71,WFAgent7,FEMALE_OLD_HIGH_INCOME,244,244.0,0,0.0
71,WFAgent8,FEMALE_OLD_LOW_INCOME,960,960.0,960,960.0
71,WFAgent9,YOUNG_HIGH_INCOME,309,309.0,0,0.0
71,WFAgent19,MALE_OLD_HIGH_INCOME,323,323.0,0,0.0
71,WFAgent18,MALE_OLD_LOW_INCOME,718,718.0,0,0.0
71,WFAgent17,FEMALE_YOUNG,1341,1341.0,0,0.0
71,WFAgent16,FEMALE_YOUNG_LOW_INCOME,792,792.0,0,0.0
71,WFAgent15,FEMALE_OLD_LOW_INCOME,480,480.0,0,0.0
71,WFAgent14,MALE_HIGH_INCOME,265,265.0,0,0.0
71,WFAgent13,MALE_OLD,520,520.0,0,0.0
71,WFAgent12,YOUNG_LOW_INCOME,1526,1526.0,1526,1526.0
71,WFAgent11,FEMALE_YOUNG_LOW_INCOME,1188,1188.0,1175,771.0
71,WEAgent7,MALE_HIGH_INCOME,530,530.0,925,393.0
71,WFAgent10,MALE_HIGH_INCOME,265,265.0,0,0.0
71,WEAgent1,MALE_OLD_HIGH_INCOME,161,161.0,0,0.0
71,WEAgent2,FEMALE_OLD_HIGH_INCOME,81,81.0,0,0.0
71,WEAgent0,FEMALE_YOUNG_HIGH_INCOME,51,51.0,0,0.0
71,WEAgent5,MALE_OLD_LOW_INCOME,718,718.0,0,0.0
71,WEAgent6,FEMALE_YOUNG_HIGH_INCOME,51,51.0,0,0.0
71,WEAgent3,OLD_LOW_INCOME,1678,1678.0,1738,0.0
71,WEAgent4,FEMALE_OLD_LOW_INCOME,960,960.0,1503,844.0
71,WFAgent0,MALE_YOUNG_LOW_INCOME,367,367.0,0,0.0
71,WFAgent1,YOUNG_HIGH_INCOME,309,309.0,0,0.0
71,WFAgent2,MALE_YOUNG,1411,1411.0,1075,705.0
71,WFAgent3,FEMALE_OLD_HIGH_INCOME,244,244.0,0,0.0
71,WFAgent4,FEMALE_OLD_HIGH_INCOME,244,244.0,0,0.0
71,WFAgent5,OLD_HIGH_INCOME,729,729.0,808,387.0
72,WFAgent6,FEMALE_YOUNG_HIGH_INCOME,102,102.0,102,102.0
72,WFAgent7,MALE_OLD_HIGH_INCOME,323,323.0,323,323.0
72,WFAgent8,FEMALE_OLD_HIGH_INCOME,81,81.0,0,0.0
72,WFAgent9,OLD_HIGH_INCOME,486,486.0,0,0.0
72,WFAgent19,MALE_YOUNG_HIGH_INCOME,103,103.0,0,0.0
72,WFAgent18,MALE_OLD,1041,1041.0,635,635.0
72,WFAgent17,YOUNG_HIGH_INCOME,154,154.0,134,116.0
72,WFAgent16,MALE_YOUNG_HIGH_INCOME,206,206.0,206,206.0
72,WFAgent15,MALE_YOUNG_LOW_INCOME,367,367.0,367,367.0
72,WFAgent14,YOUNG_HIGH_INCOME,309,309.0,0,0.0
72,WFAgent13,OLD_HIGH_INCOME,486,486.0,486,371.0
72,WFAgent12,FEMALE_LOW_INCOME,1752,1752.0,0,0.0
72,WFAgent11,MALE_YOUNG_HIGH_INCOME,310,310.0,0,0.0
72,WEAgent7,FEMALE_OLD,1123,1123.0,2816,405.0
72,WFAgent10,MALE_YOUNG_LOW_INCOME,367,367.0,367,367.0
72,WEAgent1,FEMALE_LOW_INCOME,876,876.0,0,0.0
72,WEAgent2,FEMALE_YOUNG,1341,1341.0,0,0.0
72,WEAgent0,FEMALE_OLD_HIGH_INCOME,81,81.0,0,0.0
72,WEAgent5,MALE_OLD_LOW_INCOME,718,718.0,0,0.0
72,WEAgent6,MALE_LOW_INCOME,1452,1452.0,593,593.0
72,WEAgent3,MALE_HIGH_INCOME,795,795.0,0,0.0
72,WEAgent4,FEMALE_LOW_INCOME,1752,1752.0,809,809.0
72,WFAgent0,FEMALE_YOUNG_LOW_INCOME,1188,1188.0,771,771.0
72,WFAgent1,FEMALE_YOUNG_HIGH_INCOME,51,51.0,0,0.0
72,WFAgent2,MALE_OLD,520,520.0,520,520.0
72,WFAgent3,YOUNG_LOW_INCOME,763,763.0,869,763.0
72,WFAgent4,FEMALE_LOW_INCOME,1752,1752.0,0,0.0
72,WFAgent5,MALE_HIGH_INCOME,265,265.0,323,230.0
73,WFAgent6,MALE_LOW_INCOME,2178,2178.0,0,0.0
73,WFAgent7,FEMALE_OLD_HIGH_INCOME,81,81.0,81,81.0
73,WFAgent8,FEMALE_YOUNG,447,447.0,447,447.0
73,WFAgent9,YOUNG_LOW_INCOME,2289,2289.0,0,0.0
73,WFAgent19,MALE_YOUNG,941,941.0,0,0.0
73,WFAgent18,FEMALE_OLD_LOW_INCOME,960,960.0,0,0.0
73,WFAgent17,FEMALE_OLD_HIGH_INCOME,81,81.0,81,81.0
73,WFAgent16,FEMALE_YOUNG_HIGH_INCOME,102,102.0,102,102.0
73,WFAgent15,FEMALE_YOUNG,894,894.0,916,894.0
73,WFAgent14,YOUNG_LOW_INCOME,1526,1526.0,1300,1289.0
73,WFAgent13,MALE_YOUNG,941,941.0,0,0.0
73,WFAgent12,MALE_YOUNG,470,470.0,470,470.0
73,WFAgent11,OLD_HIGH_INCOME,486,486.0,686,393.0
73,WEAgent7,FEMALE_LOW_INCOME,876,876.0,0,0.0
73,WFAgent10,YOUNG_LOW_INCOME,763,763.0,0,0.0
73,WEAgent1,MALE_OLD_LOW_INCOME,1077,1077.0,0,0.0
73,WEAgent2,FEMALE_OLD_LOW_INCOME,960,960.0,1908,513.0
73,WEAgent0,MALE_HIGH_INCOME,265,265.0,0,0.0
73,WEAgent5,FEMALE_OLD_LOW_INCOME,480,480.0,480,480.0
73,WEAgent6,MALE_HIGH_INCOME,530,530.0,604,530.0
73,WEAgent3,MALE_OLD,520,520.0,0,0.0
73,WEAgent4,MALE_YOUNG_LOW_INCOME,367,367.0,0,0.0
73,WFAgent0,FEMALE_OLD_HIGH_INCOME,81,81.0,0,0.0
73,WFAgent1,MALE_LOW_INCOME,1452,1452.0,1444,1444.0
73,WFAgent2,MALE_YOUNG,470,470.0,470,470.0
73,WFAgent3,FEMALE_YOUNG_LOW_INCOME,1188,1188.0,0,0.0
73,WFAgent4,MALE_YOUNG,941,941.0,0,0.0
73,WFAgent5,MALE_OLD,1041,1041.0,901,901.0
74,WFAgent6,FEMALE_OLD,1123,1123.0,0,0.0
74,WFAgent7,OLD_LOW_INCOME,839,839.0,737,737.0
74,WFAgent8,FEMALE_HIGH_INCOME,265,265.0,265,264.99999999999994
74,WFAgent9,MALE_YOUNG,470,470.0,0,0.0
74,WFAgent19,YOUNG_HIGH_INCOME,463,463.0,0,0.0
74,WFAgent18,FEMALE_LOW_INCOME,1752,1752.0,0,0.0
74,WFAgent17,OLD_LOW_INCOME,839,839.0,0,0.0
74,WFAgent16,MALE_YOUNG_HIGH_INCOME,310,310.0,0,0.0
74,WFAgent15,FEMALE_OLD_LOW_INCOME,1440,1440.0,0,0.0
74,WFAgent14,FEMALE_OLD_LOW_INCOME,480,480.0,0,0.0
74,WFAgent13,MALE_OLD_LOW_INCOME,1077,1077.0,0,0.0
74,WFAgent12,MALE_OLD,520,520.0,265,265.0
74,WFAgent11,FEMALE_YOUNG_HIGH_INCOME,102,102.0,0,0.0
74,WEAgent7,OLD_LOW_INCOME,2517,2517.0,1972,1972.0
74,WFAgent10,FEMALE_YOUNG,894,894.0,0,0.0
74,WEAgent1,MALE_YOUNG,1411,1411.0,1974,461.0
74,WEAgent2,FEMALE_HIGH_INCOME,132,132.0,0,0.0
74,WEAgent0,FEMALE_LOW_INCOME,2628,2628.0,3139,1194.0
74,WEAgent5,MALE_HIGH_INCOME,530,530.0,266,266.0
74,WEAgent6,FEMALE_OLD_HIGH_INCOME,81,81.0,0,0.0
74,WEAgent3,FEMALE_HIGH_INCOME,265,265.0,213,213.0
74,WEAgent4,OLD_HIGH_INCOME,486,486.0,310,310.0
74,WFAgent0,FEMALE_OLD_HIGH_INCOME,81,81.0,0,0.0
74,WFAgent1,FEMALE_YOUNG_HIGH_INCOME,153,153.0,133,133.0
74,WFAgent2,MALE_OLD_LOW_INCOME,718,718.0,0,0.0
74,WFAgent3,YOUNG_LOW_INCOME,2289,2289.0,0,0.0
74,WFAgent4,FEMALE_YOUNG_LOW_INCOME,792,792.0,0,0.0
74,WFAgent5,MALE_LOW_INCOME,726,726.0,726,726.0
75,WFAgent6,FEMALE_YOUNG_HIGH_INCOME,153,153.0,0,0.0
75,WFAgent7,FEMALE_OLD_HIGH_INCOME,162,162.0,391,0.0
75,WFAgent8,MALE_YOUNG_HIGH_INCOME,310,310.0,0,0.0
75,WFAgent9,YOUNG_HIGH_INCOME,154,154.0,0,0.0
75,WFAgent19,FEMALE_YOUNG_HIGH_INCOME,102,102.0,0,0.0
75,WFAgent18,MALE_YOUNG_LOW_INCOME,367,367.0,0,0.0
75,WFAgent17,MALE_YOUNG,470,470.0,1779,0.0
75,WFAgent16,FEMALE_YOUNG,894,894.0,0,0.0
75,WFAgent15,FEMALE_YOUNG,894,894.0,0,0.0
75,WFAgent14,FEMALE_YOUNG_LOW_INCOME,1188,1188.0,677,677.0
75,WFAgent13,FEMALE_OLD_LOW_INCOME,1440,1440.0,2377,0.0
75,WFAgent12,FEMALE_OLD,1123,1123.0,0,0.0
75,WFAgent11,MALE_OLD_LOW_INCOME,1077,1077.0,0,0.0
75,WEAgent7,FEMALE_YOUNG_LOW_INCOME,792,792.0,0,0.0
75,WFAgent10,MALE_HIGH_INCOME,530,530.0,176,176.0
75,WEAgent1,YOUNG_HIGH_INCOME,154,154.0,0,0.0
75,WEAgent2,OLD_LOW_INCOME,839,839.0,0,0.0
75,WEAgent0,MALE_HIGH_INCOME,530,530.0,418,418.0
75,WEAgent5,MALE_HIGH_INCOME,265,265.0,178,178.0
75,WEAgent6,FEMALE_YOUNG_LOW_INCOME,1188,1188.0,629,629.0
75,WEAgent3,FEMALE_YOUNG_LOW_INCOME,1188,1188.0,710,710.0
75,WEAgent4,FEMALE_YOUNG_HIGH_INCOME,51,51.0,0,0.0
75,WFAgent0,MALE_HIGH_INCOME,530,530.0,165,165.0
75,WFAgent1,MALE_YOUNG_HIGH_INCOME,310,310.0,0,0.0
75,WFAgent2,FEMALE_YOUNG_LOW_INCOME,396,396.0,0,0.0
75,WFAgent3,MALE_OLD_LOW_INCOME,718,718.0,718,718.0
75,WFAgent4,MALE_HIGH_INCOME,530,530.0,397,397.0
75,WFAgent5,OLD_LOW_INCOME,1678,1678.0,1112,665.0
76,WFAgent6,MALE_YOUNG,470,470.0,0,0.0
76,WFAgent7,FEMALE_OLD_LOW_INCOME,1440,1440.0,0,0.0
76,WFAgent8,FEMALE_OLD,1123,1123.0,994,994.0
76,WFAgent9,YOUNG_LOW_INCOME,1526,1526.0,1396,1396.0
76,WFAgent19,YOUNG_LOW_INCOME,2289,2289.0,1399,1399.0
76,WFAgent18,YOUNG_LOW_INCOME,763,763.0,599,599.0
76,WFAgent17,YOUNG_HIGH_INCOME,309,309.0,254,0.0
76,WFAgent16,FEMALE_YOUNG_LOW_INCOME,396,396.0,396,396.0
76,WFAgent15,MALE_YOUNG_HIGH_INCOME,103,103.0,540,0.0
76,WFAgent14,YOUNG_LOW_INCOME,763,763.0,0,0.0
76,WFAgent13,OLD_LOW_INCOME,1678,1678.0,0,0.0
76,WFAgent12,OLD_HIGH_INCOME,486,486.0,0,0.0
76,WFAgent11,MALE_HIGH_INCOME,265,265.0,855,0.0
76,WEAgent7,FEMALE_OLD_LOW_INCOME,960,960.0,0,0.0
76,WFAgent10,MALE_OLD,520,520.0,520,520.0
76,WEAgent1,MALE_OLD_HIGH_INCOME,323,323.0,0,0.0
76,WEAgent2,FEMALE_OLD_HIGH_INCOME,162,162.0,0,0.0
76,WEAgent0,OLD_LOW_INCOME,2517,2517.0,2039,1264.0
76,WEAgent5,MALE_YOUNG,1411,1411.0,0,0.0
76,WEAgent6,FEMALE_OLD,1684,1684.0,1008,1008.0
76,WEAgent3,MALE_LOW_INCOME,1452,1452.0,0,0.0
76,WEAgent4,MALE_OLD_LOW_INCOME,718,718.0,0,0.0
76,WFAgent0,FEMALE_OLD_HIGH_INCOME,81,81.0,0,0.0
76,WFAgent1,MALE_YOUNG_LOW_INCOME,734,734.0,0,0.0
76,WFAgent2,FEMALE_OLD_LOW_INCOME,960,960.0,0,0.0
76,WFAgent3,FEMALE_YOUNG_LOW_INCOME,792,792.0,0,0.0
76,WFAgent4,MALE_OLD_HIGH_INCOME,484,484.0,0,0.0
76,WFAgent5,MALE_OLD_LOW_INCOME,718,718.0,0,0.0
77,WFAgent6,FEMALE_OLD_HIGH_INCOME,162,162.0,0,0.0
77,WFAgent7,YOUNG_HIGH_INCOME,154,154.0,272,0.0
77,WFAgent8,FEMALE_YOUNG_LOW_INCOME,396,396.0,0,0.0
77,WFAgent9,FEMALE_YOUNG,1341,1341.0,0,0.0
77,WFAgent19,MALE_YOUNG_HIGH_INCOME,310,310.0,165,165.0
77,WFAgent18,FEMALE_YOUNG,894,894.0,0,0.0
77,WFAgent17,OLD_HIGH_INCOME,729,729.0,619,466.0
77,WFAgent16,FEMALE_YOUNG,1341,1341.0,0,0.0
77,WFAgent15,YOUNG_LOW_INCOME,2289,2289.0,0,0.0
77,WFAgent14,FEMALE_OLD_LOW_INCOME,480,480.0,480,480.0
77,WFAgent13,MALE_LOW_INCOME,2178,2178.0,0,0.0
77,WFAgent12,FEMALE_OLD,1684,1684.0,1094,1094.0
77,WFAgent11,MALE_YOUNG_HIGH_INCOME,206,206.0,187,187.0
77,WEAgent7,YOUNG_LOW_INCOME,2289,2289.0,3783,0.0
77,WFAgent10,OLD_LOW_INCOME,1678,1678.0,1072,753.0
77,WEAgent1,MALE_YOUNG_HIGH_INCOME,310,310.0,200,200.0
77,WEAgent2,FEMALE_YOUNG_LOW_INCOME,1188,1188.0,0,0.0
77,WEAgent0,MALE_YOUNG_LOW_INCOME,367,367.0,0,0.0
77,WEAgent5,MALE_OLD,1041,1041.0,1041,1041.0
77,WEAgent6,FEMALE_YOUNG_HIGH_INCOME,153,153.0,0,0.0
77,WEAgent3,FEMALE_YOUNG_HIGH_INCOME,153,153.0,0,0.0
77,WEAgent4,FEMALE_OLD,1684,1684.0,1087,1087.0
77,WFAgent0,MALE_HIGH_INCOME,530,530.0,0,0.0
77,WFAgent1,MALE_LOW_INCOME,2178,2178.0,0,0.0
77,WFAgent2,FEMALE_OLD_LOW_INCOME,1440,1440.0,0,0.0
77,WFAgent3,FEMALE_YOUNG_LOW_INCOME,396,396.0,0,0.0
77,WFAgent4,FEMALE_LOW_INCOME,1752,1752.0,0,0.0
77,WFAgent5,FEMALE_YOUNG,1341,1341.0,0,0.0
78,WFAgent6,OLD_LOW_INCOME,1678,1678.0,1642,1642.0
78,WFAgent7,YOUNG_LOW_INCOME,1526,1526.0,2792,937.0
78,WFAgent8,MALE_OLD_HIGH_INCOME,161,161.0,0,0.0
78,WFAgent9,YOUNG_LOW_INCOME,1526,1526.0,943,943.0
78,WFAgent19,OLD_LOW_INCOME,2517,2517.0,1583,1583.0
78,WFAgent18,MALE_YOUNG_LOW_INCOME,367,367.0,0,0.0
78,WFAgent17,MALE_YOUNG_HIGH_INCOME,103,103.0,0,0.0
78,WFAgent16,FEMALE_HIGH_INCOME,397,397.0,0,0.0
78,WFAgent15,MALE_OLD,520,520.0,520,520.0
78,WFAgent14,MALE_OLD_HIGH_INCOME,323,323.0,292,292.0
78,WFAgent13,FEMALE_LOW_INCOME,1752,1752.0,0,0.0
78,WFAgent12,FEMALE_YOUNG_LOW_INCOME,1188,1188.0,0,0.0
78,WFAgent11,FEMALE_OLD_HIGH_INCOME,162,162.0,162,162.0
78,WEAgent7,MALE_YOUNG,1411,1411.0,0,0.0
78,WFAgent10,MALE_HIGH_INCOME,530,530.0,793,290.0
78,WEAgent1,FEMALE_YOUNG_HIGH_INCOME,102,102.0,0,0.0
78,WEAgent2,MALE_OLD_LOW_INCOME,359,359.0,0,0.0
78,WEAgent0,MALE_OLD,520,520.0,0,0.0
78,WEAgent5,MALE_LOW_INCOME,2178,2178.0,0,0.0
78,WEAgent6,MALE_OLD_HIGH_INCOME,161,161.0,0,0.0
78,WEAgent3,FEMALE_OLD_HIGH_INCOME,81,81.0,0,0.0
78,WEAgent4,FEMALE_YOUNG,447,447.0,0,0.0
78,WFAgent0,FEMALE_YOUNG,894,894.0,0,0.0
78,WFAgent1,FEMALE_OLD,561,561.0,561,561.0
78,WFAgent2,OLD_HIGH_INCOME,486,486.0,425,419.0
78,WFAgent3,FEMALE_OLD_LOW_INCOME,960,960.0,0,0.0
78,WFAgent4,FEMALE_OLD_HIGH_INCOME,244,244.0,0,0.0
78,WFAgent5,FEMALE_YOUNG_HIGH_INCOME,153,153.0,287,0.0
79,WFAgent6,OLD_LOW_INCOME,2517,2517.0,0,0.0
79,WFAgent7,MALE_YOUNG_HIGH_INCOME,206,206.0,0,0.0
79,WFAgent8,MALE_YOUNG,941,941.0,941,941.0
79,WFAgent9,MALE_OLD_HIGH_INCOME,323,323.0,0,0.0
79,WFAgent19,FEMALE_LOW_INCOME,876,876.0,0,0.0
79,WFAgent18,MALE_LOW_INCOME,726,726.0,0,0.0
79,WFAgent17,MALE_YOUNG,1411,1411.0,0,0.0
79,WFAgent16,FEMALE_YOUNG,447,447.0,149,149.0
79,WFAgent15,FEMALE_YOUNG_LOW_INCOME,1188,1188.0,0,0.0
79,WFAgent14,FEMALE_HIGH_INCOME,397,397.0,349,349.0
79,WFAgent13,YOUNG_HIGH_INCOME,154,154.0,0,0.0
79,WFAgent12,OLD_HIGH_INCOME,243,243.0,213,213.0
79,WFAgent11,MALE_YOUNG_LOW_INCOME,734,734.0,761,647.0
79,WEAgent7,OLD_LOW_INCOME,2517,2517.0,3795,0.0
79,WFAgent10,MALE_YOUNG_LOW_INCOME,734,734.0,0,0.0
79,WEAgent1,FEMALE_YOUNG_LOW_INCOME,396,396.0,1985,0.0
79,WEAgent2,MALE_OLD,1561,1561.0,0,0.0
79,WEAgent0,FEMALE_LOW_INCOME,876,876.0,0,0.0
79,WEAgent5,MALE_YOUNG_HIGH_INCOME,103,103.0,0,0.0
79,WEAgent6,MALE_LOW_INCOME,726,726.0,0,0.0
79,WEAgent3,MALE_YOUNG_LOW_INCOME,1101,1101.0,0,0.0
79,WEAgent4,FEMALE_HIGH_INCOME,132,132.0,0,0.0
79,WFAgent0,MALE_HIGH_INCOME,530,530.0,1081,242.0
79,WFAgent1,MALE_OLD_LOW_INCOME,359,359.0,359,358.99999999999994
79,WFAgent2,MALE_HIGH_INCOME,795,795.0,0,0.0
79,WFAgent3,FEMALE_LOW_INCOME,1752,1752.0,0,0.0
79,WFAgent4,MALE_YOUNG,941,941.0,0,0.0
79,WFAgent5,MALE_YOUNG_LOW_INCOME,367,367.0,367,367.0
80,WFAgent6,MALE_OLD_LOW_INCOME,1077,1077.0,0,0.0
80,WFAgent7,MALE_YOUNG_HIGH_INCOME,206,206.0,206,206.0
80,WFAgent8,MALE_OLD_LOW_INCOME,1077,1077.0,889,889.0
80,WFAgent9,FEMALE_OLD_HIGH_INCOME,162,162.0,0,0.0
80,WFAgent19,OLD_LOW_INCOME,2517,2517.0,0,0.0
80,WFAgent18,YOUNG_LOW_INCOME,1526,1526.0,0,0.0
80,WFAgent17,MALE_YOUNG_LOW_INCOME,1101,1101.0,0,0.0
80,WFAgent16,YOUNG_LOW_INCOME,1526,1526.0,1814,0.0
80,WFAgent15,FEMALE_HIGH_INCOME,397,397.0,543,140.0
80,WFAgent14,FEMALE_YOUNG_HIGH_INCOME,153,153.0,132,132.0
80,WFAgent13,MALE_OLD_LOW_INCOME,359,359.0,0,0.0
80,WFAgent12,FEMALE_YOUNG,1341,1341.0,0,0.0
80,WFAgent11,MALE_LOW_INCOME,2178,2178.0,0,0.0
80,WEAgent7,FEMALE_YOUNG_HIGH_INCOME,102,102.0,0,0.0
80,WFAgent10,FEMALE_YOUNG,894,894.0,2003,0.0
80,WEAgent1,FEMALE_HIGH_INCOME,132,132.0,0,0.0
80,WEAgent2,FEMALE_OLD_LOW_INCOME,480,480.0,480,480.0
80,WEAgent0,YOUNG_HIGH_INCOME,463,463.0,280,228.0
80,WEAgent5,FEMALE_OLD_LOW_INCOME,960,960.0,960,960.0
80,WEAgent6,FEMALE_YOUNG_HIGH_INCOME,102,102.0,0,0.0
80,WEAgent3,MALE_OLD,1041,1041.0,0,0.0
80,WEAgent4,OLD_LOW_INCOME,2517,2517.0,1880,1821.0
80,WFAgent0,MALE_YOUNG,1411,1411.0,0,0.0
80,WFAgent1,FEMALE_YOUNG_HIGH_INCOME,51,51.0,0,0.0
80,WFAgent2,FEMALE_YOUNG,447,447.0,0,0.0
80,WFAgent3,YOUNG_HIGH_INCOME,309,309.0,0,0.0
80,WFAgent4,FEMALE_YOUNG,1341,1341.0,0,0.0
80,WFAgent5,MALE_OLD,520,520.0,813,0.0
81,WFAgent6,FEMALE_HIGH_INCOME,132,132.0,158,110.0
81,WFAgent7,FEMALE_HIGH_INCOME,132,132.0,0,0.0
81,WFAgent8,FEMALE_OLD_LOW_INCOME,960,960.0,0,0.0
81,WFAgent9,YOUNG_LOW_INCOME,763,763.0,0,0.0
81,WFAgent19,FEMALE_LOW_INCOME,1752,1752.0,472,472.0
81,WFAgent18,OLD_LOW_INCOME,2517,2517.0,0,0.0
81,WFAgent17,YOUNG_HIGH_INCOME,309,309.0,0,0.0
81,WFAgent16,YOUNG_LOW_INCOME,1526,1526.0,1224,1224.0
81,WFAgent15,FEMALE_YOUNG_HIGH_INCOME,102,102.0,102,102.0
81,WFAgent14,MALE_YOUNG_LOW_INCOME,367,367.0,367,367.0
81,WFAgent13,FEMALE_OLD_LOW_INCOME,960,960.0,0,0.0
81,WFAgent12,MALE_YOUNG_HIGH_INCOME,206,206.0,0,0.0
81,WFAgent11,MALE_YOUNG_LOW_INCOME,1101,1101.0,0,0.0
81,WEAgent7,FEMALE_YOUNG_HIGH_INCOME,102,102.0,0,0.0
81,WFAgent10,YOUNG_HIGH_INCOME,309,309.0,353,187.0
81,WEAgent1,FEMALE_YOUNG_LOW_INCOME,1188,1188.0,0,0.0
81,WEAgent2,OLD_LOW_INCOME,1678,1678.0,0,0.0
81,WEAgent0,YOUNG_HIGH_INCOME,154,154.0,154,154.0
81,WEAgent5,FEMALE_OLD,1123,1123.0,0,0.0
81,WEAgent6,MALE_LOW_INCOME,1452,1452.0,0,0.0
81,WEAgent3,OLD_HIGH_INCOME,729,729.0,1222,0.0
81,WEAgent4,FEMALE_LOW_INCOME,2628,2628.0,1901,1484.0
81,WFAgent0,FEMALE_LOW_INCOME,876,876.0,535,535.0
81,WFAgent1,MALE_YOUNG,941,941.0,767,767.0
81,WFAgent2,FEMALE_OLD_LOW_INCOME,960,960.0,960,960.0
81,WFAgent3,FEMALE_OLD,1123,1123.0,0,0.0
81,WFAgent4,FEMALE_OLD_LOW_INCOME,960,960.0,0,0.0
81,WFAgent5,FEMALE_OLD,1123,1123.0,0,0.0
82,WFAgent6,MALE_LOW_INCOME,726,726.0,0,0.0
82,WFAgent7,MALE_OLD,520,520.0,520,520.0
82,WFAgent8,MALE_OLD_HIGH_INCOME,323,323.0,0,0.0
82,WFAgent9,FEMALE_YOUNG_LOW_INCOME,792,792.0,0,0.0
82,WFAgent19,OLD_LOW_INCOME,839,839.0,653,653.0
82,WFAgent18,FEMALE_LOW_INCOME,876,876.0,0,0.0
82,WFAgent17,FEMALE_LOW_INCOME,2628,2628.0,2189,2189.0
82,WFAgent16,FEMALE_OLD_HIGH_INCOME,244,244.0,0,0.0
82,WFAgent15,MALE_OLD_HIGH_INCOME,484,484.0,0,0.0
82,WFAgent14,MALE_HIGH_INCOME,795,795.0,0,0.0
82,WFAgent13,FEMALE_YOUNG,447,447.0,0,0.0
82,WFAgent12,MALE_YOUNG_LOW_INCOME,367,367.0,367,367.0
82,WFAgent11,FEMALE_OLD_HIGH_INCOME,81,81.0,0,0.0
82,WEAgent7,FEMALE_YOUNG_HIGH_INCOME,153,153.0,0,0.0
82,WFAgent10,MALE_HIGH_INCOME,265,265.0,0,0.0
82,WEAgent1,FEMALE_HIGH_INCOME,132,132.0,319,95.0
82,WEAgent2,OLD_HIGH_INCOME,486,486.0,0,0.0
82,WEAgent0,YOUNG_LOW_INCOME,1526,1526.0,1447,345.0
82,WEAgent5,MALE_YOUNG_LOW_INCOME,1101,1101.0,0,0.0
82,WEAgent6,MALE_HIGH_INCOME,795,795.0,0,0.0
82,WEAgent3,MALE_YOUNG_LOW_INCOME,734,734.0,0,0.0
82,WEAgent4,FEMALE_YOUNG,1341,1341.0,0,0.0
82,WFAgent0,FEMALE_HIGH_INCOME,265,265.0,0,0.0
82,WFAgent1,MALE_OLD,1041,1041.0,1420,631.0
82,WFAgent2,YOUNG_LOW_INCOME,763,763.0,0,0.0
82,WFAgent3,MALE_OLD_HIGH_INCOME,484,484.0,0,0.0
82,WFAgent4,FEMALE_LOW_INCOME,2628,2628.0,2221,2221.0
82,WFAgent5,FEMALE_OLD_HIGH_INCOME,81,81.0,81,81.0
83,WFAgent6,FEMALE_YOUNG_HIGH_INCOME,51,51.0,0,0.0
83,WFAgent7,MALE_HIGH_INCOME,265,265.0,0,0.0
83,WFAgent8,MALE_OLD_HIGH_INCOME,161,161.0,161,161.0
83,WFAgent9,YOUNG_LOW_INCOME,763,763.0,763,763.0
83,WFAgent19,MALE_LOW_INCOME,1452,1452.0,0,0.0
83,WFAgent18,MALE_YOUNG_LOW_INCOME,734,734.0,0,0.0
83,WFAgent17,OLD_LOW_INCOME,2517,2517.0,0,0.0
83,WFAgent16,FEMALE_LOW_INCOME,2628,2628.0,3114,1345.0
83,WFAgent15,MALE_YOUNG,470,470.0,470,470.0
83,WFAgent14,FEMALE_OLD_HIGH_INCOME,81,81.0,0,0.0
83,WFAgent13,OLD_HIGH_INCOME,486,486.0,328,328.0
83,WFAgent12,YOUNG_LOW_INCOME,1526,1526.0,476,476.0
83,WFAgent11,FEMALE_OLD,561,561.0,561,561.0
83,WEAgent7,FEMALE_OLD_HIGH_INCOME,162,162.0,0,0.0
83,WFAgent10,OLD_HIGH_INCOME,486,486.0,376,376.0
83,WEAgent1,FEMALE_OLD_HIGH_INCOME,244,244.0,0,0.0
83,WEAgent2,FEMALE_YOUNG,894,894.0,0,0.0
83,WEAgent0,YOUNG_HIGH_INCOME,154,154.0,155,122.0
83,WEAgent5,OLD_LOW_INCOME,839,839.0,1839,0.0
83,WEAgent6,MALE_HIGH_INCOME,795,795.0,386,321.0
83,WEAgent3,FEMALE_HIGH_INCOME,397,397.0,0,0.0
83,WEAgent4,FEMALE_YOUNG_HIGH_INCOME,102,102.0,102,102.0
83,WFAgent0,MALE_YOUNG,470,470.0,470,470.0
83,WFAgent1,MALE_YOUNG_LOW_INCOME,734,734.0,499,499.0
83,WFAgent2,YOUNG_HIGH_INCOME,154,154.0,154,154.0
83,WFAgent3,MALE_OLD_HIGH_INCOME,484,484.0,146,146.0
83,WFAgent4,YOUNG_HIGH_INCOME,309,309.0,0,0.0
83,WFAgent5,OLD_HIGH_INCOME,243,243.0,0,0.0
84,WFAgent6,FEMALE_HIGH_INCOME,132,132.0,0,0.0
84,WFAgent7,MALE_OLD_LOW_INCOME,718,718.0,0,0.0
84,WFAgent8,YOUNG_LOW_INCOME,763,763.0,0,0.0
84,WFAgent9,YOUNG_LOW_INCOME,2289,2289.0,2225,982.0
84,WFAgent19,MALE_HIGH_INCOME,265,265.0,265,265.0
84,WFAgent18,MALE_LOW_INCOME,2178,2178.0,1464,1464.0
84,WFAgent17,FEMALE_OLD_LOW_INCOME,1440,1440.0,0,0.0
84,WFAgent16,FEMALE_HIGH_INCOME,397,397.0,400,123.0
84,WFAgent15,FEMALE_YOUNG_LOW_INCOME,396,396.0,0,0.0
84,WFAgent14,MALE_OLD,520,520.0,0,0.0
84,WFAgent13,FEMALE_OLD_HIGH_INCOME,162,162.0,129,129.0
84,WFAgent12,OLD_LOW_INCOME,1678,1678.0,0,0.0
84,WFAgent11,MALE_YOUNG,1411,1411.0,637,637.0
84,WEAgent7,MALE_OLD_LOW_INCOME,718,718.0,0,0.0
84,WFAgent10,FEMALE_YOUNG_LOW_INCOME,396,396.0,396,396.0
84,WEAgent1,OLD_LOW_INCOME,2517,2517.0,2090,2090.0
84,WEAgent2,OLD_HIGH_INCOME,243,243.0,138,138.0
84,WEAgent0,MALE_YOUNG_LOW_INCOME,734,734.0,0,0.0
84,WEAgent5,FEMALE_OLD_HIGH_INCOME,162,162.0,0,0.0
84,WEAgent6,FEMALE_YOUNG_HIGH_INCOME,102,102.0,0,0.0
84,WEAgent3,MALE_OLD_LOW_INCOME,359,359.0,0,0.0
84,WEAgent4,MALE_YOUNG_HIGH_INCOME,206,206.0,0,0.0
84,WFAgent0,MALE_HIGH_INCOME,530,530.0,0,0.0
84,WFAgent1,FEMALE_YOUNG_LOW_INCOME,792,792.0,0,0.0
84,WFAgent2,FEMALE_LOW_INCOME,876,876.0,0,0.0
84,WFAgent3,MALE_HIGH_INCOME,530,530.0,1087,254.0
84,WFAgent4,MALE_OLD,1041,1041.0,0,0.0
84,WFAgent5,FEMALE_OLD_LOW_INCOME,1440,1440.0,1169,1169.0
85,WFAgent6,FEMALE_LOW_INCOME,876,876.0,0,0.0
85,WFAgent7,FEMALE_OLD_HIGH_INCOME,244,244.0,0,0.0
85,WFAgent8,MALE_YOUNG_HIGH_INCOME,206,206.0,206,206.0
85,WFAgent9,FEMALE_OLD,1684,1684.0,1487,1487.0
85,WFAgent19,YOUNG_HIGH_INCOME,309,309.0,0,0.0
85,WFAgent18,YOUNG_HIGH_INCOME,463,463.0,545,176.0
85,WFAgent17,MALE_YOUNG,1411,1411.0,0,0.0
85,WFAgent16,FEMALE_YOUNG_HIGH_INCOME,102,102.0,0,0.0
85,WFAgent15,OLD_LOW_INCOME,839,839.0,0,0.0
85,WFAgent14,FEMALE_LOW_INCOME,2628,2628.0,0,0.0
85,WFAgent13,OLD_LOW_INCOME,1678,1678.0,0,0.0
85,WFAgent12,MALE_YOUNG,1411,1411.0,0,0.0
85,WFAgent11,MALE_OLD,1561,1561.0,0,0.0
85,WEAgent7,FEMALE_HIGH_INCOME,265,265.0,0,0.0
85,WFAgent10,FEMALE_YOUNG,447,447.0,0,0.0
85,WEAgent1,MALE_LOW_INCOME,2178,2178.0,2713,945.0
85,WEAgent2,FEMALE_LOW_INCOME,1752,1752.0,1142,1142.0
85,WEAgent0,FEMALE_OLD,1123,1123.0,0,0.0
85,WEAgent5,OLD_HIGH_INCOME,243,243.0,243,243.0
85,WEAgent6,MALE_LOW_INCOME,1452,1452.0,871,871.0
85,WEAgent3,MALE_OLD,1561,1561.0,0,0.0
85,WEAgent4,MALE_YOUNG_LOW_INCOME,367,367.0,0,0.0
85,WFAgent0,FEMALE_YOUNG_LOW_INCOME,792,792.0,0,0.0
85,WFAgent1,OLD_LOW_INCOME,839,839.0,0,0.0
85,WFAgent2,FEMALE_OLD,561,561.0,0,0.0
85,WFAgent3,FEMALE_OLD,1123,1123.0,0,0.0
85,WFAgent4,FEMALE_LOW_INCOME,1752,1752.0,0,0.0
85,WFAgent5,OLD_HIGH_INCOME,729,729.0,791,487.0
86,WFAgent6,MALE_OLD_LOW_INCOME,1077,1077.0,0,0.0
86,WFAgent7,MALE_YOUNG_LOW_INCOME,1101,1101.0,0,0.0
86,WFAgent8,MALE_YOUNG,470,470.0,470,470.0
86,WFAgent9,FEMALE_OLD,1684,1684.0,0,0.0
86,WFAgent19,FEMALE_LOW_INCOME,2628,2628.0,0,0.0
86,WFAgent18,FEMALE_YOUNG_LOW_INCOME,792,792.0,0,0.0
86,WFAgent17,YOUNG_HIGH_INCOME,309,309.0,522,137.0
86,WFAgent16,MALE_OLD,1561,1561.0,632,632.0
86,WFAgent15,YOUNG_LOW_INCOME,2289,2289.0,0,0.0
86,WFAgent14,FEMALE_LOW_INCOME,1752,1752.0,0,0.0
86,WFAgent13,MALE_YOUNG_LOW_INCOME,1101,1101.0,572,572.0
86,WFAgent12,FEMALE_YOUNG,894,894.0,0,0.0
86,WFAgent11,FEMALE_OLD,1684,1684.0,0,0.0
86,WEAgent7,FEMALE_YOUNG,894,894.0,0,0.0
86,WFAgent10,MALE_YOUNG_LOW_INCOME,367,367.0,0,0.0
86,WEAgent1,MALE_LOW_INCOME,726,726.0,559,559.0
86,WEAgent2,YOUNG_HIGH_INCOME,154,154.0,0,0.0
86,WEAgent0,MALE_OLD,1561,1561.0,999,999.0
86,WEAgent5,MALE_OLD,1561,1561.0,1029,1029.0
86,WEAgent6,YOUNG_LOW_INCOME,763,763.0,0,0.0
86,WEAgent3,MALE_OLD_HIGH_INCOME,323,323.0,0,0.0
86,WEAgent4,OLD_HIGH_INCOME,729,729.0,0,0.0
86,WFAgent0,MALE_OLD_LOW_INCOME,359,359.0,0,0.0
86,WFAgent1,MALE_YOUNG_LOW_INCOME,1101,1101.0,0,0.0
86,WFAgent2,MALE_OLD_LOW_INCOME,1077,1077.0,0,0.0
86,WFAgent3,FEMALE_YOUNG_HIGH_INCOME,153,153.0,0,0.0
86,WFAgent4,MALE_YOUNG,470,470.0,470,470.0
86,WFAgent5,FEMALE_LOW_INCOME,1752,1752.0,1980,0.0
87,WFAgent6,FEMALE_HIGH_INCOME,132,132.0,0,0.0
87,WFAgent7,MALE_OLD_HIGH_INCOME,161,161.0,0,0.0
87,WFAgent8,FEMALE_OLD,1684,1684.0,0,0.0
87,WFAgent9,MALE_OLD,1561,1561.0,0,0.0
87,WFAgent19,MALE_YOUNG,470,470.0,0,0.0
87,WFAgent18,MALE_OLD,1041,1041.0,885,885.0
87,WFAgent17,YOUNG_HIGH_INCOME,463,463.0,430,194.0
87,WFAgent16,MALE_LOW_INCOME,1452,1452.0,0,0.0
87,WFAgent15,MALE_OLD_HIGH_INCOME,161,161.0,0,0.0
87,WFAgent14,FEMALE_HIGH_INCOME,132,132.0,0,0.0
87,WFAgent13,FEMALE_YOUNG_HIGH_INCOME,153,153.0,0,0.0
87,WFAgent12,FEMALE_OLD_HIGH_INCOME,81,81.0,385,0.0
87,WFAgent11,MALE_YOUNG_HIGH_INCOME,103,103.0,103,103.0
87,WEAgent7,FEMALE_OLD,561,561.0,0,0.0
87,WFAgent10,OLD_HIGH_INCOME,486,486.0,0,0.0
87,WEAgent1,MALE_YOUNG_HIGH_INCOME,206,206.0,0,0.0
87,WEAgent2,MALE_OLD_HIGH_INCOME,161,161.0,0,0.0
87,WEAgent0,MALE_YOUNG_LOW_INCOME,367,367.0,0,0.0
87,WEAgent5,MALE_HIGH_INCOME,795,795.0,638,638.0
87,WEAgent6,MALE_OLD,1561,1561.0,0,0.0
87,WEAgent3,MALE_LOW_INCOME,2178,2178.0,2761,891.0
87,WEAgent4,MALE_OLD,520,520.0,414,414.0
87,WFAgent0,FEMALE_OLD,1123,1123.0,2407,0.0
87,WFAgent1,MALE_HIGH_INCOME,795,795.0,0,0.0
87,WFAgent2,FEMALE_HIGH_INCOME,397,397.0,0,0.0
87,WFAgent3,MALE_LOW_INCOME,726,726.0,0,0.0
87,WFAgent4,YOUNG_LOW_INCOME,1526,1526.0,1977,0.0
87,WFAgent5,FEMALE_YOUNG,894,894.0,0,0.0
88,WFAgent6,MALE_YOUNG_LOW_INCOME,734,734.0,0,0.0
88,WFAgent7,FEMALE_YOUNG,1341,1341.0,0,0.0
88,WFAgent8,MALE_OLD_HIGH_INCOME,484,484.0,0,0.0
88,WFAgent9,FEMALE_OLD_LOW_INCOME,960,960.0,0,0.0
88,WFAgent19,YOUNG_LOW_INCOME,1526,1526.0,0,0.0
88,WFAgent18,MALE_YOUNG_HIGH_INCOME,103,103.0,103,102.99999999999999
88,WFAgent17,FEMALE_YOUNG_HIGH_INCOME,102,102.0,262,0.0
88,WFAgent16,MALE_OLD,1041,1041.0,0,0.0
88,WFAgent15,MALE_YOUNG_LOW_INCOME,367,367.0,0,0.0
88,WFAgent14,OLD_HIGH_INCOME,243,243.0,815,0.0
88,WFAgent13,FEMALE_OLD,1123,1123.0,0,0.0
88,WFAgent12,FEMALE_YOUNG,894,894.0,0,0.0
88,WFAgent11,OLD_LOW_INCOME,1678,1678.0,0,0.0
88,WEAgent7,MALE_YOUNG_HIGH_INCOME,310,310.0,214,213.99999999999997
88,WFAgent10,OLD_HIGH_INCOME,729,729.0,0,0.0
88,WEAgent1,MALE_OLD,520,520.0,0,0.0
88,WEAgent2,FEMALE_YOUNG_LOW_INCOME,396,396.0,1942,0.0
88,WEAgent0,OLD_LOW_INCOME,2517,2517.0,4244,2456.0
88,WEAgent5,MALE_OLD_LOW_INCOME,1077,1077.0,0,0.0
88,WEAgent6,OLD_LOW_INCOME,839,839.0,0,0.0
88,WEAgent3,OLD_HIGH_INCOME,243,243.0,0,0.0
88,WEAgent4,MALE_YOUNG,470,470.0,2002,201.99999999999997
88,WFAgent0,FEMALE_OLD_LOW_INCOME,960,960.0,0,0.0
88,WFAgent1,FEMALE_LOW_INCOME,1752,1752.0,0,0.0
88,WFAgent2,MALE_YOUNG_LOW_INCOME,1101,1101.0,0,0.0
88,WFAgent3,MALE_YOUNG_LOW_INCOME,1101,1101.0,0,0.0
88,WFAgent4,FEMALE_YOUNG_LOW_INCOME,1188,1188.0,0,0.0
88,WFAgent5,FEMALE_LOW_INCOME,876,876.0,0,0.0
89,WFAgent6,MALE_YOUNG_HIGH_INCOME,103,103.0,103,103.0
89,WFAgent7,YOUNG_LOW_INCOME,2289,2289.0,2371,375.0
89,WFAgent8,MALE_LOW_INCOME,1452,1452.0,2128,336.0
89,WFAgent9,MALE_OLD_HIGH_INCOME,484,484.0,0,0.0
89,WFAgent19,FEMALE_OLD_LOW_INCOME,960,960.0,1997,471.0
89,WFAgent18,FEMALE_YOUNG_LOW_INCOME,1188,1188.0,0,0.0
89,WFAgent17,YOUNG_HIGH_INCOME,309,309.0,0,0.0
89,WFAgent16,MALE_LOW_INCOME,726,726.0,370,370.0
89,WFAgent15,MALE_YOUNG_HIGH_INCOME,206,206.0,206,206.0
89,WFAgent14,MALE_YOUNG,470,470.0,392,392.0
89,WFAgent13,FEMALE_YOUNG_LOW_INCOME,792,792.0,0,0.0
89,WFAgent12,OLD_HIGH_INCOME,243,243.0,749,0.0
89,WFAgent11,FEMALE_LOW_INCOME,2628,2628.0,0,0.0
89,WEAgent7,MALE_YOUNG_HIGH_INCOME,206,206.0,0,0.0
89,WFAgent10,MALE_OLD_LOW_INCOME,1077,1077.0,0,0.0
89,WEAgent1,YOUNG_HIGH_INCOME,154,154.0,0,0.0
89,WEAgent2,MALE_OLD_LOW_INCOME,1077,1077.0,0,0.0
89,WEAgent0,MALE_OLD_HIGH_INCOME,323,323.0,0,0.0
89,WEAgent5,MALE_HIGH_INCOME,265,265.0,201,199.0
89,WEAgent6,MALE_YOUNG_LOW_INCOME,1101,1101.0,384,384.0
89,WEAgent3,YOUNG_LOW_INCOME,2289,2289.0,0,0.0
89,WEAgent4,MALE_OLD_LOW_INCOME,718,718.0,0,0.0
89,WFAgent0,FEMALE_OLD_LOW_INCOME,1440,1440.0,0,0.0
89,WFAgent1,MALE_OLD,1561,1561.0,0,0.0
89,WFAgent2,FEMALE_OLD_HIGH_INCOME,162,162.0,314,69.0
89,WFAgent3,FEMALE_OLD,561,561.0,561,561.0
89,WFAgent4,FEMALE_YOUNG_LOW_INCOME,792,792.0,0,0.0
89,WFAgent5,YOUNG_LOW_INCOME,763,763.0,0,0.0
90,WFAgent6,YOUNG_HIGH_INCOME,463,463.0,0,0.0
90,WFAgent7,MALE_YOUNG,1411,1411.0,1550,390.0
90,WFAgent8,YOUNG_HIGH_INCOME,154,154.0,0,0.0
90,WFAgent9,MALE_YOUNG_LOW_INCOME,367,367.0,0,0.0
90,WFAgent19,YOUNG_HIGH_INCOME,309,309.0,0,0.0
90,WFAgent18,MALE_HIGH_INCOME,265,265.0,0,0.0
90,WFAgent17,MALE_HIGH_INCOME,795,795.0,617,506.0
90,WFAgent16,FEMALE_OLD_LOW_INCOME,480,480.0,0,0.0
90,WFAgent15,FEMALE_LOW_INCOME,2628,2628.0,0,0.0
90,WFAgent14,FEMALE_OLD,1684,1684.0,1593,936.0
90,WFAgent13,MALE_YOUNG_HIGH_INCOME,206,206.0,0,0.0
90,WFAgent12,FEMALE_YOUNG_HIGH_INCOME,51,51.0,0,0.0
90,WFAgent11,MALE_YOUNG_HIGH_INCOME,206,206.0,206,206.0
90,WEAgent7,MALE_YOUNG,941,941.0,0,0.0
90,WFAgent10,MALE_OLD_HIGH_INCOME,323,323.0,0,0.0
90,WEAgent1,FEMALE_YOUNG,894,894.0,0,0.0
90,WEAgent2,FEMALE_OLD_HIGH_INCOME,81,81.0,0,0.0
90,WEAgent0,FEMALE_OLD_HIGH_INCOME,81,81.0,0,0.0
90,WEAgent5,FEMALE_YOUNG,894,894.0,0,0.0
90,WEAgent6,MALE_OLD_HIGH_INCOME,323,323.0,323,323.0
90,WEAgent3,MALE_YOUNG_LOW_INCOME,734,734.0,0,0.0
90,WEAgent4,OLD_LOW_INCOME,1678,1678.0,1703,1678.0
90,WFAgent0,YOUNG_LOW_INCOME,1526,1526.0,0,0.0
90,WFAgent1,FEMALE_HIGH_INCOME,132,132.0,192,0.0
90,WFAgent2,MALE_OLD_LOW_INCOME,718,718.0,718,718.0
90,WFAgent3,MALE_YOUNG,1411,1411.0,0,0.0
90,WFAgent4,MALE_YOUNG_LOW_INCOME,367,367.0,367,367.0
90,WFAgent5,MALE_OLD_HIGH_INCOME,161,161.0,161,161.0
91,WFAgent6,FEMALE_YOUNG_LOW_INCOME,396,396.0,0,0.0
91,WFAgent7,YOUNG_LOW_INCOME,2289,2289.0,0,0.0
91,WFAgent8,MALE_YOUNG,470,470.0,0,0.0
91,WFAgent9,MALE_OLD_HIGH_INCOME,161,161.0,376,0.0
91,WFAgent19,FEMALE_HIGH_INCOME,132,132.0,0,0.0
91,WFAgent18,MALE_YOUNG,470,470.0,470,470.0
91,WFAgent17,YOUNG_HIGH_INCOME,309,309.0,0,0.0
91,WFAgent16,FEMALE_LOW_INCOME,1752,1752.0,2279,0.0
91,WFAgent15,MALE_HIGH_INCOME,530,530.0,0,0.0
91,WFAgent14,YOUNG_HIGH_INCOME,463,463.0,0,0.0
91,WFAgent13,MALE_YOUNG_LOW_INCOME,734,734.0,1438,518.0
91,WFAgent12,YOUNG_HIGH_INCOME,463,463.0,0,0.0
91,WFAgent11,FEMALE_YOUNG_HIGH_INCOME,102,102.0,0,0.0
91,WEAgent7,MALE_OLD_LOW_INCOME,1077,1077.0,0,0.0
91,WFAgent10,MALE_OLD_LOW_INCOME,718,718.0,0,0.0
91,WEAgent1,OLD_HIGH_INCOME,243,243.0,335,243.0
91,WEAgent2,MALE_YOUNG_HIGH_INCOME,206,206.0,0,0.0
91,WEAgent0,MALE_OLD_HIGH_INCOME,161,161.0,0,0.0
91,WEAgent5,FEMALE_HIGH_INCOME,265,265.0,186,186.0
91,WEAgent6,MALE_LOW_INCOME,2178,2178.0,0,0.0
91,WEAgent3,FEMALE_YOUNG_LOW_INCOME,792,792.0,0,0.0
91,WEAgent4,FEMALE_YOUNG_LOW_INCOME,1188,1188.0,0,0.0
91,WFAgent0,FEMALE_HIGH_INCOME,397,397.0,162,162.0
91,WFAgent1,YOUNG_HIGH_INCOME,154,154.0,0,0.0
91,WFAgent2,FEMALE_YOUNG,1341,1341.0,0,0.0
91,WFAgent3,MALE_HIGH_INCOME,265,265.0,265,265.0
91,WFAgent4,MALE_LOW_INCOME,1452,1452.0,0,0.0
91,WFAgent5,MALE_HIGH_INCOME,265,265.0,438,116.0
92,WFAgent6,FEMALE_YOUNG_LOW_INCOME,792,792.0,0,0.0
92,WFAgent7,FEMALE_OLD,1123,1123.0,726,561.0
92,WFAgent8,FEMALE_OLD,561,561.0,0,0.0
92,WFAgent9,MALE_YOUNG_LOW_INCOME,1101,1101.0,0,0.0
92,WFAgent19,FEMALE_LOW_INCOME,1752,1752.0,0,0.0
92,WFAgent18,MALE_HIGH_INCOME,265,265.0,0,0.0
92,WFAgent17,FEMALE_OLD,561,561.0,923,561.0
92,WFAgent16,OLD_LOW_INCOME,839,839.0,1841,0.0
92,WFAgent15,OLD_HIGH_INCOME,729,729.0,0,0.0
92,WFAgent14,MALE_LOW_INCOME,2178,2178.0,0,0.0
92,WFAgent13,MALE_YOUNG_LOW_INCOME,1101,1101.0,0,0.0
92,WFAgent12,FEMALE_HIGH_INCOME,132,132.0,0,0.0
92,WFAgent11,MALE_HIGH_INCOME,795,795.0,1356,0.0
92,WEAgent7,FEMALE_OLD_HIGH_INCOME,162,162.0,0,0.0
92,WFAgent10,MALE_YOUNG_HIGH_INCOME,103,103.0,0,0.0
92,WEAgent1,MALE_YOUNG_HIGH_INCOME,310,310.0,0,0.0
92,WEAgent2,FEMALE_OLD,561,561.0,561,561.0
92,WEAgent0,FEMALE_HIGH_INCOME,397,397.0,0,0.0
92,WEAgent5,FEMALE_OLD,561,561.0,561,561.0
92,WEAgent6,MALE_OLD_LOW_INCOME,718,718.0,0,0.0
92,WEAgent3,FEMALE_OLD_HIGH_INCOME,81,81.0,0,0.0
92,WEAgent4,OLD_HIGH_INCOME,486,486.0,0,0.0
92,WFAgent0,FEMALE_YOUNG,894,894.0,2262,0.0
92,WFAgent1,FEMALE_HIGH_INCOME,265,265.0,0,0.0
92,WFAgent2,FEMALE_YOUNG_LOW_INCOME,1188,1188.0,0,0.0
92,WFAgent3,MALE_LOW_INCOME,2178,2178.0,0,0.0
92,WFAgent4,MALE_HIGH_INCOME,530,530.0,0,0.0
92,WFAgent5,MALE_OLD_HIGH_INCOME,484,484.0,0,0.0
93,WFAgent6,YOUNG_HIGH_INCOME,463,463.0,206,152.0
93,WFAgent7,FEMALE_HIGH_INCOME,132,132.0,0,0.0
93,WFAgent8,MALE_OLD_LOW_INCOME,718,718.0,1318,542.0
93,WFAgent9,OLD_LOW_INCOME,2517,2517.0,0,0.0
93,WFAgent19,FEMALE_YOUNG_LOW_INCOME,396,396.0,1982,0.0
93,WFAgent18,MALE_LOW_INCOME,1452,1452.0,0,0.0
93,WFAgent17,FEMALE_YOUNG_HIGH_INCOME,153,153.0,0,0.0
93,WFAgent16,MALE_OLD_HIGH_INCOME,323,323.0,0,0.0
93,WFAgent15,MALE_OLD,520,520.0,520,520.0
93,WFAgent14,MALE_OLD_HIGH_INCOME,161,161.0,0,0.0
93,WFAgent13,MALE_OLD,520,520.0,0,0.0
93,WFAgent12,FEMALE_OLD,1123,1123.0,1190,807.0
93,WFAgent11,FEMALE_OLD_LOW_INCOME,960,960.0,0,0.0
93,WEAgent7,OLD_HIGH_INCOME,486,486.0,0,0.0
93,WFAgent10,MALE_OLD_HIGH_INCOME,161,161.0,161,160.99999999999997
93,WEAgent1,YOUNG_HIGH_INCOME,154,154.0,154,154.0
93,WEAgent2,FEMALE_HIGH_INCOME,132,132.0,0,0.0
93,WEAgent0,MALE_OLD_HIGH_INCOME,484,484.0,0,0.0
93,WEAgent5,MALE_YOUNG_LOW_INCOME,367,367.0,1809,0.0
93,WEAgent6,YOUNG_HIGH_INCOME,154,154.0,154,154.0
93,WEAgent3,OLD_HIGH_INCOME,729,729.0,628,0.0
93,WEAgent4,MALE_YOUNG,1411,1411.0,0,0.0
93,WFAgent0,FEMALE_HIGH_INCOME,397,397.0,0,0.0
93,WFAgent1,FEMALE_OLD,1684,1684.0,803,803.0
93,WFAgent2,OLD_LOW_INCOME,839,839.0,807,807.0
93,WFAgent3,FEMALE_YOUNG_HIGH_INCOME,153,153.0,0,0.0
93,WFAgent4,MALE_OLD_HIGH_INCOME,161,161.0,0,0.0
93,WFAgent5,FEMALE_YOUNG_HIGH_INCOME,153,153.0,0,0.0
94,WFAgent6,YOUNG_LOW_INCOME,2289,2289.0,0,0.0
94,WFAgent7,YOUNG_HIGH_INCOME,154,154.0,154,154.0
94,WFAgent8,MALE_LOW_INCOME,2178,2178.0,0,0.0
94,WFAgent9,FEMALE_YOUNG,894,894.0,1554,480.0
94,WFAgent19,FEMALE_YOUNG,447,447.0,447,447.0
94,WFAgent18,FEMALE_HIGH_INCOME,397,397.0,0,0.0
94,WFAgent17,OLD_LOW_INCOME,2517,2517.0,0,0.0
94,WFAgent16,FEMALE_OLD_HIGH_INCOME,162,162.0,240,145.0
94,WFAgent15,MALE_OLD,1041,1041.0,1747,0.0
94,WFAgent14,MALE_LOW_INCOME,726,726.0,675,675.0
94,WFAgent13,YOUNG_HIGH_INCOME,309,309.0,414,172.0
94,WFAgent12,FEMALE_OLD,1123,1123.0,0,0.0
94,WFAgent11,FEMALE_LOW_INCOME,1752,1752.0,0,0.0
94,WEAgent7,FEMALE_LOW_INCOME,876,876.0,0,0.0
94,WFAgent10,FEMALE_LOW_INCOME,2628,2628.0,0,0.0
94,WEAgent1,OLD_LOW_INCOME,1678,1678.0,0,0.0
94,WEAgent2,OLD_LOW_INCOME,1678,1678.0,0,0.0
94,WEAgent0,MALE_YOUNG_HIGH_INCOME,103,103.0,0,0.0
94,WEAgent5,MALE_OLD_LOW_INCOME,1077,1077.0,0,0.0
94,WEAgent6,MALE_OLD_LOW_INCOME,359,359.0,0,0.0
94,WEAgent3,FEMALE_OLD_HIGH_INCOME,162,162.0,162,162.0
94,WEAgent4,MALE_YOUNG,941,941.0,870,870.0
94,WFAgent0,FEMALE_YOUNG_HIGH_INCOME,51,51.0,0,0.0
94,WFAgent1,MALE_OLD,520,520.0,825,0.0
94,WFAgent2,MALE_YOUNG,470,470.0,470,470.0
94,WFAgent3,FEMALE_OLD_LOW_INCOME,1440,1440.0,0,0.0
94,WFAgent4,FEMALE_YOUNG_LOW_INCOME,396,396.0,0,0.0
94,WFAgent5,MALE_OLD_LOW_INCOME,359,359.0,0,0.0
95,WFAgent6,FEMALE_LOW_INCOME,1752,1752.0,2730,790.0
95,WFAgent7,MALE_HIGH_INCOME,530,530.0,467,467.0
95,WFAgent8,MALE_OLD_LOW_INCOME,359,359.0,0,0.0
95,WFAgent9,MALE_HIGH_INCOME,530,530.0,455,455.0
95,WFAgent19,YOUNG_HIGH_INCOME,154,154.0,256,0.0
95,WFAgent18,MALE_HIGH_INCOME,265,265.0,0,0.0
95,WFAgent17,YOUNG_LOW_INCOME,1526,1526.0,0,0.0
95,WFAgent16,MALE_YOUNG_HIGH_INCOME,206,206.0,0,0.0
95,WFAgent15,MALE_OLD_LOW_INCOME,718,718.0,0,0.0
95,WFAgent14,MALE_HIGH_INCOME,265,265.0,265,265.0
95,WFAgent13,MALE_YOUNG_LOW_INCOME,734,734.0,1011,515.0
95,WFAgent12,FEMALE_YOUNG_LOW_INCOME,1188,1188.0,0,0.0
95,WFAgent11,FEMALE_YOUNG,1341,1341.0,0,0.0
95,WEAgent7,MALE_YOUNG,470,470.0,150,150.0
95,WFAgent10,FEMALE_OLD_HIGH_INCOME,244,244.0,0,0.0
95,WEAgent1,OLD_LOW_INCOME,839,839.0,1040,839.0
95,WEAgent2,FEMALE_OLD,561,561.0,0,0.0
95,WEAgent0,FEMALE_LOW_INCOME,876,876.0,0,0.0
95,WEAgent5,FEMALE_OLD,1123,1123.0,1143,712.0
95,WEAgent6,FEMALE_OLD_LOW_INCOME,960,960.0,0,0.0
95,WEAgent3,MALE_YOUNG_HIGH_INCOME,103,103.0,0,0.0
95,WEAgent4,MALE_LOW_INCOME,726,726.0,726,726.0
95,WFAgent0,MALE_OLD,1041,1041.0,0,0.0
95,WFAgent1,YOUNG_LOW_INCOME,1526,1526.0,0,0.0
95,WFAgent2,MALE_YOUNG,470,470.0,470,470.0
95,WFAgent3,FEMALE_OLD_LOW_INCOME,1440,1440.0,0,0.0
95,WFAgent4,FEMALE_OLD,561,561.0,561,561.0
95,WFAgent5,MALE_HIGH_INCOME,265,265.0,0,0.0
96,WFAgent6,YOUNG_HIGH_INCOME,154,154.0,0,0.0
96,WFAgent7,MALE_OLD,520,520.0,1796,0.0
96,WFAgent8,MALE_YOUNG,1411,1411.0,0,0.0
96,WFAgent9,MALE_LOW_INCOME,726,726.0,625,625.0
96,WFAgent19,MALE_OLD_HIGH_INCOME,484,484.0,482,311.0
96,WFAgent18,FEMALE_HIGH_INCOME,132,132.0,0,0.0
96,WFAgent17,FEMALE_LOW_INCOME,1752,1752.0,0,0.0
96,WFAgent16,MALE_OLD_LOW_INCOME,718,718.0,0,0.0
96,WFAgent15,OLD_HIGH_INCOME,486,486.0,486,486.0
96,WFAgent14,MALE_YOUNG,1411,1411.0,622,622.0
96,WFAgent13,FEMALE_OLD,1684,1684.0,1485,1409.0
96,WFAgent12,MALE_OLD_HIGH_INCOME,484,484.0,0,0.0
96,WFAgent11,MALE_LOW_INCOME,1452,1452.0,0,0.0
96,WEAgent7,MALE_OLD_LOW_INCOME,718,718.0,0,0.0
96,WFAgent10,MALE_YOUNG_HIGH_INCOME,103,103.0,547,0.0
96,WEAgent1,MALE_OLD_LOW_INCOME,359,359.0,0,0.0
96,WEAgent2,MALE_OLD_HIGH_INCOME,484,484.0,0,0.0
96,WEAgent0,FEMALE_YOUNG,894,894.0,0,0.0
96,WEAgent5,FEMALE_OLD_HIGH_INCOME,244,244.0,0,0.0
96,WEAgent6,MALE_YOUNG_LOW_INCOME,734,734.0,611,611.0
96,WEAgent3,FEMALE_YOUNG_HIGH_INCOME,102,102.0,0,0.0
96,WEAgent4,MALE_YOUNG_HIGH_INCOME,103,103.0,0,0.0
96,WFAgent0,YOUNG_HIGH_INCOME,309,309.0,0,0.0
96,WFAgent1,FEMALE_LOW_INCOME,2628,2628.0,3121,1144.0
96,WFAgent2,MALE_OLD,520,520.0,0,0.0
96,WFAgent3,FEMALE_OLD_HIGH_INCOME,81,81.0,0,0.0
96,WFAgent4,YOUNG_HIGH_INCOME,309,309.0,0,0.0
96,WFAgent5,MALE_YOUNG_HIGH_INCOME,310,310.0,0,0.0
97,WFAgent6,FEMALE_YOUNG_HIGH_INCOME,51,51.0,51,51.0
97,WFAgent7,FEMALE_LOW_INCOME,2628,2628.0,0,0.0
97,WFAgent8,FEMALE_YOUNG_LOW_INCOME,396,396.0,0,0.0
97,WFAgent9,FEMALE_YOUNG_HIGH_INCOME,102,102.0,102,102.0
97,WFAgent19,MALE_YOUNG_HIGH_INCOME,310,310.0,0,0.0
97,WFAgent18,FEMALE_OLD_LOW_INCOME,1440,1440.0,0,0.0
97,WFAgent17,FEMALE_YOUNG,447,447.0,0,0.0
97,WFAgent16,FEMALE_YOUNG,894,894.0,1996,0.0
97,WFAgent15,MALE_OLD_HIGH_INCOME,484,484.0,0,0.0
97,WFAgent14,FEMALE_YOUNG_LOW_INCOME,396,396.0,0,0.0
97,WFAgent13,MALE_OLD_LOW_INCOME,1077,1077.0,0,0.0
97,WFAgent12,FEMALE_YOUNG_LOW_INCOME,792,792.0,0,0.0
97,WFAgent11,FEMALE_OLD_LOW_INCOME,1440,1440.0,0,0.0
97,WEAgent7,MALE_OLD,1561,1561.0,1352,1352.0
97,WFAgent10,MALE_HIGH_INCOME,530,530.0,0,0.0
97,WEAgent1,MALE_OLD_LOW_INCOME,359,359.0,0,0.0
97,WEAgent2,MALE_YOUNG_LOW_INCOME,367,367.0,0,0.0
97,WEAgent0,MALE_OLD_HIGH_INCOME,323,323.0,0,0.0
97,WEAgent5,OLD_LOW_INCOME,2517,2517.0,3299,902.0
97,WEAgent6,FEMALE_HIGH_INCOME,132,132.0,112,105.0
97,WEAgent3,MALE_OLD,1041,1041.0,0,0.0
97,WEAgent4,YOUNG_LOW_INCOME,1526,1526.0,609,609.0
97,WFAgent0,FEMALE_OLD_HIGH_INCOME,162,162.0,400,0.0
97,WFAgent1,MALE_YOUNG,1411,1411.0,582,582.0
97,WFAgent2,MALE_HIGH_INCOME,530,530.0,933,407.0
97,WFAgent3,YOUNG_HIGH_INCOME,309,309.0,0,0.0
97,WFAgent4,FEMALE_OLD,1123,1123.0,0,0.0
97,WFAgent5,MALE_YOUNG,941,941.0,564,564.0
98,WFAgent6,MALE_YOUNG_LOW_INCOME,367,367.0,367,367.0
98,WFAgent7,MALE_OLD_LOW_INCOME,359,359.0,359,359.0
98,WFAgent8,FEMALE_YOUNG,894,894.0,0,0.0
98,WFAgent9,MALE_OLD,1041,1041.0,1416,354.0
98,WFAgent19,MALE_OLD_LOW_INCOME,718,718.0,0,0.0
98,WFAgent18,YOUNG_HIGH_INCOME,154,154.0,130,130.0
98,WFAgent17,FEMALE_LOW_INCOME,1752,1752.0,1432,1432.0
98,WFAgent16,FEMALE_YOUNG_HIGH_INCOME,153,153.0,115,115.0
98,WFAgent15,MALE_YOUNG_LOW_INCOME,1101,1101.0,0,0.0
98,WFAgent14,FEMALE_OLD_HIGH_INCOME,162,162.0,0,0.0
98,WFAgent13,MALE_OLD_HIGH_INCOME,323,323.0,0,0.0
98,WFAgent12,MALE_HIGH_INCOME,530,530.0,0,0.0
98,WFAgent11,YOUNG_LOW_INCOME,763,763.0,0,0.0
98,WEAgent7,FEMALE_LOW_INCOME,2628,2628.0,1455,1455.0
98,WFAgent10,FEMALE_OLD,1684,1684.0,0,0.0
98,WEAgent1,MALE_HIGH_INCOME,265,265.0,0,0.0
98,WEAgent2,FEMALE_YOUNG,894,894.0,0,0.0
98,WEAgent0,MALE_OLD,520,520.0,0,0.0
98,WEAgent5,FEMALE_OLD_HIGH_INCOME,81,81.0,439,0.0
98,WEAgent6,FEMALE_LOW_INCOME,2628,2628.0,1475,1475.0
98,WEAgent3,MALE_YOUNG,1411,1411.0,1371,641.0
98,WEAgent4,MALE_YOUNG_HIGH_INCOME,310,310.0,0,0.0
98,WFAgent0,OLD_LOW_INCOME,839,839.0,0,0.0
98,WFAgent1,MALE_OLD_HIGH_INCOME,323,323.0,0,0.0
98,WFAgent2,MALE_HIGH_INCOME,530,530.0,1074,268.0
98,WFAgent3,FEMALE_OLD_LOW_INCOME,1440,1440.0,0,0.0
98,WFAgent4,MALE_YOUNG_LOW_INCOME,367,367.0,367,367.0
98,WFAgent5,MALE_YOUNG,470,470.0,0,0.0
99,WFAgent6,MALE_YOUNG,470,470.0,257,257.0
99,WFAgent7,FEMALE_OLD_HIGH_INCOME,244,244.0,0,0.0
99,WFAgent8,FEMALE_OLD,561,561.0,466,466.0
99,WFAgent9,FEMALE_OLD_LOW_INCOME,960,960.0,494,494.0
99,WFAgent19,FEMALE_OLD,561,561.0,0,0.0
99,WFAgent18,FEMALE_OLD_HIGH_INCOME,81,81.0,81,81.0
99,WFAgent17,FEMALE_YOUNG,894,894.0,1168,894.0
99,WFAgent16,FEMALE_LOW_INCOME,2628,2628.0,0,0.0
99,WFAgent15,FEMALE_OLD_HIGH_INCOME,81,81.0,0,0.0
99,WFAgent14,MALE_YOUNG,470,470.0,0,0.0
99,WFAgent13,YOUNG_HIGH_INCOME,154,154.0,0,0.0
99,WFAgent12,FEMALE_OLD,1684,1684.0,767,556.0
99,WFAgent11,FEMALE_YOUNG,1341,1341.0,0,0.0
99,WEAgent7,YOUNG_LOW_INCOME,763,763.0,0,0.0
99,WFAgent10,FEMALE_YOUNG,1341,1341.0,0,0.0
99,WEAgent1,FEMALE_LOW_INCOME,2628,2628.0,1505,1379.0
99,WEAgent2,MALE_YOUNG,941,941.0,0,0.0
99,WEAgent0,FEMALE_OLD_LOW_INCOME,1440,1440.0,0,0.0
99,WEAgent5,YOUNG_LOW_INCOME,1526,1526.0,603,603.0
99,WEAgent6,MALE_LOW_INCOME,726,726.0,2421,615.0
99,WEAgent3,MALE_HIGH_INCOME,795,795.0,550,550.0
99,WEAgent4,FEMALE_OLD,1123,1123.0,0,0.0
99,WFAgent0,MALE_OLD_HIGH_INCOME,323,323.0,274,274.0
99,WFAgent1,MALE_YOUNG,1411,1411.0,631,631.0
99,WFAgent2,MALE_OLD_HIGH_INCOME,323,323.0,0,0.0
99,WFAgent3,OLD_HIGH_INCOME,486,486.0,278,278.0
99,WFAgent4,FEMALE_LOW_INCOME,876,876.0,487,487.0
99,WFAgent5,MALE_HIGH_INCOME,795,795.0,0,0.0

