0,WFAgent6,MALE_YOUNG_HIGH_INCOME,4,3.885889853152792,4,3.616055443435226
0,WFAgent7,MALE_LOW_INCOME,28,20.97522319133362,0,0.0
0,WFAgent8,FEMALE_OLD_LOW_INCOME,19,20.641725992157742,20,20.0605719619989
0,WFAgent9,FEMALE_YOUNG_HIGH_INCOME,2,2.1833593247199015,2,1.9260936566030935
0,SIAgent0,YOUNG_HIGH_INCOME,6,5.424083165152839,6,5.424083165152839
0,WFAgent18,OLD_HIGH_INCOME,10,10.524085282357815,168,0.0
0,WFAgent17,FEMALE_YOUNG_HIGH_INCOME,2,1.853436645550392,44,0.9040138608588065
0,WFAgent16,FEMALE_OLD,22,22.066629158198783,0,0.0
0,WFAgent15,FEMALE_OLD_LOW_INCOME,19,21.44159822210829,20,20.861039682672338
0,WFAgent14,FEMALE_LOW_INCOME,33,39.12140768256496,400,0.0
0,WFAgent13,YOUNG_HIGH_INCOME,6,4.431366109833192,0,0.0
0,WFAgent12,YOUNG_HIGH_INCOME,6,5.7782809698092805,6,5.424083165152839
0,WFAgent11,YOUNG_HIGH_INCOME,6,4.892018741097928,97,0.0
0,WFAgent0,FEMALE_OLD_LOW_INCOME,19,19.817987698538722,448,0.0
0,WFAgent10,MALE_OLD_LOW_INCOME,14,13.73451293603396,326,0.0
0,WFAgent1,FEMALE_OLD_HIGH_INCOME,4,4.647680080959455,64,0.0
0,WFAgent2,MALE_OLD,20,23.51114067073703,31,23.222568533262233
0,WFAgent3,MALE_YOUNG_LOW_INCOME,14,13.798943897056759,362,0.0
0,WFAgent4,FEMALE_YOUNG_HIGH_INCOME,2,2.0362361056260267,2,1.808027721717613
0,WFAgent5,OLD_HIGH_INCOME,10,9.632945221882398,0,0.0
1,WFAgent6,MALE_LOW_INCOME,28,25.70209979274713,31,25.4979626402888
1,WFAgent7,MALE_YOUNG_HIGH_INCOME,4,4.0039830144438335,93,0.0
1,WFAgent8,MALE_YOUNG_LOW_INCOME,14,14.17843609193752,14,13.756874246152984
1,WFAgent9,MALE_YOUNG_HIGH_INCOME,4,4.345109371295218,4,3.930535498900853
1,SIAgent0,FEMALE_OLD_LOW_INCOME,19,21.62553019440045,23,21.055643902030635
1,WFAgent18,MALE_OLD_HIGH_INCOME,7,6.38405176973086,0,0.0
1,WFAgent17,OLD_LOW_INCOME,32,34.09916264309987,37,33.963489011844445
1,WFAgent16,FEMALE_OLD,22,23.4729702147305,69,0.0
1,WFAgent15,FEMALE_HIGH_INCOME,5,5.653176024909959,39,0.0
1,WFAgent14,FEMALE_YOUNG_HIGH_INCOME,2,1.8248972139140958,0,0.0
1,WFAgent13,OLD_LOW_INCOME,32,33.15373882835478,456,0.0
1,WFAgent12,MALE_OLD_LOW_INCOME,14,13.040797857781882,344,0.0
1,WFAgent11,MALE_YOUNG,18,17.687409745053838,0,0.0
1,WFAgent0,YOUNG_LOW_INCOME,29,23.852932792528218,406,0.0
1,WFAgent10,OLD_LOW_INCOME,32,29.29480890717306,0,0.0
1,WFAgent1,MALE_OLD,20,19.569970381366307,161,0.0
1,WFAgent2,MALE_YOUNG,18,18.104646097942194,20,18.058911705044068
1,WFAgent3,FEMALE_OLD_HIGH_INCOME,4,3.760846738342514,0,0.0
1,WFAgent4,FEMALE_LOW_INCOME,33,29.429131056212764,0,0.0
1,WFAgent5,YOUNG_LOW_INCOME,29,26.18542197231389,303,0.0
2,WFAgent6,MALE_YOUNG_HIGH_INCOME,4,3.8669387188434836,75,0.0
2,WFAgent7,FEMALE_YOUNG,17,16.207345972590783,0,0.0
2,WFAgent8,MALE_LOW_INCOME,28,25.838363434808933,0,0.0
2,WFAgent9,MALE_OLD_HIGH_INCOME,7,6.700512265211403,0,0.0
2,SIAgent0,FEMALE_OLD,22,20.805798725922802,22,20.805798725922802
2,WFAgent18,FEMALE_YOUNG_HIGH_INCOME,2,1.97267389591722,44,0.0
2,WFAgent17,FEMALE_OLD,22,20.42197613415393,0,0.0
2,WFAgent16,FEMALE_OLD_HIGH_INCOME,4,4.603070115162404,4,3.782872495622328
2,WFAgent15,FEMALE_LOW_INCOME,33,26.363314381185106,0,0.0
2,WFAgent14,MALE_YOUNG,18,20.19464133279172,21,19.931835537018667
2,WFAgent13,FEMALE_LOW_INCOME,33,27.261002115173536,432,0.0
2,WFAgent12,YOUNG_LOW_INCOME,29,30.715527294438495,37,30.565366007921863
2,WFAgent11,FEMALE_HIGH_INCOME,5,5.324987774627144,76,2.837154371716746
2,WFAgent0,MALE_YOUNG_HIGH_INCOME,4,3.79654010228927,0,0.0
2,WFAgent10,MALE_LOW_INCOME,28,28.39026276267691,388,0.0
2,WFAgent1,FEMALE_YOUNG_LOW_INCOME,15,15.892490962317995,16,15.253972680085441
2,WFAgent2,MALE_YOUNG_LOW_INCOME,14,15.015136099766856,393,0.0
2,WFAgent3,MALE_OLD_HIGH_INCOME,7,6.905851776239857,151,0.0
2,WFAgent4,FEMALE_OLD_LOW_INCOME,19,21.1921763186898,22,20.658968916598585
2,WFAgent5,FEMALE_YOUNG_LOW_INCOME,15,12.814753536359929,319,0.0
3,WFAgent6,FEMALE_OLD_HIGH_INCOME,4,3.4221699645829684,0,0.0
3,WFAgent7,MALE_YOUNG_LOW_INCOME,14,12.715011700953237,301,0.0
3,WFAgent8,FEMALE_LOW_INCOME,33,33.656542029292886,504,0.0
3,WFAgent9,MALE_OLD,20,21.995087916065092,22,21.42202832662906
3,SIAgent0,MALE_YOUNG_LOW_INCOME,14,13.807235817373808,14,13.49517178411079
3,WFAgent18,MALE_YOUNG_LOW_INCOME,14,13.777091393274567,17,13.515988530616715
3,WFAgent17,OLD_HIGH_INCOME,10,10.919760462727327,12,10.64885479691893
3,WFAgent16,MALE_HIGH_INCOME,10,9.58594607897479,0,0.0
3,WFAgent15,MALE_YOUNG,18,14.311046679476519,0,0.0
3,WFAgent14,OLD_LOW_INCOME,32,33.0829256080298,350,0.0
3,WFAgent13,MALE_OLD_LOW_INCOME,14,15.498636735662249,14,14.47377995351303
3,WFAgent12,FEMALE_YOUNG,17,18.075009926330896,43,0.0
3,WFAgent11,OLD_HIGH_INCOME,10,10.934205895976335,10,10.879946598744025
3,WFAgent0,FEMALE_LOW_INCOME,33,31.40554685319738,393,0.0
3,WFAgent10,MALE_YOUNG,18,19.61898521821858,19,18.738391466435882
3,WFAgent1,MALE_OLD,20,19.474571206026415,0,0.0
3,WFAgent2,FEMALE_OLD,22,19.522900461018036,0,0.0
3,WFAgent3,FEMALE_OLD_HIGH_INCOME,4,4.148378505289458,55,0.0
3,WFAgent4,MALE_HIGH_INCOME,10,10.236715498265223,101,0.0
3,WFAgent5,OLD_HIGH_INCOME,10,10.879946598744027,145,0.0
4,WFAgent6,FEMALE_OLD_LOW_INCOME,19,17.519729324112095,403,0.0
4,WFAgent7,MALE_OLD_HIGH_INCOME,7,6.051554460985362,163,0.0
4,WFAgent8,FEMALE_OLD,22,19.560829084353877,0,0.0
4,WFAgent9,FEMALE_YOUNG_LOW_INCOME,15,13.757650038053765,0,0.0
4,SIAgent0,FEMALE_HIGH_INCOME,5,5.288583725594118,5,4.405623822125861
4,WFAgent18,YOUNG_LOW_INCOME,29,37.88713403306396,392,0.0
4,WFAgent17,MALE_YOUNG_LOW_INCOME,14,14.399700914679189,339,0.0
4,WFAgent16,MALE_YOUNG_LOW_INCOME,14,14.768575112370723,14,13.86189047237378
4,WFAgent15,MALE_YOUNG_HIGH_INCOME,4,3.443017067782392,0,0.0
4,WFAgent14,MALE_YOUNG_HIGH_INCOME,4,4.18007372571237,4,3.443017067782392
4,WFAgent13,MALE_HIGH_INCOME,10,9.933334247024879,91,0.0
4,WFAgent12,FEMALE_YOUNG_HIGH_INCOME,2,1.6982188863048582,0,0.0
4,WFAgent11,MALE_OLD_LOW_INCOME,14,11.9360576325682,0,0.0
4,WFAgent0,MALE_OLD_LOW_INCOME,14,16.989423610559907,364,0.0
4,WFAgent10,FEMALE_OLD,22,23.970295281697567,23,22.996170875046204
4,WFAgent1,FEMALE_LOW_INCOME,33,33.79990062589937,36,33.195276614107115
4,WFAgent2,FEMALE_OLD_HIGH_INCOME,4,3.9410689657747544,80,0.0
4,WFAgent3,FEMALE_YOUNG_HIGH_INCOME,2,2.022008602098121,49,0.0
4,WFAgent4,YOUNG_LOW_INCOME,29,28.713915978488554,0,0.0
4,WFAgent5,FEMALE_LOW_INCOME,33,32.994506038109776,37,32.897758005504244
5,WFAgent6,FEMALE_HIGH_INCOME,5,4.7821031656324156,0,0.0
5,WFAgent7,MALE_HIGH_INCOME,10,9.023718630688737,0,0.0
5,WFAgent8,MALE_OLD,20,16.19662108254765,0,0.0
5,WFAgent9,FEMALE_OLD_HIGH_INCOME,4,4.334839605097353,4,4.221976208033699
5,SIAgent0,FEMALE_HIGH_INCOME,5,5.277470260042124,7,4.881176584514358
5,WFAgent18,MALE_YOUNG_LOW_INCOME,14,16.81088848661446,17,16.127549973887522
5,WFAgent17,FEMALE_OLD,22,19.96727885933062,0,0.0
5,WFAgent16,MALE_YOUNG,18,17.076229384116196,335,0.0
5,WFAgent15,FEMALE_OLD,22,21.508963563739083,514,0.0
5,WFAgent14,FEMALE_YOUNG_HIGH_INCOME,2,2.5988385276377777,2,2.1109881040168497
5,WFAgent13,YOUNG_HIGH_INCOME,6,7.263230792023652,97,0.0
5,WFAgent12,FEMALE_YOUNG_HIGH_INCOME,2,2.036034587323184,50,0.0
5,WFAgent11,FEMALE_YOUNG_LOW_INCOME,15,15.939625424704696,360,0.0
5,WFAgent0,OLD_HIGH_INCOME,10,11.212133515859353,157,0.0
5,WFAgent10,MALE_LOW_INCOME,28,31.736713460484303,357,0.0
5,WFAgent1,FEMALE_YOUNG,17,19.284006927389164,18,18.733540065757104
5,WFAgent2,MALE_LOW_INCOME,28,24.428669244730774,0,0.0
5,WFAgent3,FEMALE_YOUNG,17,17.692787839881714,0,0.0
5,WFAgent4,MALE_YOUNG_LOW_INCOME,14,13.6651871707285,15,13.086787095391486
5,WFAgent5,FEMALE_YOUNG_HIGH_INCOME,2,2.17549950323541,2,2.1109881040168497
6,WFAgent6,MALE_OLD_HIGH_INCOME,7,6.737976894702838,163,0.0
6,WFAgent7,MALE_YOUNG,18,18.194657110792406,22,17.91132794834238
6,WFAgent8,MALE_YOUNG,18,17.88918807174017,69,0.0
6,WFAgent9,MALE_OLD,20,20.381178826116884,21,20.075573243852013
6,SIAgent0,MALE_LOW_INCOME,28,31.02250549379475,30,30.31878908825804
6,WFAgent18,MALE_OLD,20,20.208766439019147,22,19.443250727668712
6,WFAgent17,MALE_YOUNG_LOW_INCOME,14,14.86836139159962,390,0.0
6,WFAgent16,FEMALE_OLD_LOW_INCOME,19,20.150531929188976,21,20.075573243852013
6,WFAgent15,MALE_OLD_LOW_INCOME,14,11.956019451082973,0,0.0
6,WFAgent14,FEMALE_LOW_INCOME,33,30.74741978487947,0,0.0
6,WFAgent13,MALE_YOUNG_HIGH_INCOME,4,3.2566050815167964,0,0.0
6,WFAgent12,OLD_LOW_INCOME,32,30.591349704917352,325,0.0
6,WFAgent11,YOUNG_LOW_INCOME,29,26.788881612075514,376,0.0
6,WFAgent0,OLD_LOW_INCOME,32,33.70364550984581,448,0.0
6,WFAgent10,YOUNG_HIGH_INCOME,6,6.266322321792898,6,6.0648857035974695
6,WFAgent1,FEMALE_OLD_HIGH_INCOME,4,3.945107451270952,56,0.0
6,WFAgent2,MALE_OLD,20,17.67568247969882,0,0.0
6,WFAgent3,YOUNG_HIGH_INCOME,6,6.2312991559969415,47,0.0
6,WFAgent4,MALE_YOUNG_LOW_INCOME,14,12.609590653461408,0,0.0
6,WFAgent5,MALE_YOUNG_HIGH_INCOME,4,4.140344190686785,4,3.9753751270533706
7,WFAgent6,MALE_YOUNG_HIGH_INCOME,4,4.069177989360805,5,3.838598433825733
7,WFAgent7,MALE_YOUNG_HIGH_INCOME,4,3.9821356463385347,5,3.7724631974333525
7,WFAgent8,FEMALE_OLD,22,25.71372832614796,100,0.0
7,WFAgent9,YOUNG_LOW_INCOME,29,27.773400374611562,334,0.0
7,SIAgent0,MALE_OLD,20,20.24123669338617,45,20.241236693386167
7,WFAgent18,YOUNG_LOW_INCOME,29,34.843653573020354,38,34.55443748551951
7,WFAgent17,FEMALE_OLD_HIGH_INCOME,4,4.826847188193249,4,3.8684045602683588
7,WFAgent16,MALE_YOUNG,18,18.392634178113465,20,18.286710929377417
7,WFAgent15,MALE_HIGH_INCOME,10,7.544926394866704,0,0.0
7,WFAgent14,MALE_OLD,20,20.560371206663465,318,18.217113024047553
7,WFAgent13,MALE_YOUNG,18,18.975776562061203,19,18.91514432010804
7,WFAgent12,FEMALE_YOUNG_LOW_INCOME,15,14.202318520625074,361,0.0
7,WFAgent11,YOUNG_HIGH_INCOME,6,6.379163786658998,39,0.0
7,WFAgent0,OLD_LOW_INCOME,32,30.747637701759704,461,0.0
7,WFAgent10,FEMALE_OLD_LOW_INCOME,19,20.683433031552624,22,20.005200649511295
7,WFAgent1,MALE_YOUNG_LOW_INCOME,14,14.590980186970821,15,14.365551917902529
7,WFAgent2,FEMALE_LOW_INCOME,33,30.007800974266928,0,0.0
7,WFAgent3,MALE_LOW_INCOME,28,25.601395301128377,0,0.0
7,WFAgent4,FEMALE_OLD_HIGH_INCOME,4,3.8684045602683588,0,0.0
7,WFAgent5,MALE_HIGH_INCOME,10,7.677196867651466,79,0.0
8,WFAgent6,FEMALE_YOUNG,17,16.47446671981368,0,0.0
8,WFAgent7,MALE_HIGH_INCOME,10,8.067596904066827,0,0.0
8,WFAgent8,FEMALE_YOUNG_HIGH_INCOME,2,1.6745806094839792,0,0.0
8,WFAgent9,FEMALE_YOUNG_HIGH_INCOME,2,1.857346079126581,40,0.0
8,SIAgent0,FEMALE_OLD_HIGH_INCOME,4,4.091173802801295,72,0.0
8,WFAgent18,FEMALE_OLD_HIGH_INCOME,4,3.797797403742099,0,0.0
8,WFAgent17,FEMALE_LOW_INCOME,33,32.850906668823555,413,0.0
8,WFAgent16,YOUNG_HIGH_INCOME,6,5.618918520197047,104,0.0
8,WFAgent15,OLD_LOW_INCOME,32,28.922392935699648,0,0.0
8,WFAgent14,FEMALE_OLD_LOW_INCOME,19,19.224300794241415,21,18.980320364052893
8,WFAgent13,MALE_OLD,20,23.648909595987675,24,23.18390512396857
8,WFAgent12,FEMALE_HIGH_INCOME,5,5.435068264542158,6,5.0237418284519375
8,WFAgent11,YOUNG_LOW_INCOME,29,32.600952011423274,392,0.0
8,WFAgent0,MALE_LOW_INCOME,28,28.16674588930675,350,0.0
8,WFAgent10,YOUNG_LOW_INCOME,29,28.8903363605492,0,0.0
8,WFAgent1,FEMALE_LOW_INCOME,33,35.433068348011794,387,0.0
8,WFAgent2,FEMALE_OLD,22,24.339887948190782,24,24.28332731904178
8,WFAgent3,MALE_OLD,20,19.319920936640465,122,0.0
8,WFAgent4,FEMALE_OLD_LOW_INCOME,19,19.79339395087153,19,18.914158385080228
8,WFAgent5,MALE_OLD,20,21.491158870227554,26,20.97575195057375
9,WFAgent6,FEMALE_YOUNG,17,15.96626758492624,377,0.0
9,WFAgent7,FEMALE_HIGH_INCOME,5,4.229882796893852,0,0.0
9,WFAgent8,FEMALE_OLD,22,21.94916209714325,65,0.0
9,WFAgent9,FEMALE_LOW_INCOME,33,32.64456675092921,0,0.0
9,SIAgent0,FEMALE_HIGH_INCOME,5,5.179404392710811,5,4.687174753703046
9,WFAgent18,MALE_YOUNG,18,17.228347881759667,0,0.0
9,WFAgent17,MALE_YOUNG_LOW_INCOME,14,13.318882889317292,326,0.0
9,WFAgent16,FEMALE_OLD_HIGH_INCOME,4,3.319828336565872,0,0.0
9,WFAgent15,OLD_LOW_INCOME,32,31.823641215408454,0,0.0
9,WFAgent14,MALE_HIGH_INCOME,10,10.218290823087225,10,9.727654232916533
9,WFAgent13,FEMALE_HIGH_INCOME,5,4.67399530267251,48,0.0
9,WFAgent12,OLD_LOW_INCOME,32,35.05392803500667,332,0.0
9,WFAgent11,OLD_LOW_INCOME,32,36.96618594110919,37,36.79608515531602
9,WFAgent0,YOUNG_HIGH_INCOME,6,5.836592539749921,6,5.075859356272622
9,WFAgent10,FEMALE_OLD_LOW_INCOME,19,20.48400057928733,484,0.0
9,WFAgent1,MALE_YOUNG,18,23.465577794105517,25,23.12548485591319
9,WFAgent2,MALE_OLD_HIGH_INCOME,7,6.969416994158867,164,0.0
9,WFAgent3,FEMALE_YOUNG_LOW_INCOME,15,17.55108075542901,18,16.65034909625749
9,WFAgent4,MALE_HIGH_INCOME,10,10.095999739449054,103,0.0
9,WFAgent5,YOUNG_LOW_INCOME,29,26.825562432859293,0,0.0
10,WFAgent6,FEMALE_OLD_HIGH_INCOME,4,3.9909018364587245,4,3.699610511288176
10,WFAgent7,YOUNG_HIGH_INCOME,6,5.442407015555273,0,0.0
10,WFAgent8,MALE_YOUNG_HIGH_INCOME,4,3.932364639951993,99,0.0
10,WFAgent9,MALE_YOUNG_HIGH_INCOME,4,4.178126921855586,4,3.6282713437035152
10,SIAgent0,MALE_OLD_HIGH_INCOME,7,7.755501161894145,9,7.513970496406474
10,WFAgent18,MALE_LOW_INCOME,28,30.065826741224924,29,29.146107989346152
10,WFAgent17,YOUNG_HIGH_INCOME,6,7.1846963270463515,7,6.789520621603629
10,WFAgent16,FEMALE_YOUNG,17,16.488835795323098,370,0.0
10,WFAgent15,OLD_LOW_INCOME,32,32.55883869751931,332,0.0
10,WFAgent14,MALE_OLD,20,16.69771221423661,0,0.0
10,WFAgent13,MALE_OLD_HIGH_INCOME,7,6.654340063858159,147,0.0
10,WFAgent12,OLD_HIGH_INCOME,10,9.900802115415024,67,0.0
10,WFAgent11,MALE_OLD_LOW_INCOME,14,14.350259808938436,14,14.01458175498916
10,WFAgent0,MALE_YOUNG_LOW_INCOME,14,14.070534891408482,0,0.0
10,WFAgent10,FEMALE_OLD_HIGH_INCOME,4,3.699610511288176,0,0.0
10,WFAgent1,MALE_LOW_INCOME,28,30.28734843669586,29,29.506447569626857
10,WFAgent2,OLD_LOW_INCOME,32,32.03332972568952,492,0.0
10,WFAgent3,FEMALE_OLD_HIGH_INCOME,4,4.552181697658939,4,3.9603208461660095
10,WFAgent4,FEMALE_YOUNG,17,17.636626348440334,53,0.0
10,WFAgent5,MALE_YOUNG_LOW_INCOME,14,14.188101126712882,340,0.0
11,WFAgent6,MALE_YOUNG,18,21.349326038543815,22,21.17551993453043
11,WFAgent7,MALE_OLD_HIGH_INCOME,7,5.4427946857043175,0,0.0
11,WFAgent8,MALE_HIGH_INCOME,10,10.755525261662466,106,0.0
11,WFAgent9,FEMALE_OLD,22,24.854369333751126,29,24.8029977445919
11,SIAgent0,FEMALE_OLD_LOW_INCOME,19,16.250239901629186,19,16.250239901629186
11,WFAgent18,MALE_YOUNG_LOW_INCOME,14,15.01756148883868,308,0.0
11,WFAgent17,OLD_HIGH_INCOME,10,10.154632115011724,10,9.873059996152271
11,WFAgent16,OLD_LOW_INCOME,32,30.549928260630605,0,0.0
11,WFAgent15,FEMALE_YOUNG_HIGH_INCOME,2,2.139210125371495,53,0.0
11,WFAgent14,OLD_HIGH_INCOME,10,9.951615200591025,79,0.0
11,WFAgent13,MALE_OLD_LOW_INCOME,14,17.889912251602933,18,17.65135584568027
11,WFAgent12,FEMALE_YOUNG,17,15.577014417933912,421,0.0
11,WFAgent11,MALE_OLD_HIGH_INCOME,7,7.382960817568759,7,6.551435230319023
11,WFAgent0,MALE_OLD_LOW_INCOME,14,13.833673284412667,370,0.0
11,WFAgent10,MALE_LOW_INCOME,28,26.95066173485692,0,0.0
11,WFAgent1,YOUNG_HIGH_INCOME,6,5.434776897778913,0,0.0
11,WFAgent2,MALE_OLD,20,19.61261760631141,25,19.43855244894399
11,WFAgent3,FEMALE_LOW_INCOME,33,30.876678620951047,426,17.96079147022173
11,WFAgent4,MALE_OLD_HIGH_INCOME,7,6.551435230319024,107,0.0
11,WFAgent5,OLD_HIGH_INCOME,10,9.873059996152271,0,0.0
12,WFAgent6,MALE_LOW_INCOME,28,28.26016122984003,33,27.878467843661866
12,WFAgent7,FEMALE_OLD_LOW_INCOME,19,18.718645367068724,19,18.29435068591304
12,WFAgent8,MALE_OLD_HIGH_INCOME,7,7.0606537603785835,8,6.387743464679537
12,WFAgent9,FEMALE_LOW_INCOME,33,38.63317467943322,406,0.0
12,SIAgent0,OLD_LOW_INCOME,32,30.81153799732723,31,29.848677434910766
12,WFAgent18,FEMALE_HIGH_INCOME,5,4.953585396247965,0,0.0
12,WFAgent17,OLD_LOW_INCOME,32,30.262065006344557,0,0.0
12,WFAgent16,MALE_YOUNG_LOW_INCOME,14,14.68645110154142,15,14.292137770033884
12,WFAgent15,MALE_HIGH_INCOME,10,7.984679330849421,0,0.0
12,WFAgent14,MALE_YOUNG,18,17.15056532404066,306,0.0
12,WFAgent13,YOUNG_HIGH_INCOME,6,5.454718611997234,105,0.0
12,WFAgent12,MALE_YOUNG_HIGH_INCOME,4,4.7219499161972545,5,4.222385490086896
12,WFAgent11,MALE_YOUNG_LOW_INCOME,14,15.710421906059103,15,15.1393720874143
12,WFAgent0,OLD_LOW_INCOME,32,31.032884176104204,354,20.220071810745996
12,WFAgent10,MALE_OLD,20,19.427188948694944,134,0.0
12,WFAgent1,YOUNG_HIGH_INCOME,6,5.066862588104275,57,0.0
12,WFAgent2,MALE_YOUNG_LOW_INCOME,14,11.82722878215958,0,0.0
12,WFAgent3,MALE_OLD,20,22.34446788264378,23,22.34126729099918
12,WFAgent4,FEMALE_OLD_HIGH_INCOME,4,3.9990850587958118,70,0.0
12,WFAgent5,FEMALE_OLD_LOW_INCOME,19,18.37660306577576,419,13.48004787383066
13,WFAgent6,MALE_OLD_LOW_INCOME,14,13.32098194636178,15,12.835279465540637
13,WFAgent7,MALE_HIGH_INCOME,10,9.24556461454588,134,0.0
13,WFAgent8,MALE_YOUNG_HIGH_INCOME,4,4.412434232739871,4,3.698225845818352
13,WFAgent9,FEMALE_HIGH_INCOME,5,4.557440301238366,84,0.0
13,SIAgent0,FEMALE_YOUNG,17,16.38246833845606,16,15.41879373031159
13,WFAgent18,OLD_LOW_INCOME,32,34.00864242287997,490,0.0
13,WFAgent17,MALE_OLD,20,20.06225546736533,23,19.680761847162316
13,WFAgent16,YOUNG_LOW_INCOME,29,27.78644074279358,396,0.0
13,WFAgent15,MALE_YOUNG_HIGH_INCOME,4,3.9476820543039595,94,0.0
13,WFAgent14,YOUNG_LOW_INCOME,29,24.508857731329535,0,0.0
13,WFAgent13,YOUNG_LOW_INCOME,29,27.725858414876868,349,0.0
13,WFAgent12,OLD_HIGH_INCOME,10,8.287371749173257,0,0.0
13,WFAgent11,FEMALE_YOUNG_HIGH_INCOME,2,2.0214124204872923,2,1.9273492162889483
13,WFAgent0,MALE_OLD,20,17.11370595405418,0,0.0
13,WFAgent10,FEMALE_HIGH_INCOME,5,4.763550300441933,50,0.0
13,WFAgent1,FEMALE_YOUNG_HIGH_INCOME,2,1.7154784327155201,0,0.0
13,WFAgent2,YOUNG_HIGH_INCOME,6,5.210961117554472,0,0.0
13,WFAgent3,MALE_OLD,20,18.50543651443346,328,0.0
13,WFAgent4,FEMALE_YOUNG_LOW_INCOME,15,14.820148734949257,15,14.455119122167115
13,WFAgent5,FEMALE_LOW_INCOME,33,29.986693848114196,0,0.0
14,WFAgent6,MALE_OLD_HIGH_INCOME,7,6.79846739733293,166,0.0
14,WFAgent7,MALE_HIGH_INCOME,10,9.393290600088147,105,0.0
14,WFAgent8,FEMALE_YOUNG,17,15.173903691450695,0,0.0
14,WFAgent9,FEMALE_LOW_INCOME,33,36.14574099064853,443,0.0
14,SIAgent0,FEMALE_OLD_LOW_INCOME,19,21.528808509277056,24,21.35814381116586
14,WFAgent18,FEMALE_YOUNG,17,18.209245343185238,51,0.0
14,WFAgent17,OLD_LOW_INCOME,32,35.24367210061652,36,34.37579050566398
14,WFAgent16,MALE_OLD_LOW_INCOME,14,12.845776623491282,0,0.0
14,WFAgent15,MALE_HIGH_INCOME,10,9.076872006409417,0,0.0
14,WFAgent14,FEMALE_HIGH_INCOME,5,4.759227838413485,74,0.0
14,WFAgent13,MALE_OLD_LOW_INCOME,14,14.834880397519195,300,0.0
14,WFAgent12,FEMALE_OLD_HIGH_INCOME,4,4.518258378458446,4,3.8073822707307885
14,WFAgent11,FEMALE_OLD_HIGH_INCOME,4,4.474734846884992,5,4.449613293992886
14,WFAgent0,MALE_HIGH_INCOME,10,10.325880119241143,11,9.984559207050356
14,WFAgent10,MALE_YOUNG_LOW_INCOME,14,13.624945420353578,15,13.412399829302164
14,WFAgent1,FEMALE_OLD,22,19.5782984935687,0,0.0
14,WFAgent2,YOUNG_LOW_INCOME,29,25.93063966998419,0,0.0
14,WFAgent3,MALE_LOW_INCOME,28,26.73672594884975,368,0.0
14,WFAgent4,FEMALE_YOUNG_LOW_INCOME,15,12.87202883115254,0,0.0
14,WFAgent5,FEMALE_YOUNG,17,16.98556320388094,398,0.0
15,WFAgent6,FEMALE_YOUNG,17,19.052272299551465,48,0.0
15,WFAgent7,MALE_LOW_INCOME,28,29.217301560491638,35,29.022980570016426
15,WFAgent8,MALE_YOUNG,18,19.001523112057388,91,0.0
15,WFAgent9,MALE_YOUNG_HIGH_INCOME,4,3.8330470769919955,0,0.0
15,SIAgent0,OLD_HIGH_INCOME,10,10.543676469932814,21,9.883580120591908
15,WFAgent18,MALE_OLD_LOW_INCOME,14,11.60919222800657,0,0.0
15,WFAgent17,MALE_OLD,20,18.18895413862875,264,0.0
15,WFAgent16,MALE_OLD_HIGH_INCOME,7,6.209697050090795,0,0.0
15,WFAgent15,OLD_LOW_INCOME,32,30.865203338409003,451,0.0
15,WFAgent14,MALE_LOW_INCOME,28,31.04102075913718,32,30.865203338408975
15,WFAgent13,YOUNG_LOW_INCOME,29,29.553254436938175,367,0.0
15,WFAgent12,YOUNG_LOW_INCOME,29,24.91866127971377,371,0.0
15,WFAgent11,MALE_OLD_HIGH_INCOME,7,7.122970195414474,144,0.0
15,WFAgent0,MALE_OLD_LOW_INCOME,14,15.530404956989004,14,14.608650780245823
15,WFAgent10,YOUNG_LOW_INCOME,29,29.673241326393814,34,29.214982190009266
15,WFAgent1,FEMALE_YOUNG_LOW_INCOME,15,17.759782273412316,17,17.324321566480997
15,WFAgent2,FEMALE_LOW_INCOME,33,25.49199315362622,0,0.0
15,WFAgent3,FEMALE_HIGH_INCOME,5,5.079590907810195,0,0.0
15,WFAgent4,FEMALE_LOW_INCOME,33,35.10965141081918,45,34.76180884585395
15,WFAgent5,OLD_HIGH_INCOME,10,9.883580120591908,66,0.0
16,WFAgent6,MALE_LOW_INCOME,28,30.22191729122126,324,0.0
16,WFAgent7,MALE_OLD_LOW_INCOME,14,13.740805646252817,0,0.0
16,WFAgent8,FEMALE_HIGH_INCOME,5,5.835505824393185,5,5.161547656950221
16,WFAgent9,FEMALE_OLD,22,21.490838977443403,0,0.0
16,SIAgent0,MALE_YOUNG_LOW_INCOME,14,14.384053615709051,14,13.428567395692884
16,WFAgent18,YOUNG_HIGH_INCOME,6,3.905740375120601,0,0.0
16,WFAgent17,FEMALE_YOUNG_LOW_INCOME,15,13.39797654114801,352,0.0
16,WFAgent16,MALE_YOUNG_LOW_INCOME,14,13.848337233925546,375,0.0
16,WFAgent15,FEMALE_OLD_HIGH_INCOME,4,4.161977527324173,4,3.9074252686260733
16,WFAgent14,FEMALE_OLD,22,22.71080969058097,81,0.0
16,WFAgent13,FEMALE_YOUNG_LOW_INCOME,15,14.922931416323863,17,14.520819626287398
16,WFAgent12,MALE_LOW_INCOME,28,32.36513586684272,32,31.40755576286358
16,WFAgent11,MALE_YOUNG_HIGH_INCOME,4,4.454387306742732,6,3.905740375120601
16,WFAgent0,MALE_OLD_HIGH_INCOME,7,7.836002490118043,144,0.0
16,WFAgent10,MALE_YOUNG_HIGH_INCOME,4,4.272029123721309,95,0.0
16,WFAgent1,FEMALE_OLD_LOW_INCOME,19,19.12356093907315,492,0.0
16,WFAgent2,MALE_YOUNG_LOW_INCOME,14,13.428567395692887,0,0.0
16,WFAgent3,FEMALE_YOUNG,17,14.520819626287402,0,0.0
16,WFAgent4,FEMALE_LOW_INCOME,33,29.97653598321008,0,0.0
16,WFAgent5,FEMALE_YOUNG,17,18.081692227861566,59,0.0
17,WFAgent6,MALE_YOUNG_HIGH_INCOME,4,4.3505387380450085,4,3.9482127068308057
17,WFAgent7,MALE_YOUNG,18,15.515403760905325,0,0.0
17,WFAgent8,FEMALE_OLD,22,25.380695167810604,469,16.29296961134006
17,WFAgent9,MALE_LOW_INCOME,28,26.463898657956523,354,0.0
17,SIAgent0,FEMALE_OLD,22,21.08501949702832,22,21.08501949702832
17,WFAgent18,MALE_YOUNG,18,17.766957180738626,20,17.23933751211703
17,WFAgent17,MALE_YOUNG,18,18.127808656818708,19,17.80603911172596
17,WFAgent16,MALE_OLD_LOW_INCOME,14,14.293383206866652,18,14.289679489273484
17,WFAgent15,MALE_HIGH_INCOME,10,9.371599532487346,52,0.0
17,WFAgent14,MALE_OLD,20,20.988230217140117,154,0.0
17,WFAgent13,MALE_YOUNG,18,20.05136477780846,23,19.825238138934584
17,WFAgent12,OLD_HIGH_INCOME,10,9.343351714419693,0,0.0
17,WFAgent11,MALE_OLD_HIGH_INCOME,7,7.421992487461767,7,6.560119672741142
17,WFAgent0,FEMALE_HIGH_INCOME,5,6.178471446081611,58,0.0
17,WFAgent10,FEMALE_OLD_HIGH_INCOME,4,3.314646763387636,0,0.0
17,WFAgent1,MALE_YOUNG_LOW_INCOME,14,13.00329884437894,317,0.0
17,WFAgent2,FEMALE_YOUNG_LOW_INCOME,15,18.429216091612123,400,0.0
17,WFAgent3,MALE_OLD_LOW_INCOME,14,11.114195158323817,0,0.0
17,WFAgent4,FEMALE_LOW_INCOME,33,30.57028260555472,0,0.0
17,WFAgent5,FEMALE_OLD_HIGH_INCOME,4,4.454532544064,83,2.8752299314129526
18,WFAgent6,FEMALE_YOUNG_HIGH_INCOME,2,2.069651293913063,2,1.9758343596678902
18,WFAgent7,MALE_YOUNG_LOW_INCOME,14,14.06327070561865,343,0.0
18,WFAgent8,MALE_HIGH_INCOME,10,10.77439182429803,10,9.880753840997011
18,WFAgent9,YOUNG_LOW_INCOME,29,35.21667541200552,37,34.56750945439142
18,SIAgent0,FEMALE_YOUNG_LOW_INCOME,15,12.276170181970283,379,10.639347491040912
18,WFAgent18,MALE_YOUNG_HIGH_INCOME,4,4.220652750394266,87,0.0
18,WFAgent17,MALE_YOUNG_HIGH_INCOME,4,3.6891437482346747,0,0.0
18,WFAgent16,MALE_LOW_INCOME,28,28.167370775371044,315,0.0
18,WFAgent15,MALE_YOUNG_LOW_INCOME,14,13.07959817193189,0,0.0
18,WFAgent14,FEMALE_YOUNG_HIGH_INCOME,2,2.1667495932899494,2,2.0349145143589196
18,WFAgent13,FEMALE_OLD_HIGH_INCOME,4,3.4141622697961385,0,0.0
18,WFAgent12,MALE_YOUNG_HIGH_INCOME,4,4.830221111585769,4,3.9523015363988043
18,WFAgent11,OLD_HIGH_INCOME,10,11.401943286389875,78,0.0
18,WFAgent0,MALE_OLD,20,20.401064912328394,162,0.0
18,WFAgent10,MALE_HIGH_INCOME,10,9.880753840997011,0,0.0
18,WFAgent1,FEMALE_HIGH_INCOME,5,4.9395858991697255,0,0.0
18,WFAgent2,FEMALE_HIGH_INCOME,5,5.0872862858972985,46,0.0
18,WFAgent3,MALE_OLD_LOW_INCOME,14,13.22533015270389,0,0.0
18,WFAgent4,MALE_OLD_LOW_INCOME,14,14.810183561439594,15,14.169996592182741
18,WFAgent5,FEMALE_YOUNG,17,17.919816965914734,21,17.186638254758396
19,WFAgent6,FEMALE_YOUNG,17,16.328210293781606,17,15.573170300810144
19,WFAgent7,MALE_YOUNG,18,18.182805275572886,20,17.667745633125374
19,WFAgent8,MALE_HIGH_INCOME,10,7.656838768115177,0,0.0
19,WFAgent9,YOUNG_LOW_INCOME,29,27.325674641103166,0,0.0
19,SIAgent0,FEMALE_YOUNG,17,20.387171441146346,21,20.170142127612582
19,WFAgent18,MALE_HIGH_INCOME,10,8.637761347580012,146,0.0
19,WFAgent17,MALE_LOW_INCOME,28,27.967774261336046,341,0.0
19,WFAgent16,FEMALE_LOW_INCOME,33,35.53750540037454,496,0.0
19,WFAgent15,FEMALE_OLD,22,19.943144818631513,0,0.0
19,WFAgent14,MALE_OLD_LOW_INCOME,14,14.069283055624469,357,0.0
19,WFAgent13,MALE_YOUNG,18,14.44231346317298,0,0.0
19,WFAgent12,FEMALE_YOUNG,17,16.316429639003843,406,0.0
19,WFAgent11,FEMALE_HIGH_INCOME,5,4.580344206120632,71,0.0
19,WFAgent0,MALE_OLD_HIGH_INCOME,7,6.748157548619856,8,6.125471014492142
19,WFAgent10,YOUNG_HIGH_INCOME,6,6.141315942154784,6,5.758739872589592
19,WFAgent1,MALE_HIGH_INCOME,10,8.833872816562687,67,0.0
19,WFAgent2,MALE_OLD_HIGH_INCOME,7,7.738317058121236,8,7.06709825325015
19,WFAgent3,YOUNG_LOW_INCOME,29,30.976234573560795,32,30.15246856949316
19,WFAgent4,MALE_OLD_LOW_INCOME,14,13.337677982346134,0,0.0
19,WFAgent5,MALE_YOUNG_HIGH_INCOME,4,3.6361048747226126,4,3.4551045390320048
20,WFAgent6,YOUNG_HIGH_INCOME,6,5.085233188028713,0,0.0
20,WFAgent7,MALE_YOUNG_HIGH_INCOME,4,4.178180898302112,4,3.742243308022302
20,WFAgent8,FEMALE_OLD,22,25.30382217151593,23,24.475458991266734
20,WFAgent9,MALE_YOUNG_LOW_INCOME,14,12.26807590274117,0,0.0
20,SIAgent0,MALE_YOUNG,18,16.84009488610036,445,0.0
20,WFAgent18,OLD_HIGH_INCOME,10,8.217439988938537,0,0.0
20,WFAgent17,FEMALE_OLD_HIGH_INCOME,4,4.0323824810417275,4,3.286975995575415
20,WFAgent16,MALE_LOW_INCOME,28,25.861692641243522,0,0.0
20,WFAgent15,FEMALE_LOW_INCOME,33,35.11696290051312,0,0.0
20,WFAgent14,FEMALE_YOUNG,17,12.704583603314596,0,0.0
20,WFAgent13,FEMALE_HIGH_INCOME,5,5.518927431846347,6,5.010149137512416
20,WFAgent12,YOUNG_HIGH_INCOME,6,6.088404759194355,56,0.0
20,WFAgent11,FEMALE_YOUNG_LOW_INCOME,15,16.773923425184176,22,16.441225839583595
20,WFAgent0,MALE_HIGH_INCOME,10,10.433146589813315,166,0.0
20,WFAgent10,FEMALE_OLD_LOW_INCOME,19,20.768217038380655,469,0.0
20,WFAgent1,OLD_HIGH_INCOME,10,8.350248562520694,63,0.0
20,WFAgent2,FEMALE_OLD_HIGH_INCOME,4,4.532557550133764,4,4.0323824810417275
20,WFAgent3,FEMALE_YOUNG_LOW_INCOME,15,15.385184002897898,364,0.0
20,WFAgent4,MALE_LOW_INCOME,28,27.77116458406766,368,0.0
20,WFAgent5,FEMALE_HIGH_INCOME,5,5.911175011773523,6,5.085233188028713
21,WFAgent6,FEMALE_OLD_LOW_INCOME,19,19.348915042441174,20,18.64738600588293
21,WFAgent7,MALE_LOW_INCOME,28,25.38650357974538,353,0.0
21,WFAgent8,YOUNG_HIGH_INCOME,6,6.416685136659559,103,0.0
21,WFAgent9,FEMALE_HIGH_INCOME,5,4.466736823721589,0,0.0
21,SIAgent0,MALE_YOUNG_LOW_INCOME,14,15.601928193393205,15,15.452851123065122
21,WFAgent18,FEMALE_OLD_LOW_INCOME,19,19.111152048082996,21,19.02832656000478
21,WFAgent17,OLD_HIGH_INCOME,10,10.250596892483136,134,0.0
21,WFAgent16,MALE_LOW_INCOME,28,28.691011278427816,31,28.10648610614668
21,WFAgent15,MALE_YOUNG,18,18.276969057979247,0,0.0
21,WFAgent14,MALE_LOW_INCOME,28,22.569186445795403,0,0.0
21,WFAgent13,FEMALE_LOW_INCOME,33,29.901656022864657,399,0.0
21,WFAgent12,MALE_YOUNG_LOW_INCOME,14,14.422661048194112,17,13.702720342090066
21,WFAgent11,FEMALE_YOUNG_HIGH_INCOME,2,2.0620581487723655,62,0.0
21,WFAgent0,OLD_LOW_INCOME,32,33.208663614694075,33,33.193053557196755
21,WFAgent10,FEMALE_HIGH_INCOME,5,5.223314562549439,71,0.0
21,WFAgent1,OLD_LOW_INCOME,32,28.766381014345278,0,0.0
21,WFAgent2,MALE_YOUNG,18,19.39478621712308,18,18.444221536132165
21,WFAgent3,FEMALE_HIGH_INCOME,5,5.763236849880666,5,5.125298446241569
21,WFAgent4,MALE_LOW_INCOME,28,25.61228510797143,306,0.0
21,WFAgent5,FEMALE_LOW_INCOME,33,30.76818690970683,412,0.0
22,WFAgent6,MALE_YOUNG_HIGH_INCOME,4,4.777032334739091,4,4.1072841295354126
22,WFAgent7,YOUNG_HIGH_INCOME,6,6.160926194303119,51,0.0
22,WFAgent8,YOUNG_HIGH_INCOME,6,6.424784501053517,100,0.0
22,WFAgent9,YOUNG_LOW_INCOME,29,29.890889462493192,32,29.190545639214527
22,SIAgent0,MALE_YOUNG_LOW_INCOME,14,11.449347949286517,281,0.0
22,WFAgent18,MALE_LOW_INCOME,28,29.408269130610865,31,28.873170178249786
22,WFAgent17,YOUNG_LOW_INCOME,29,23.98836039505952,317,0.0
22,WFAgent16,FEMALE_YOUNG_HIGH_INCOME,2,1.8428717681469164,0,0.0
22,WFAgent15,MALE_OLD_LOW_INCOME,14,12.981144527622385,0,0.0
22,WFAgent14,FEMALE_OLD_LOW_INCOME,19,16.951977972784718,474,0.0
22,WFAgent13,YOUNG_LOW_INCOME,29,26.453931985538183,32,25.68018650093131
22,WFAgent12,MALE_LOW_INCOME,28,26.078992419064306,31,25.352127601991587
22,WFAgent11,MALE_YOUNG_HIGH_INCOME,4,3.9031916574629064,0,0.0
22,WFAgent0,MALE_OLD_LOW_INCOME,14,13.62591041971218,315,0.0
22,WFAgent10,FEMALE_OLD,22,19.20648970955933,0,0.0
22,WFAgent1,YOUNG_LOW_INCOME,29,23.272669016469,0,0.0
22,WFAgent2,FEMALE_HIGH_INCOME,5,4.760580988611333,88,0.0
22,WFAgent3,FEMALE_YOUNG,17,18.554554671160567,20,18.244091024509082
22,WFAgent4,MALE_LOW_INCOME,28,32.91373069418552,33,32.11821741789299
22,WFAgent5,FEMALE_YOUNG,17,16.244194315393674,19,15.716511982970026
23,WFAgent6,MALE_YOUNG_HIGH_INCOME,4,4.1044851180128585,4,3.933938133370629
23,WFAgent7,FEMALE_OLD_LOW_INCOME,19,20.06070753752563,20,19.838151496654138
23,WFAgent8,FEMALE_HIGH_INCOME,5,5.142415350143839,39,0.0
23,WFAgent9,FEMALE_YOUNG,17,16.669596837253156,396,0.0
23,SIAgent0,FEMALE_OLD,22,22.101634656679057,22,21.91095192234304
23,WFAgent18,MALE_OLD,20,23.598995513593337,163,0.0
23,WFAgent17,FEMALE_YOUNG_HIGH_INCOME,2,2.437827873628787,2,2.0764627942325524
23,WFAgent16,FEMALE_OLD,22,20.703294604881574,0,0.0
23,WFAgent15,YOUNG_HIGH_INCOME,6,6.4759154554038805,6,6.170898420172607
23,WFAgent14,FEMALE_YOUNG,17,20.934312697292782,21,20.591854916606835
23,WFAgent13,FEMALE_HIGH_INCOME,5,4.958056946162356,75,0.0
23,WFAgent12,MALE_LOW_INCOME,28,26.555765914678556,373,0.0
23,WFAgent11,MALE_YOUNG,18,17.70272160016783,0,0.0
23,WFAgent0,FEMALE_OLD_LOW_INCOME,19,18.337301163170125,433,0.0
23,WFAgent10,FEMALE_LOW_INCOME,33,29.756434855060288,0,0.0
23,WFAgent1,FEMALE_YOUNG,17,17.031079386508587,18,16.2307826482147
23,WFAgent2,FEMALE_YOUNG_HIGH_INCOME,2,1.8383898218542287,0,0.0
23,WFAgent3,MALE_YOUNG,18,17.871945409522873,84,0.0
23,WFAgent4,FEMALE_YOUNG_HIGH_INCOME,2,2.0764627942325524,2,2.003656398412775
23,WFAgent5,MALE_YOUNG_HIGH_INCOME,4,4.261672974538977,4,3.971543424338416
24,WFAgent6,OLD_HIGH_INCOME,10,9.764803580393734,0,0.0
24,WFAgent7,MALE_LOW_INCOME,28,24.682264391572556,0,0.0
24,WFAgent8,OLD_LOW_INCOME,32,27.83804648974806,0,0.0
24,WFAgent9,YOUNG_LOW_INCOME,29,32.36166200135821,32,31.61688254992802
24,SIAgent0,FEMALE_YOUNG_HIGH_INCOME,2,1.9765756450539886,2,1.9765756450539886
24,WFAgent18,YOUNG_HIGH_INCOME,6,6.682703951646747,52,0.9882878225269943
24,WFAgent17,MALE_YOUNG,18,19.939219618102086,107,0.0
24,WFAgent16,FEMALE_YOUNG_HIGH_INCOME,2,1.8511876137533831,0,0.0
24,WFAgent15,OLD_HIGH_INCOME,10,10.626979703269914,80,0.0
24,WFAgent14,MALE_OLD_LOW_INCOME,14,12.30229416398547,312,0.0
24,WFAgent13,FEMALE_YOUNG,17,16.796468854649248,360,0.0
24,WFAgent12,MALE_LOW_INCOME,28,28.427713542176612,32,27.838046489748073
24,WFAgent11,FEMALE_YOUNG_LOW_INCOME,15,14.978813180950564,17,14.68973847717813
24,WFAgent0,FEMALE_LOW_INCOME,33,32.97545263726889,462,0.0
24,WFAgent10,MALE_OLD_HIGH_INCOME,7,7.1766862017804725,164,0.0
24,WFAgent1,MALE_YOUNG,18,18.122116195141,0,0.0
24,WFAgent2,MALE_YOUNG_LOW_INCOME,14,12.924974670748405,354,0.0
24,WFAgent3,FEMALE_YOUNG_LOW_INCOME,15,12.961533950451294,0,0.0
24,WFAgent4,MALE_OLD,20,24.650730128418562,26,23.938754600554557
24,WFAgent5,MALE_OLD,20,18.4144266158112,0,0.0
25,WFAgent6,FEMALE_OLD_HIGH_INCOME,4,4.124244947348486,87,0.0
25,WFAgent7,FEMALE_YOUNG,17,18.722362990490062,19,18.167893607523837
25,WFAgent8,MALE_HIGH_INCOME,10,9.24046183484692,158,0.0
25,WFAgent9,FEMALE_YOUNG_LOW_INCOME,15,17.166837237595253,17,16.99051733715313
25,SIAgent0,MALE_YOUNG,18,17.012505664118997,420,15.12222725699467
25,WFAgent18,FEMALE_YOUNG,17,16.990517337153133,45,0.0
25,WFAgent17,FEMALE_YOUNG_HIGH_INCOME,2,2.104314276754152,2,1.9787589047683265
25,WFAgent16,MALE_OLD_HIGH_INCOME,7,7.801604416242486,9,7.228148661732978
25,WFAgent15,MALE_YOUNG,18,16.229474299641975,0,0.0
25,WFAgent14,MALE_OLD_LOW_INCOME,14,14.447863143094343,347,0.0
25,WFAgent13,MALE_YOUNG_LOW_INCOME,14,13.409526536518337,14,13.231948849870335
25,WFAgent12,MALE_YOUNG,18,17.042944980302632,18,17.012505664119004
25,WFAgent11,MALE_OLD_LOW_INCOME,14,14.87617627473109,18,14.45629732346595
25,WFAgent0,FEMALE_YOUNG,17,16.819450690530775,0,0.0
25,WFAgent10,FEMALE_YOUNG_LOW_INCOME,15,17.48147016570829,15,16.519732050432413
25,WFAgent1,YOUNG_LOW_INCOME,29,28.51873129904837,31,28.410539144816877
25,WFAgent2,MALE_OLD,20,16.06255258162884,0,0.0
25,WFAgent3,FEMALE_YOUNG_LOW_INCOME,15,14.343073900676714,288,0.0
25,WFAgent4,MALE_YOUNG,18,17.19004912439674,18,17.012505664119004
25,WFAgent5,FEMALE_YOUNG_LOW_INCOME,15,13.74703507007268,0,0.0
26,WFAgent6,YOUNG_HIGH_INCOME,6,5.818211785236878,51,0.0
26,WFAgent7,FEMALE_LOW_INCOME,33,29.39970342838746,0,0.0
26,WFAgent8,FEMALE_OLD_LOW_INCOME,19,17.347154296021746,449,0.0
26,WFAgent9,FEMALE_OLD,22,22.35909654453268,82,0.0
26,SIAgent0,MALE_OLD_HIGH_INCOME,7,5.700466027585454,118,0.0
26,WFAgent18,MALE_HIGH_INCOME,10,9.214824976025913,0,0.0
26,WFAgent17,FEMALE_OLD,22,18.785058364159788,0,0.0
26,WFAgent16,MALE_YOUNG_HIGH_INCOME,4,4.351521206702521,4,3.878807856824585
26,WFAgent15,MALE_YOUNG,18,20.652276630139458,371,0.0
26,WFAgent14,MALE_YOUNG_HIGH_INCOME,4,3.694575790628976,85,0.0
26,WFAgent13,MALE_OLD,20,26.299074295334798,28,25.80150993287254
26,WFAgent12,FEMALE_HIGH_INCOME,5,4.355958424239864,0,0.0
26,WFAgent11,MALE_OLD_HIGH_INCOME,7,7.1365286648590995,8,6.514818317240519
26,WFAgent0,MALE_YOUNG_LOW_INCOME,14,13.813231063361066,0,0.0
26,WFAgent10,MALE_HIGH_INCOME,10,10.37294996691834,11,10.136307473628504
26,WFAgent1,FEMALE_OLD_LOW_INCOME,19,19.888550793120302,22,19.59980228559164
26,WFAgent2,FEMALE_YOUNG_LOW_INCOME,15,14.603208258522278,16,14.254401662248462
26,WFAgent3,OLD_LOW_INCOME,32,34.88060846659455,349,0.0
26,WFAgent4,MALE_OLD_LOW_INCOME,14,14.297071732583042,0,0.0
26,WFAgent5,FEMALE_YOUNG_LOW_INCOME,15,14.49015197125559,406,0.0
27,WFAgent6,MALE_LOW_INCOME,28,25.803104552447202,0,0.0
27,WFAgent7,FEMALE_YOUNG_HIGH_INCOME,2,1.8427137071899815,0,0.0
27,WFAgent8,MALE_YOUNG_HIGH_INCOME,4,3.5366123850999855,81,0.0
27,WFAgent9,OLD_HIGH_INCOME,10,11.400458349827677,13,11.207714701749195
27,SIAgent0,FEMALE_YOUNG,17,17.68531667435093,394,4.161250982200219
27,WFAgent18,MALE_OLD,20,19.370650633569582,154,0.0
27,WFAgent17,FEMALE_OLD_HIGH_INCOME,4,4.188745030594742,4,3.7036111717758886
27,WFAgent16,MALE_HIGH_INCOME,10,8.621319001345537,0,0.0
27,WFAgent15,OLD_LOW_INCOME,32,36.87679056533821,359,0.0
27,WFAgent14,YOUNG_HIGH_INCOME,6,7.100374273384097,6,6.185124767176932
27,WFAgent13,OLD_LOW_INCOME,32,33.60531513338715,492,0.0
27,WFAgent12,FEMALE_HIGH_INCOME,5,5.248488652982055,5,5.2015637277502735
27,WFAgent11,FEMALE_YOUNG_LOW_INCOME,15,15.044653297513541,0,0.0
27,WFAgent0,YOUNG_HIGH_INCOME,6,6.412185764715568,7,6.189071673924975
27,WFAgent10,YOUNG_HIGH_INCOME,6,6.185124767176931,7,6.034923300941875
27,WFAgent1,YOUNG_LOW_INCOME,29,31.306026377985948,384,0.0
27,WFAgent2,FEMALE_HIGH_INCOME,5,5.168353763093929,60,0.0
27,WFAgent3,YOUNG_LOW_INCOME,29,31.361005650091542,30,31.20938236650162
27,WFAgent4,FEMALE_OLD_HIGH_INCOME,4,4.314343320379693,4,4.134683010475143
27,WFAgent5,FEMALE_HIGH_INCOME,5,4.629513964719861,0,0.0
28,WFAgent6,YOUNG_LOW_INCOME,29,27.166232996744725,336,0.0
28,WFAgent7,MALE_OLD_HIGH_INCOME,7,6.972409517557652,7,6.7599921461270265
28,WFAgent8,YOUNG_LOW_INCOME,29,28.590219103449154,30,28.102999651804865
28,WFAgent9,OLD_HIGH_INCOME,10,11.203330780270006,10,10.28902672715091
28,SIAgent0,MALE_HIGH_INCOME,10,11.32539480940473,11,11.026802001407544
28,WFAgent18,YOUNG_HIGH_INCOME,6,5.035446375107327,0,0.0
28,WFAgent17,FEMALE_YOUNG,17,12.952238662361392,56,0.0
28,WFAgent16,MALE_OLD_HIGH_INCOME,7,6.832496721082827,119,0.0
28,WFAgent15,YOUNG_LOW_INCOME,29,28.035165256856484,367,0.0
28,WFAgent14,MALE_HIGH_INCOME,10,9.8464135989123,61,0.0
28,WFAgent13,MALE_LOW_INCOME,28,26.425653546564995,383,0.0
28,WFAgent12,FEMALE_OLD_HIGH_INCOME,4,4.3754778777151895,5,4.207086182746703
28,WFAgent11,FEMALE_OLD,22,18.511179204085494,0,0.0
28,WFAgent0,MALE_OLD_HIGH_INCOME,7,7.202318709005635,7,6.892489519238609
28,WFAgent10,FEMALE_OLD_LOW_INCOME,19,18.792733400750052,475,0.0
28,WFAgent1,MALE_OLD,20,19.31426327464865,0,0.0
28,WFAgent2,MALE_OLD_HIGH_INCOME,7,7.235046843795637,7,6.972409517557651
28,WFAgent3,FEMALE_OLD_LOW_INCOME,19,19.996624630937397,23,19.352596440634827
28,WFAgent4,MALE_YOUNG,18,19.824996117563664,23,19.30254443791142
28,WFAgent5,FEMALE_OLD_HIGH_INCOME,4,3.5461817665681434,80,0.0
29,WFAgent6,FEMALE_HIGH_INCOME,5,5.097471224425474,5,4.574297870857717
29,WFAgent7,MALE_YOUNG_HIGH_INCOME,4,4.389237169953531,4,3.697160240096287
29,WFAgent8,MALE_LOW_INCOME,28,24.698423485177756,0,0.0
29,WFAgent9,OLD_LOW_INCOME,32,36.522117627670326,455,0.0
29,SIAgent0,MALE_YOUNG_HIGH_INCOME,4,3.697160240096287,93,3.697160240096287
29,WFAgent18,MALE_YOUNG_HIGH_INCOME,4,3.959986617099078,4,3.697160240096287
29,WFAgent17,FEMALE_HIGH_INCOME,5,4.574297870857717,0,0.0
29,WFAgent16,MALE_OLD_HIGH_INCOME,7,7.826011695943407,7,6.928388270436773
29,WFAgent15,MALE_OLD_LOW_INCOME,14,14.189450123551135,346,0.0
29,WFAgent14,OLD_HIGH_INCOME,10,8.336361492932694,80,0.0
29,WFAgent13,MALE_OLD,20,20.71512246544051,24,20.007267583038466
29,WFAgent12,FEMALE_YOUNG_HIGH_INCOME,2,2.172999975929157,2,1.9672340574701672
29,WFAgent11,YOUNG_HIGH_INCOME,6,7.173118114303684,7,7.136459714195665
29,WFAgent0,FEMALE_LOW_INCOME,33,37.92102850071986,36,37.23967508091326
29,WFAgent10,OLD_HIGH_INCOME,10,9.89769752919539,147,0.0
29,WFAgent1,FEMALE_LOW_INCOME,33,34.1363688241705,0,0.0
29,WFAgent2,OLD_LOW_INCOME,32,31.885806390032023,0,0.0
29,WFAgent3,FEMALE_YOUNG_LOW_INCOME,15,15.773916486656972,384,0.0
29,WFAgent4,FEMALE_HIGH_INCOME,5,4.918085143675418,34,0.0
29,WFAgent5,MALE_OLD_LOW_INCOME,14,15.28318759632277,15,14.946471745327512
30,WFAgent6,YOUNG_LOW_INCOME,29,32.09393099063964,376,0.0
30,WFAgent7,MALE_OLD,20,19.176166172899908,109,15.735661497546232
30,WFAgent8,FEMALE_LOW_INCOME,33,33.58227585399926,427,0.0
30,WFAgent9,YOUNG_HIGH_INCOME,6,4.651231631249802,66,0.0
30,SIAgent0,MALE_HIGH_INCOME,10,8.281927103971704,63,8.281927103971702
30,WFAgent18,MALE_OLD,20,21.336716782819945,21,21.066210176329033
30,WFAgent17,MALE_OLD_LOW_INCOME,14,11.872218482726257,0,0.0
30,WFAgent16,YOUNG_HIGH_INCOME,6,5.165547277608904,51,0.0
30,WFAgent15,FEMALE_HIGH_INCOME,5,5.3385593981981225,75,0.0
30,WFAgent14,MALE_LOW_INCOME,28,28.08828023510539,0,0.0
30,WFAgent13,MALE_OLD,20,21.20194513852339,25,20.704817759929263
30,WFAgent12,MALE_YOUNG_HIGH_INCOME,4,4.176405053586998,5,4.140963551985852
30,WFAgent11,MALE_OLD_LOW_INCOME,14,14.505015149147834,305,0.0
30,WFAgent0,MALE_OLD_HIGH_INCOME,7,7.62735744066075,7,6.711658160514967
30,WFAgent10,FEMALE_YOUNG,17,18.303086873586384,398,0.0
30,WFAgent1,FEMALE_YOUNG_HIGH_INCOME,2,2.1241926876597903,2,1.550410543749934
30,WFAgent2,FEMALE_OLD_LOW_INCOME,19,18.607492305331455,0,0.0
30,WFAgent3,OLD_LOW_INCOME,32,37.146303796057616,36,36.63521002254464
30,WFAgent4,FEMALE_YOUNG,17,17.182184841559824,0,0.0
30,WFAgent5,OLD_LOW_INCOME,32,33.35818909963107,34,33.2976178095405
31,WFAgent6,YOUNG_LOW_INCOME,29,27.431883819649425,318,0.0
31,WFAgent7,MALE_YOUNG_HIGH_INCOME,4,4.497750199810425,4,3.743753261724914
31,WFAgent8,MALE_OLD_LOW_INCOME,14,14.1544962865978,351,0.0
31,WFAgent9,FEMALE_LOW_INCOME,33,26.660090053022284,0,0.0
31,SIAgent0,FEMALE_OLD,22,23.379906696209527,25,22.605012660323094
31,WFAgent18,FEMALE_YOUNG,17,15.040515635313893,342,0.0
31,WFAgent17,MALE_LOW_INCOME,28,24.240569206735895,0,0.0
31,WFAgent16,YOUNG_LOW_INCOME,29,32.486713961441474,40,32.31526067033003
31,WFAgent15,MALE_LOW_INCOME,28,30.439649724000702,35,30.30071150841987
31,WFAgent14,FEMALE_LOW_INCOME,33,33.221298140505475,38,32.95376256472938
31,WFAgent13,MALE_OLD,20,19.897523482364697,182,0.0
31,WFAgent12,FEMALE_OLD_LOW_INCOME,19,17.240933825278674,413,0.0
31,WFAgent11,MALE_OLD,20,15.810142514740274,0,0.0
31,WFAgent0,MALE_HIGH_INCOME,10,10.7649865895231,13,10.620777273531756
31,WFAgent10,FEMALE_HIGH_INCOME,5,5.254809379059753,79,0.0
31,WFAgent1,YOUNG_HIGH_INCOME,6,4.9018972031685015,0,0.0
31,WFAgent2,FEMALE_YOUNG_LOW_INCOME,15,16.92717846808139,16,16.10729606812387
31,WFAgent3,MALE_YOUNG_HIGH_INCOME,4,3.743753261724914,91,0.0
31,WFAgent4,FEMALE_OLD,22,19.078494116422263,0,0.0
31,WFAgent5,FEMALE_YOUNG_HIGH_INCOME,2,1.7193619658629529,53,0.0
32,WFAgent6,FEMALE_OLD_HIGH_INCOME,4,4.683862899036924,4,4.016003510024046
32,WFAgent7,MALE_HIGH_INCOME,10,11.115921869238282,11,10.700333829713133
32,WFAgent8,MALE_HIGH_INCOME,10,11.632973691577913,11,10.742247735559772
32,WFAgent9,FEMALE_HIGH_INCOME,5,4.546470336320935,0,0.0
32,SIAgent0,FEMALE_YOUNG_HIGH_INCOME,2,1.9460368890030395,2,1.9460368890030395
32,WFAgent18,MALE_YOUNG_LOW_INCOME,14,14.55595259062192,354,0.0
32,WFAgent17,MALE_YOUNG,18,17.509637175894213,0,0.0
32,WFAgent16,MALE_OLD,20,18.51803914053973,329,0.0
32,WFAgent15,MALE_LOW_INCOME,28,28.645112325734868,32,28.48943293528236
32,WFAgent14,FEMALE_YOUNG_LOW_INCOME,15,12.416354849423941,409,0.0
32,WFAgent13,MALE_OLD,20,17.805895584551468,0,0.0
32,WFAgent12,FEMALE_HIGH_INCOME,5,5.513546728886242,36,4.865092222507599
32,WFAgent11,OLD_HIGH_INCOME,10,11.908778609605276,11,11.044009652566128
32,WFAgent0,FEMALE_YOUNG,17,14.738463017627879,0,0.0
32,WFAgent10,FEMALE_OLD_HIGH_INCOME,4,4.217871259776154,4,3.6371762690567477
32,WFAgent1,YOUNG_LOW_INCOME,29,25.618764175633885,0,0.0
32,WFAgent2,OLD_HIGH_INCOME,10,10.99047928244011,11,10.184921527296853
32,WFAgent3,MALE_OLD_HIGH_INCOME,7,6.994354757900607,140,0.0
32,WFAgent4,MALE_YOUNG,18,17.57822356727963,67,0.0
32,WFAgent5,OLD_HIGH_INCOME,10,10.040008775060114,74,0.0
33,WFAgent6,MALE_HIGH_INCOME,10,8.241057811621467,0,0.0
33,WFAgent7,YOUNG_LOW_INCOME,29,32.26979473933575,377,0.0
33,WFAgent8,FEMALE_OLD,22,21.861566204303767,81,0.0
33,WFAgent9,FEMALE_YOUNG_HIGH_INCOME,2,2.055143952306875,53,0.0
33,SIAgent0,MALE_OLD,20,19.923527306044083,19,18.92735094074188
33,WFAgent18,YOUNG_LOW_INCOME,29,26.79854151917439,0,0.0
33,WFAgent17,MALE_LOW_INCOME,28,30.8897647668507,385,0.0
33,WFAgent16,OLD_LOW_INCOME,32,31.28862618841929,0,0.0
33,WFAgent15,MALE_YOUNG_HIGH_INCOME,4,3.401073421704966,99,0.0
33,WFAgent14,FEMALE_LOW_INCOME,33,31.32426935349602,432,0.0
33,WFAgent13,FEMALE_HIGH_INCOME,5,4.6303314825985025,0,0.0
33,WFAgent12,FEMALE_OLD_HIGH_INCOME,4,4.022466387782646,4,3.704265186078802
33,WFAgent11,MALE_OLD_LOW_INCOME,14,15.275251270249504,344,2.988529095906612
33,WFAgent0,OLD_HIGH_INCOME,10,10.329469583260222,11,10.097587097623956
33,WFAgent10,FEMALE_OLD_LOW_INCOME,19,18.39707463433659,20,17.86701229049398
33,WFAgent1,MALE_OLD_HIGH_INCOME,7,6.4203254039549105,128,0.0
33,WFAgent2,FEMALE_OLD_LOW_INCOME,19,19.78086251616712,20,18.984405668785477
33,WFAgent3,FEMALE_OLD_LOW_INCOME,19,16.973661675969275,0,0.0
33,WFAgent4,FEMALE_HIGH_INCOME,5,5.2891619100810265,5,4.6303314825985025
33,WFAgent5,FEMALE_OLD_LOW_INCOME,19,21.960427597392563,22,21.861566204303756
34,WFAgent6,OLD_HIGH_INCOME,10,10.388622321372091,160,0.0
34,WFAgent7,FEMALE_LOW_INCOME,33,41.29351988796363,42,40.55285042043226
34,WFAgent8,YOUNG_HIGH_INCOME,6,5.836762399634046,0,0.0
34,WFAgent9,FEMALE_OLD,22,21.31224592332201,73,0.0
34,SIAgent0,MALE_LOW_INCOME,28,19.08668659681981,153,19.086686596819806
34,WFAgent18,FEMALE_YOUNG_HIGH_INCOME,2,1.880360951386742,0,0.0
34,WFAgent17,FEMALE_OLD_LOW_INCOME,19,18.375398497001008,431,0.0
34,WFAgent16,FEMALE_LOW_INCOME,33,31.649810559694345,0,0.0
34,WFAgent15,FEMALE_YOUNG,17,16.41424897969877,52,0.0
34,WFAgent14,MALE_LOW_INCOME,28,25.638440903762962,37,25.221693002940448
34,WFAgent13,FEMALE_OLD_HIGH_INCOME,4,3.096473247192552,0,0.0
34,WFAgent12,FEMALE_OLD_LOW_INCOME,19,21.329697786554053,22,21.099873706462887
34,WFAgent11,FEMALE_YOUNG_LOW_INCOME,15,16.26171149132766,331,0.0
34,WFAgent0,FEMALE_HIGH_INCOME,5,5.409806436729115,6,5.396231787405563
34,WFAgent10,MALE_LOW_INCOME,28,24.496489275590235,285,17.04168446144626
34,WFAgent1,YOUNG_HIGH_INCOME,6,6.26691127245575,98,0.0
34,WFAgent2,MALE_OLD,20,22.723336679009112,25,21.871865424634144
34,WFAgent3,MALE_OLD_HIGH_INCOME,7,6.049591998712634,0,0.0
34,WFAgent4,FEMALE_OLD_LOW_INCOME,19,21.957023487234782,22,21.312245923322003
34,WFAgent5,FEMALE_OLD,22,19.786183220487064,0,0.0
35,WFAgent6,MALE_YOUNG_LOW_INCOME,14,15.678208348885645,373,0.0
35,WFAgent7,FEMALE_YOUNG_HIGH_INCOME,2,2.230933526285952,2,2.011800937180549
35,WFAgent8,FEMALE_YOUNG_LOW_INCOME,15,14.326822342237561,395,0.0
35,WFAgent9,FEMALE_YOUNG,17,15.38873633408674,0,0.0
35,SIAgent0,FEMALE_YOUNG_LOW_INCOME,15,15.377614743594451,16,14.4835165497287
35,WFAgent18,YOUNG_HIGH_INCOME,6,6.028203887662792,85,0.0
35,WFAgent17,FEMALE_OLD_LOW_INCOME,19,21.623390490557558,466,0.0
35,WFAgent16,MALE_LOW_INCOME,28,27.645790364558472,342,0.0
35,WFAgent15,MALE_OLD_LOW_INCOME,14,10.182459318095784,0,0.0
35,WFAgent14,MALE_YOUNG_LOW_INCOME,14,15.803411368781623,14,14.990866458984799
35,WFAgent13,FEMALE_OLD_LOW_INCOME,19,19.380684783934008,0,0.0
35,WFAgent12,FEMALE_HIGH_INCOME,5,5.029502342951373,71,0.0
35,WFAgent11,MALE_LOW_INCOME,28,29.98173291796959,31,29.834582453823977
35,WFAgent0,FEMALE_HIGH_INCOME,5,4.42877821766638,0,0.0
35,WFAgent10,FEMALE_YOUNG_HIGH_INCOME,2,1.9761843536690604,36,0.0
35,WFAgent1,MALE_HIGH_INCOME,10,11.30118739574134,12,11.26394316511726
35,WFAgent2,FEMALE_HIGH_INCOME,5,5.263434570474814,5,4.526098921790218
35,WFAgent3,MALE_LOW_INCOME,28,26.947364797002294,0,0.0
35,WFAgent4,MALE_OLD_HIGH_INCOME,7,7.077706363777194,152,0.0
35,WFAgent5,MALE_YOUNG_HIGH_INCOME,4,3.7546477217057537,0,0.0
36,WFAgent6,FEMALE_OLD_LOW_INCOME,19,15.430723252195781,421,0.0
36,WFAgent7,FEMALE_OLD,22,17.200379733033287,0,0.0
36,WFAgent8,OLD_HIGH_INCOME,10,9.66685684900402,47,0.0
36,WFAgent9,YOUNG_LOW_INCOME,29,28.84928399641734,0,0.0
36,SIAgent0,FEMALE_OLD_HIGH_INCOME,4,4.4733098762640235,4,3.866742739601608
36,WFAgent18,FEMALE_OLD,22,22.747345531527575,29,22.673227829907507
36,WFAgent17,FEMALE_OLD_LOW_INCOME,19,19.922710301057045,21,19.197048002264196
36,WFAgent16,FEMALE_YOUNG_HIGH_INCOME,2,2.1513960254036366,2,1.8850886695249256
36,WFAgent15,MALE_YOUNG,18,19.061118712007904,388,0.0
36,WFAgent14,MALE_OLD,20,20.987723143088516,346,0.0
36,WFAgent13,FEMALE_LOW_INCOME,33,33.93077650299615,41,33.29787649158033
36,WFAgent12,YOUNG_LOW_INCOME,29,32.01749585111989,380,0.0
36,WFAgent11,MALE_OLD_HIGH_INCOME,7,7.332796432407669,7,7.136240487254875
36,WFAgent0,FEMALE_OLD_LOW_INCOME,19,17.36875771633426,22,17.200379733033284
36,WFAgent10,MALE_OLD_HIGH_INCOME,7,6.474341449390725,0,0.0
36,WFAgent1,MALE_HIGH_INCOME,10,10.194629267506963,87,0.0
36,WFAgent2,MALE_OLD_HIGH_INCOME,7,7.17489481708585,150,0.0
36,WFAgent3,FEMALE_YOUNG_HIGH_INCOME,2,1.9543374654338597,55,0.0
36,WFAgent4,MALE_YOUNG_HIGH_INCOME,4,3.2447925663942745,0,0.0
36,WFAgent5,YOUNG_HIGH_INCOME,6,5.655266008574777,0,0.0
37,WFAgent6,FEMALE_HIGH_INCOME,5,5.004119718524881,53,0.0
37,WFAgent7,FEMALE_YOUNG_LOW_INCOME,15,18.545640708661843,19,18.05533986049045
37,WFAgent8,OLD_HIGH_INCOME,10,10.359192591235074,160,0.0
37,WFAgent9,FEMALE_YOUNG_HIGH_INCOME,2,1.7623741409563938,0,0.0
37,SIAgent0,YOUNG_LOW_INCOME,29,27.558150313380153,765,19.95590195106839
37,WFAgent18,FEMALE_HIGH_INCOME,5,5.254483921703813,5,4.949088767482808
37,WFAgent17,YOUNG_HIGH_INCOME,6,6.674218398255075,7,6.499770840311369
37,WFAgent16,FEMALE_YOUNG_HIGH_INCOME,2,2.3570381261138924,2,2.0016478874099524
37,WFAgent15,FEMALE_HIGH_INCOME,5,5.914491355128942,5,5.254483921703813
37,WFAgent14,MALE_HIGH_INCOME,10,7.924589571681379,0,0.0
37,WFAgent13,FEMALE_OLD_LOW_INCOME,19,19.56096441405862,0,0.0
37,WFAgent12,FEMALE_YOUNG,17,15.313259100336701,0,0.0
37,WFAgent11,FEMALE_OLD_LOW_INCOME,19,20.249738608894408,438,0.0
37,WFAgent0,MALE_HIGH_INCOME,10,11.880404896916339,12,11.142464297676632
37,WFAgent10,FEMALE_HIGH_INCOME,5,4.949088767482808,0,0.0
37,WFAgent1,FEMALE_OLD_HIGH_INCOME,4,4.190670996819174,4,3.959271013986246
37,WFAgent2,MALE_HIGH_INCOME,10,9.285386914730527,102,0.0
37,WFAgent3,FEMALE_OLD,22,23.597027873972745,22,22.79022370071715
37,WFAgent4,MALE_YOUNG_HIGH_INCOME,4,3.9492812446739016,4,3.1698358286725514
37,WFAgent5,FEMALE_YOUNG_HIGH_INCOME,2,1.9984188545299792,45,0.0
38,WFAgent6,OLD_HIGH_INCOME,10,10.07179864669718,10,9.608817773364315
38,WFAgent7,FEMALE_OLD_HIGH_INCOME,4,3.8435271093457253,4,3.6278368728313652
38,WFAgent8,MALE_OLD_LOW_INCOME,14,13.96059740638675,14,13.474313212172616
38,WFAgent9,FEMALE_HIGH_INCOME,5,4.175434779223947,0,0.0
38,SIAgent0,FEMALE_YOUNG,17,18.387987249877966,427,0.0
38,WFAgent18,MALE_OLD_LOW_INCOME,14,13.593197970879388,14,13.277123752458193
38,WFAgent17,MALE_LOW_INCOME,28,24.700021829048488,0,0.0
38,WFAgent16,OLD_LOW_INCOME,32,30.347711434190153,0,0.0
38,WFAgent15,OLD_HIGH_INCOME,10,9.069592182078413,0,0.0
38,WFAgent14,MALE_LOW_INCOME,28,24.903933612073164,315,0.0
38,WFAgent13,MALE_OLD_HIGH_INCOME,7,6.876831998355247,154,0.0
38,WFAgent12,FEMALE_OLD,22,20.945359363675113,50,0.0
38,WFAgent11,OLD_LOW_INCOME,32,31.313745436417836,471,0.0
38,WFAgent0,MALE_HIGH_INCOME,10,9.406743382083384,0,0.0
38,WFAgent10,OLD_HIGH_INCOME,10,11.435925359137629,12,11.288092058500062
38,WFAgent1,OLD_LOW_INCOME,32,30.798430199251683,34,29.992883649558873
38,WFAgent2,MALE_HIGH_INCOME,10,10.268562127398335,10,9.406743382083384
38,WFAgent3,FEMALE_OLD_HIGH_INCOME,4,4.170572749823155,4,3.988720792601127
38,WFAgent4,FEMALE_OLD_HIGH_INCOME,4,3.988720792601127,4,3.808247157031839
38,WFAgent5,MALE_HIGH_INCOME,10,10.026330564001336,100,0.0
39,WFAgent6,FEMALE_YOUNG,17,15.646004080998495,10,0.0
39,WFAgent7,YOUNG_HIGH_INCOME,6,6.799751875938776,6,6.221710139332888
39,WFAgent8,FEMALE_YOUNG_HIGH_INCOME,2,2.3622106210079346,2,2.2337752612345025
39,WFAgent9,MALE_HIGH_INCOME,10,10.146768765613517,81,0.0
39,SIAgent0,MALE_LOW_INCOME,28,27.85191931703789,697,11.936536850159094
39,WFAgent18,OLD_HIGH_INCOME,10,9.95422715319525,169,0.0
39,WFAgent17,FEMALE_YOUNG_HIGH_INCOME,2,1.7152377141753299,0,0.0
39,WFAgent16,FEMALE_LOW_INCOME,33,29.871543921416723,0,0.0
39,WFAgent15,MALE_YOUNG_HIGH_INCOME,4,4.291532532790789,4,4.0587075062454065
39,WFAgent14,FEMALE_YOUNG,17,15.88494317870134,18,15.437139427577973
39,WFAgent13,OLD_LOW_INCOME,32,28.168964290142206,0,0.0
39,WFAgent12,FEMALE_HIGH_INCOME,5,5.584438153086256,5,4.672042111382747
39,WFAgent11,FEMALE_OLD_HIGH_INCOME,4,3.2378175972834646,0,0.0
39,WFAgent0,YOUNG_HIGH_INCOME,6,6.221710139332888,6,5.667295310759643
39,WFAgent10,FEMALE_YOUNG_HIGH_INCOME,2,2.0486797150399516,2,1.8407063624704112
39,WFAgent1,FEMALE_OLD_HIGH_INCOME,4,4.345157091933328,94,0.0
39,WFAgent2,MALE_YOUNG,18,18.774462478666884,18,17.904805275238637
39,WFAgent3,YOUNG_LOW_INCOME,29,28.27425378313261,387,0.0
39,WFAgent4,MALE_YOUNG,18,17.00188593227893,0,0.0
39,WFAgent5,MALE_YOUNG_HIGH_INCOME,4,4.479690487600706,4,4.172102773037086
40,WFAgent6,MALE_YOUNG_LOW_INCOME,14,11.569325398201588,0,0.0
40,WFAgent7,MALE_OLD_LOW_INCOME,14,15.867667748151426,355,0.0
40,WFAgent8,FEMALE_OLD,22,20.302881760890187,0,0.0
40,WFAgent9,FEMALE_OLD_HIGH_INCOME,4,4.12535907038147,4,3.5568021001986674
40,SIAgent0,FEMALE_YOUNG_HIGH_INCOME,2,1.9209720405625437,2,1.9209720405625437
40,WFAgent18,MALE_YOUNG_LOW_INCOME,14,13.800036360056792,373,0.0
40,WFAgent17,OLD_HIGH_INCOME,10,8.892005250496668,0,0.0
40,WFAgent16,OLD_HIGH_INCOME,10,10.977503112430675,10,10.313397675953675
40,WFAgent15,FEMALE_OLD_HIGH_INCOME,4,4.191189239860325,4,3.7877363513838755
40,WFAgent14,MALE_OLD,20,21.099454871122646,140,0.0
40,WFAgent13,FEMALE_YOUNG_LOW_INCOME,15,16.667720934736877,392,0.0
40,WFAgent12,MALE_YOUNG,18,20.41314574323233,119,0.0
40,WFAgent11,FEMALE_OLD,22,20.832549932611315,484,0.0
40,WFAgent0,MALE_OLD_LOW_INCOME,14,13.618996327588654,0,0.0
40,WFAgent10,MALE_OLD_HIGH_INCOME,7,5.958046558217952,0,0.0
40,WFAgent1,MALE_YOUNG_LOW_INCOME,14,15.362073819209918,18,14.874846940544906
40,WFAgent2,FEMALE_YOUNG,17,15.951892455576564,0,0.0
40,WFAgent3,FEMALE_YOUNG_HIGH_INCOME,2,1.9227867042111462,45,1.9209720405625437
40,WFAgent4,OLD_HIGH_INCOME,10,9.07172737039036,54,0.0
40,WFAgent5,MALE_YOUNG_HIGH_INCOME,4,4.059953833720504,0,0.0
41,WFAgent6,FEMALE_OLD_HIGH_INCOME,4,3.826356540097988,93,0.0
41,WFAgent7,MALE_OLD_LOW_INCOME,14,12.13702941706347,0,0.0
41,WFAgent8,FEMALE_LOW_INCOME,33,36.11016899019789,38,35.29377783949803
41,WFAgent9,MALE_YOUNG_HIGH_INCOME,4,4.20411743440972,4,3.897839577490758
41,SIAgent0,MALE_YOUNG_LOW_INCOME,14,16.241458408458143,15,15.42914993410771
41,WFAgent18,MALE_OLD_LOW_INCOME,14,14.646268280899594,15,13.971416383834633
41,WFAgent17,FEMALE_LOW_INCOME,33,36.04916096472536,391,0.0
41,WFAgent16,MALE_YOUNG,18,19.03177264843306,361,0.0
41,WFAgent15,MALE_OLD_LOW_INCOME,14,13.039988624912322,306,0.0
41,WFAgent14,MALE_HIGH_INCOME,10,9.984333825130742,86,0.0
41,WFAgent13,FEMALE_OLD_HIGH_INCOME,4,4.092233530787523,5,3.966428729490086
41,WFAgent12,MALE_OLD_HIGH_INCOME,7,6.018156056891349,177,0.0
41,WFAgent11,MALE_OLD_LOW_INCOME,14,13.571548416039052,14,12.96907734491066
41,WFAgent0,MALE_YOUNG,18,18.514979920929257,0,0.0
41,WFAgent10,OLD_LOW_INCOME,32,29.643605359795792,0,0.0
41,WFAgent1,FEMALE_OLD_LOW_INCOME,19,17.646888919749006,409,0.0
41,WFAgent2,FEMALE_YOUNG_LOW_INCOME,15,13.26865252348628,0,0.0
41,WFAgent3,MALE_HIGH_INCOME,10,9.744598943726896,0,0.0
41,WFAgent4,OLD_LOW_INCOME,32,32.32532362711972,34,31.496330694783005
41,WFAgent5,FEMALE_OLD_HIGH_INCOME,4,3.173142983592069,0,0.0
42,WFAgent6,MALE_LOW_INCOME,28,24.27440547278663,0,0.0
42,WFAgent7,MALE_HIGH_INCOME,10,10.136597623099743,142,0.0
42,WFAgent8,MALE_HIGH_INCOME,10,8.932257175069497,0,0.0
42,WFAgent9,OLD_HIGH_INCOME,10,11.42159515061658,12,10.775120557519262
42,SIAgent0,FEMALE_OLD,22,20.665322773359154,22,20.66532277335915
42,WFAgent18,YOUNG_HIGH_INCOME,6,5.757811689027671,52,0.0
42,WFAgent17,MALE_YOUNG,18,14.840158008153896,0,0.0
42,WFAgent16,MALE_YOUNG_HIGH_INCOME,4,3.8094324289265376,88,0.0
42,WFAgent15,MALE_YOUNG_HIGH_INCOME,4,4.282439988844497,4,4.054639049239897
42,WFAgent14,MALE_YOUNG_LOW_INCOME,14,15.936876342685098,18,15.6049749467914
42,WFAgent13,FEMALE_OLD_HIGH_INCOME,4,3.5468488428260514,64,0.0
42,WFAgent12,FEMALE_OLD_LOW_INCOME,19,20.119424814305788,404,14.089992800017608
42,WFAgent11,FEMALE_OLD_LOW_INCOME,19,20.876253716252272,22,20.66532277335915
42,WFAgent0,MALE_OLD,20,23.332893129692643,386,0.0
42,WFAgent10,YOUNG_HIGH_INCOME,6,5.835518420909717,6,5.359354305041698
42,WFAgent1,YOUNG_HIGH_INCOME,6,5.851702573588056,6,5.757811689027671
42,WFAgent2,FEMALE_OLD_HIGH_INCOME,4,3.0948331700116003,0,0.0
42,WFAgent3,MALE_YOUNG_HIGH_INCOME,4,4.295381216892113,4,4.118712592196249
42,WFAgent4,MALE_YOUNG_HIGH_INCOME,4,4.118712592196249,4,3.8903456139398114
42,WFAgent5,MALE_YOUNG_LOW_INCOME,14,15.882082904910483,388,0.0
43,WFAgent6,FEMALE_YOUNG,17,17.06534705811984,17,16.275380365970083
43,WFAgent7,FEMALE_YOUNG_HIGH_INCOME,2,1.844016566785441,0,0.0
43,WFAgent8,YOUNG_LOW_INCOME,29,27.902814591287264,335,0.0
43,WFAgent9,MALE_OLD_LOW_INCOME,14,15.93852936307162,14,15.114590982243177
43,SIAgent0,OLD_LOW_INCOME,32,28.516025042443644,32,28.516025042443633
43,WFAgent18,MALE_OLD,20,22.693666912440698,21,22.354586054965367
43,WFAgent17,OLD_LOW_INCOME,32,33.40477460223182,310,2.6733773477290916
43,WFAgent16,FEMALE_YOUNG,17,16.799297496711493,18,16.59614910106897
43,WFAgent15,FEMALE_OLD,22,20.3480797040351,442,16.93138986895091
43,WFAgent14,MALE_OLD_HIGH_INCOME,7,6.367474811648581,0,0.0
43,WFAgent13,FEMALE_YOUNG,17,16.27538036597008,391,0.0
43,WFAgent12,MALE_OLD,20,21.592272831775976,24,21.387018781832726
43,WFAgent11,MALE_YOUNG,18,14.537107516898452,89,0.0
43,WFAgent0,FEMALE_HIGH_INCOME,5,4.770221017385481,11,0.0
43,WFAgent10,FEMALE_OLD_HIGH_INCOME,4,3.9941039356577255,51,0.0
43,WFAgent1,FEMALE_OLD_HIGH_INCOME,4,3.6500702377921312,0,0.0
43,WFAgent2,FEMALE_OLD_LOW_INCOME,19,21.363601786401453,23,20.495892999256363
43,WFAgent3,MALE_YOUNG_LOW_INCOME,14,15.241931067428581,18,14.537107516898454
43,WFAgent4,MALE_OLD,20,21.290081957109873,179,0.0
43,WFAgent5,FEMALE_OLD,22,24.579064960360668,25,23.851105086927404
44,WFAgent6,FEMALE_LOW_INCOME,33,30.07745243601569,36,29.85736265580327
44,WFAgent7,YOUNG_HIGH_INCOME,6,5.3876547684828795,0,0.0
44,WFAgent8,FEMALE_LOW_INCOME,33,31.285584758750634,34,30.988890388622234
44,WFAgent9,OLD_LOW_INCOME,32,35.87725407953448,35,35.68903770419127
44,SIAgent0,FEMALE_OLD_LOW_INCOME,19,20.351786488371054,19,20.351786488371054
44,WFAgent18,FEMALE_OLD_HIGH_INCOME,4,3.528739244435078,0,0.0
44,WFAgent17,OLD_LOW_INCOME,32,26.539877916269575,0,0.0
44,WFAgent16,MALE_YOUNG,18,18.311459493102547,80,0.0
44,WFAgent15,MALE_HIGH_INCOME,10,11.17519362773295,12,10.775309536965757
44,WFAgent14,FEMALE_LOW_INCOME,33,31.102400767243548,35,30.778642904628068
44,WFAgent13,MALE_OLD,20,19.25213479653142,172,0.0
44,WFAgent12,MALE_OLD,20,22.0915505975356,357,0.0
44,WFAgent11,FEMALE_YOUNG,17,18.286122324666984,22,18.068692919016534
44,WFAgent0,FEMALE_OLD_LOW_INCOME,19,16.708406148226658,313,0.0
44,WFAgent10,FEMALE_YOUNG_LOW_INCOME,15,13.631944694893622,333,0.0
44,WFAgent1,FEMALE_YOUNG,17,13.962171801058236,0,0.0
44,WFAgent2,FEMALE_YOUNG,17,16.020105255801386,48,0.0
44,WFAgent3,MALE_LOW_INCOME,28,26.485319114109835,405,0.0
44,WFAgent4,MALE_HIGH_INCOME,10,11.850323858473683,11,11.190336356896001
44,WFAgent5,FEMALE_HIGH_INCOME,5,5.2756554469546595,88,0.0
45,WFAgent6,MALE_LOW_INCOME,28,23.867104712801634,0,0.0
45,WFAgent7,FEMALE_LOW_INCOME,33,27.542335285105835,0,0.0
45,WFAgent8,YOUNG_LOW_INCOME,29,23.66349027591164,0,0.0
45,WFAgent9,MALE_YOUNG_HIGH_INCOME,4,3.9888025608173625,83,0.0
45,SIAgent0,MALE_OLD,20,21.25342898616631,20,20.41232957647613
45,WFAgent18,MALE_OLD,20,21.870370619063404,167,20.190757536857987
45,WFAgent17,MALE_OLD,20,19.871089224838222,318,0.0
45,WFAgent16,FEMALE_YOUNG_HIGH_INCOME,2,2.0189603514677392,59,0.0
45,WFAgent15,FEMALE_YOUNG_LOW_INCOME,15,16.627197899434552,17,15.75246457172361
45,WFAgent14,FEMALE_YOUNG_LOW_INCOME,15,15.87531231677031,19,15.85770819445487
45,WFAgent13,FEMALE_HIGH_INCOME,5,5.410236297231213,6,4.672055747396577
45,WFAgent12,FEMALE_YOUNG_LOW_INCOME,15,13.899233445638474,372,0.0
45,WFAgent11,FEMALE_OLD_HIGH_INCOME,4,3.114703831597718,0,0.0
45,WFAgent0,MALE_YOUNG_HIGH_INCOME,4,4.034451622039129,4,3.3083260238696113
45,WFAgent10,MALE_OLD_HIGH_INCOME,7,6.222068007666969,0,0.0
45,WFAgent1,MALE_OLD,20,21.261894856306164,20,21.253428986166302
45,WFAgent2,YOUNG_HIGH_INCOME,6,4.962489035804417,0,0.0
45,WFAgent3,OLD_LOW_INCOME,32,34.34984375439537,463,0.0
45,WFAgent4,MALE_HIGH_INCOME,10,11.638547622967248,11,10.969207042247747
45,WFAgent5,OLD_HIGH_INCOME,10,9.261215040983398,76,0.0
46,WFAgent6,MALE_YOUNG_LOW_INCOME,14,12.75626851178383,0,0.0
46,WFAgent7,MALE_OLD,20,22.000780386106666,153,0.0
46,WFAgent8,FEMALE_OLD_HIGH_INCOME,4,3.6114771246253294,0,0.0
46,WFAgent9,FEMALE_YOUNG_HIGH_INCOME,2,2.019843640552969,2,1.8701335497652527
46,SIAgent0,FEMALE_YOUNG,17,15.896135173004648,17,15.02731621824763
46,WFAgent18,MALE_OLD_LOW_INCOME,14,17.011658008075717,380,0.0
46,WFAgent17,OLD_HIGH_INCOME,10,10.48582278480433,88,0.0
46,WFAgent16,FEMALE_YOUNG,17,14.84114072794255,322,0.0
46,WFAgent15,FEMALE_YOUNG_LOW_INCOME,15,12.68857639561045,0,0.0
46,WFAgent14,MALE_YOUNG_LOW_INCOME,14,14.594667210529499,352,0.0
46,WFAgent13,MALE_YOUNG,18,19.89145007742864,0,0.0
46,WFAgent12,MALE_YOUNG_LOW_INCOME,14,16.80447175210596,18,16.40091665800778
46,WFAgent11,FEMALE_YOUNG,17,16.811214075759175,46,1.8701335497652527
46,WFAgent0,FEMALE_YOUNG_LOW_INCOME,15,13.831176888560233,16,13.534481488651151
46,WFAgent10,FEMALE_LOW_INCOME,33,35.06434903452929,475,0.0
46,WFAgent1,MALE_YOUNG,18,20.164384871792958,113,0.0
46,WFAgent2,FEMALE_YOUNG_LOW_INCOME,15,16.946523715454934,18,16.831201947887273
46,WFAgent3,FEMALE_OLD_LOW_INCOME,19,17.2942985747487,0,0.0
46,WFAgent4,MALE_OLD_HIGH_INCOME,7,7.19206498470947,0,0.0
46,WFAgent5,MALE_LOW_INCOME,28,30.00193075335244,0,0.0
47,WFAgent6,YOUNG_LOW_INCOME,29,29.915034097039964,39,29.19349588227813
47,WFAgent7,MALE_HIGH_INCOME,10,8.733275393049595,0,0.0
47,WFAgent8,FEMALE_HIGH_INCOME,5,4.421203101713841,0,0.0
47,WFAgent9,FEMALE_HIGH_INCOME,5,5.3288134546693104,5,4.487651622666219
47,SIAgent0,MALE_OLD_LOW_INCOME,14,12.960138998822538,337,0.0
47,WFAgent18,OLD_HIGH_INCOME,10,9.720739400938442,11,9.606602932354555
47,WFAgent17,YOUNG_LOW_INCOME,29,26.655646894766946,326,0.0
47,WFAgent16,FEMALE_YOUNG,17,16.340823549371564,50,0.0
47,WFAgent15,FEMALE_OLD,22,21.257636563009967,82,0.0
47,WFAgent14,FEMALE_OLD,22,23.774519705821216,27,22.988129644005266
47,WFAgent13,FEMALE_YOUNG,17,15.258015517065143,0,0.0
47,WFAgent12,FEMALE_OLD,22,18.731068598819114,0,0.0
47,WFAgent11,OLD_HIGH_INCOME,10,10.734378876268915,11,10.182429107568069
47,WFAgent0,OLD_HIGH_INCOME,10,9.256753734152788,122,0.0
47,WFAgent10,FEMALE_YOUNG,17,18.356281658700144,19,17.46404451726111
47,WFAgent1,MALE_HIGH_INCOME,10,11.268985119047827,12,10.479930471659515
47,WFAgent2,YOUNG_LOW_INCOME,29,27.786972441534004,377,0.0
47,WFAgent3,FEMALE_LOW_INCOME,33,31.791271270407336,487,0.0
47,WFAgent4,MALE_HIGH_INCOME,10,9.85043614487062,95,0.0
47,WFAgent5,MALE_LOW_INCOME,28,20.959432941122767,0,0.0
48,WFAgent6,MALE_YOUNG,18,18.82219283583931,20,17.95727803017553
48,WFAgent7,FEMALE_YOUNG_HIGH_INCOME,2,1.6030102766501728,0,0.0
48,WFAgent8,MALE_LOW_INCOME,28,27.136237067847773,333,0.0
48,WFAgent9,MALE_YOUNG_LOW_INCOME,14,14.067912938314352,15,13.362098458806715
48,SIAgent0,OLD_HIGH_INCOME,10,10.146661909309792,227,0.0
48,WFAgent18,OLD_HIGH_INCOME,10,8.63986230764461,0,0.0
48,WFAgent17,MALE_OLD,20,16.965936078816387,0,0.0
48,WFAgent16,MALE_YOUNG_HIGH_INCOME,4,3.5914556060351064,0,0.0
48,WFAgent15,FEMALE_LOW_INCOME,33,31.841707420770994,504,0.0
48,WFAgent14,YOUNG_LOW_INCOME,29,32.544114869020035,33,31.66445966553958
48,WFAgent13,FEMALE_OLD_LOW_INCOME,19,16.504632586065853,0,0.0
48,WFAgent12,MALE_YOUNG_LOW_INCOME,14,12.471291894886267,379,0.0
48,WFAgent11,MALE_YOUNG,18,19.404594483703985,19,18.67193480393208
48,WFAgent0,FEMALE_YOUNG_LOW_INCOME,15,14.445608138334647,16,13.746821621029916
48,WFAgent10,YOUNG_HIGH_INCOME,6,6.677247179547948,8,6.41204110660069
48,WFAgent1,YOUNG_LOW_INCOME,29,24.916114188116733,0,0.0
48,WFAgent2,MALE_YOUNG_HIGH_INCOME,4,3.930933642933068,74,0.0
48,WFAgent3,FEMALE_HIGH_INCOME,5,5.21869116585039,41,0.0
48,WFAgent4,MALE_YOUNG_LOW_INCOME,14,12.722720264958374,14,12.028468918401177
48,WFAgent5,YOUNG_LOW_INCOME,29,27.826343342443884,317,0.0
49,WFAgent6,FEMALE_OLD_HIGH_INCOME,4,4.0468795965468765,77,0.0
49,WFAgent7,FEMALE_OLD,22,23.944828790684742,26,23.41272424171819
49,WFAgent8,FEMALE_YOUNG,17,16.632186418199048,372,0.0
49,WFAgent9,YOUNG_HIGH_INCOME,6,5.772754526891699,94,0.0
49,SIAgent0,MALE_OLD,20,18.40250020365779,498,0.0
49,WFAgent18,OLD_HIGH_INCOME,10,10.179149568615948,11,10.121375112011785
49,WFAgent17,MALE_LOW_INCOME,28,32.09120266785361,34,31.284250346218247
49,WFAgent16,OLD_LOW_INCOME,32,29.529395724169802,405,0.0
49,WFAgent15,FEMALE_OLD_LOW_INCOME,19,22.731577733055843,24,22.147046793127366
49,WFAgent14,OLD_HIGH_INCOME,10,9.689245059770736,0,0.0
49,WFAgent13,MALE_LOW_INCOME,28,30.35692045526234,364,0.0
49,WFAgent12,MALE_YOUNG_HIGH_INCOME,4,4.23986568573057,4,3.547161271251433
49,WFAgent11,MALE_YOUNG_LOW_INCOME,14,11.39532028088765,0,0.0
49,WFAgent0,FEMALE_YOUNG,17,16.789124517765043,30,0.0
49,WFAgent10,YOUNG_LOW_INCOME,29,32.74788223438052,34,32.56257503076058
49,WFAgent1,FEMALE_YOUNG,17,20.41213524790387,20,19.567278139057713
49,WFAgent2,MALE_OLD_HIGH_INCOME,7,7.194408882773274,7,6.782471541839516
49,WFAgent3,FEMALE_OLD_LOW_INCOME,19,17.109298484332523,0,0.0
49,WFAgent4,MALE_YOUNG_HIGH_INCOME,4,3.547161271251433,0,0.0
49,WFAgent5,FEMALE_YOUNG,17,16.281287515380278,0,0.0
50,WFAgent6,YOUNG_LOW_INCOME,29,32.172165567777775,312,0.0
50,WFAgent7,OLD_HIGH_INCOME,10,10.424621725050729,171,0.0
50,WFAgent8,YOUNG_LOW_INCOME,29,32.599574334072386,29,31.707215967770402
50,WFAgent9,FEMALE_YOUNG_LOW_INCOME,15,16.586362450163747,17,16.194242770017475
50,SIAgent0,YOUNG_HIGH_INCOME,6,5.779298153939726,47,5.055864995107356
50,WFAgent18,FEMALE_YOUNG_HIGH_INCOME,2,2.0590785152322213,2,1.9264327179799086
50,WFAgent17,FEMALE_LOW_INCOME,33,31.43588302415157,444,0.0
50,WFAgent16,FEMALE_YOUNG,17,15.200200078055145,20,0.0
50,WFAgent15,OLD_HIGH_INCOME,10,9.490139816470082,0,0.0
50,WFAgent14,FEMALE_OLD,22,21.774226715461765,65,0.0
50,WFAgent13,OLD_LOW_INCOME,32,25.79131732885988,378,0.0
50,WFAgent12,OLD_HIGH_INCOME,10,10.67865093513079,11,10.43915379811709
50,WFAgent11,FEMALE_YOUNG,17,13.915005362799166,0,0.0
50,WFAgent0,FEMALE_OLD_LOW_INCOME,19,20.589814594996643,20,19.794751559510694
50,WFAgent10,FEMALE_YOUNG_HIGH_INCOME,2,1.9483009032693994,2,1.9264327179799086
50,WFAgent1,FEMALE_OLD_LOW_INCOME,19,19.144359423037454,23,18.537509330118038
50,WFAgent2,FEMALE_YOUNG_LOW_INCOME,15,16.245875900269652,377,0.0
50,WFAgent3,FEMALE_YOUNG,17,18.586988670761965,19,18.50885858105929
50,WFAgent4,MALE_OLD_HIGH_INCOME,7,6.499222838580503,0,0.0
50,WFAgent5,MALE_HIGH_INCOME,10,9.334804015051041,63,0.0
51,WFAgent6,FEMALE_HIGH_INCOME,5,4.953196167747368,98,0.0
51,WFAgent7,YOUNG_LOW_INCOME,29,28.006935244350792,349,0.0
51,WFAgent8,MALE_YOUNG_HIGH_INCOME,4,3.783572133046074,99,0.0
51,WFAgent9,YOUNG_LOW_INCOME,29,27.754574295623804,0,0.0
51,SIAgent0,MALE_OLD,20,18.073740208325464,52,17.170053197909194
51,WFAgent18,FEMALE_YOUNG,17,15.569826342889886,0,0.0
51,WFAgent17,FEMALE_YOUNG,17,19.630848680918792,57,0.0
51,WFAgent16,MALE_OLD_HIGH_INCOME,7,6.5805194081120835,7,6.325809072913912
51,WFAgent15,OLD_LOW_INCOME,32,33.78919439221688,33,33.3460303693769
51,WFAgent14,MALE_LOW_INCOME,28,28.06339236288026,201,14.458992166660375
51,WFAgent13,MALE_LOW_INCOME,28,28.625634620889013,28,28.063392362880244
51,WFAgent12,MALE_HIGH_INCOME,10,8.812961009808015,0,0.0
51,WFAgent11,FEMALE_YOUNG_LOW_INCOME,15,14.414998243659024,412,0.0
51,WFAgent0,FEMALE_LOW_INCOME,33,33.88134711098242,0,0.0
51,WFAgent10,MALE_OLD_HIGH_INCOME,7,7.960757083917871,8,7.520593609270953
51,WFAgent1,FEMALE_OLD_LOW_INCOME,19,21.231791747622378,20,21.118246495135555
51,WFAgent2,OLD_LOW_INCOME,32,36.488572662488025,35,35.782043276111295
51,WFAgent3,MALE_LOW_INCOME,28,28.293601525531894,31,28.01429732290448
51,WFAgent4,FEMALE_OLD_LOW_INCOME,19,20.757332568089716,459,0.0
51,WFAgent5,MALE_OLD,20,21.472839321771254,23,20.78480123957429
52,WFAgent6,FEMALE_LOW_INCOME,33,28.178707985334334,463,0.0
52,WFAgent7,MALE_OLD,20,22.75685499652101,21,21.87839350772291
52,WFAgent8,MALE_OLD_LOW_INCOME,14,14.908708885129364,14,14.411992807284223
52,WFAgent9,OLD_LOW_INCOME,32,33.338504392720615,339,0.0
52,SIAgent0,MALE_YOUNG,18,15.550389572456684,24,14.686479040653538
52,WFAgent18,MALE_YOUNG_HIGH_INCOME,4,3.9685901931663583,4,3.4556421272125966
52,WFAgent17,FEMALE_OLD_HIGH_INCOME,4,3.514851240468286,0,0.0
52,WFAgent16,OLD_LOW_INCOME,32,29.237904658412546,0,0.0
52,WFAgent15,MALE_LOW_INCOME,28,30.062039421648674,34,29.372958081307083
52,WFAgent14,FEMALE_OLD,22,23.32056224804011,26,22.84653306304387
52,WFAgent13,FEMALE_YOUNG,17,17.69830713403747,0,0.0
52,WFAgent12,FEMALE_OLD_HIGH_INCOME,4,4.477205173369645,4,4.240102226916384
52,WFAgent11,MALE_OLD,20,21.48007688733711,175,0.0
52,WFAgent0,MALE_LOW_INCOME,28,28.823985614568436,306,8.63910531803149
52,WFAgent10,FEMALE_OLD,22,22.915300678724975,54,0.0
52,WFAgent1,YOUNG_HIGH_INCOME,6,6.455913337118245,7,6.047373722622043
52,WFAgent2,FEMALE_HIGH_INCOME,5,5.624289548360322,43,0.0
52,WFAgent3,FEMALE_YOUNG_HIGH_INCOME,2,2.2624311107488078,2,2.1519711123727485
52,WFAgent4,YOUNG_LOW_INCOME,29,33.63899044711748,393,0.0
52,WFAgent5,FEMALE_OLD_HIGH_INCOME,4,4.282891933865077,4,4.166418305222723
53,WFAgent6,FEMALE_YOUNG_LOW_INCOME,15,14.022311037219028,0,0.0
53,WFAgent7,MALE_HIGH_INCOME,10,12.380684845625048,12,11.537549875613033
53,WFAgent8,MALE_YOUNG_HIGH_INCOME,4,4.3305670110676235,4,4.09748983641871
53,WFAgent9,YOUNG_HIGH_INCOME,6,5.639813648710816,0,0.0
53,SIAgent0,OLD_LOW_INCOME,32,29.260908719014928,32,29.260908719014907
53,WFAgent18,OLD_LOW_INCOME,32,33.55268560605934,459,29.260908719014907
53,WFAgent17,FEMALE_OLD_HIGH_INCOME,4,3.857500536550256,69,0.0
53,WFAgent16,FEMALE_HIGH_INCOME,5,4.3001401186466595,0,0.0
53,WFAgent15,OLD_HIGH_INCOME,10,10.328615327379266,10,9.614624896344194
53,WFAgent14,MALE_LOW_INCOME,28,27.72793573156113,314,0.0
53,WFAgent13,YOUNG_HIGH_INCOME,6,6.115821529666057,93,0.0
53,WFAgent12,FEMALE_OLD_HIGH_INCOME,4,4.165695263680824,4,3.857500536550256
53,WFAgent11,OLD_HIGH_INCOME,10,9.614624896344196,0,0.0
53,WFAgent0,FEMALE_YOUNG_HIGH_INCOME,2,2.112864479693287,46,0.0
53,WFAgent10,OLD_LOW_INCOME,32,35.883745480048006,36,35.650203083435734
53,WFAgent1,MALE_YOUNG_HIGH_INCOME,4,4.160128117490341,4,3.7598757658072106
53,WFAgent2,MALE_LOW_INCOME,28,26.883611454390085,338,0.0
53,WFAgent3,MALE_HIGH_INCOME,10,10.243724591046774,157,0.0
53,WFAgent4,YOUNG_LOW_INCOME,29,33.192386433143724,407,0.0
53,WFAgent5,MALE_OLD_LOW_INCOME,14,14.642709733524404,15,14.401934707708978
54,WFAgent6,FEMALE_YOUNG,17,17.434502407566807,396,0.0
54,WFAgent7,MALE_OLD,20,21.321475898092796,348,0.0
54,WFAgent8,FEMALE_HIGH_INCOME,5,4.209089761581729,0,0.0
54,WFAgent9,MALE_LOW_INCOME,28,24.9321971006996,0,0.0
54,SIAgent0,MALE_YOUNG,18,18.289665626646816,18,17.473890338856506
54,WFAgent18,FEMALE_HIGH_INCOME,5,4.692148629980009,45,0.0
54,WFAgent17,MALE_YOUNG_LOW_INCOME,14,12.79396546159537,339,0.0
54,WFAgent16,FEMALE_LOW_INCOME,33,29.910577902003894,469,0.0
54,WFAgent15,YOUNG_HIGH_INCOME,6,6.049252837090741,100,0.0
54,WFAgent14,MALE_YOUNG_HIGH_INCOME,4,4.39409674789773,4,4.064370139254848
54,WFAgent13,FEMALE_HIGH_INCOME,5,5.073108012362745,5,4.692148629980009
54,WFAgent12,FEMALE_YOUNG,17,14.894509361773263,0,0.0
54,WFAgent11,FEMALE_OLD_HIGH_INCOME,4,4.0240128502762005,4,3.3672718092653833
54,WFAgent0,MALE_YOUNG_LOW_INCOME,14,14.520852668422904,14,14.225295487391968
54,WFAgent10,FEMALE_YOUNG_LOW_INCOME,15,18.254356094101993,20,18.12762297091145
54,WFAgent1,MALE_HIGH_INCOME,10,8.801299868486606,0,0.0
54,WFAgent2,FEMALE_OLD_HIGH_INCOME,4,3.7446208231986864,79,0.0
54,WFAgent3,MALE_YOUNG_LOW_INCOME,14,15.84952300759632,15,15.24138802220568
54,WFAgent4,YOUNG_HIGH_INCOME,6,5.004859974754068,0,0.0
54,WFAgent5,MALE_HIGH_INCOME,10,10.422542823438881,144,0.0
55,WFAgent6,MALE_HIGH_INCOME,10,9.825414277389813,80,0.0
55,WFAgent7,YOUNG_HIGH_INCOME,6,5.597053292354535,0,0.0
55,WFAgent8,MALE_YOUNG,18,18.668765458581138,20,18.04579824230366
55,WFAgent9,FEMALE_YOUNG_LOW_INCOME,15,14.034106740901372,369,0.0
55,SIAgent0,MALE_YOUNG,18,17.845276926627076,18,17.083970168609014
55,WFAgent18,OLD_HIGH_INCOME,10,10.852705709022375,177,0.0
55,WFAgent17,FEMALE_OLD_LOW_INCOME,19,18.850695252502877,478,0.0
55,WFAgent16,FEMALE_OLD,22,20.837969387427997,0,0.0
55,WFAgent15,FEMALE_HIGH_INCOME,5,5.382515850015278,83,0.0
55,WFAgent14,MALE_LOW_INCOME,28,27.128008007086613,347,0.0
55,WFAgent13,OLD_HIGH_INCOME,10,9.774406158469054,0,0.0
55,WFAgent12,FEMALE_YOUNG_LOW_INCOME,15,14.55062062195392,15,13.926312792939873
55,WFAgent11,FEMALE_YOUNG,17,15.783154498665192,0,0.0
55,WFAgent0,MALE_YOUNG_LOW_INCOME,14,12.097372600094635,0,0.0
55,WFAgent10,FEMALE_HIGH_INCOME,5,5.772737240005925,5,4.98691968478848
55,WFAgent1,MALE_OLD_LOW_INCOME,14,15.592398460554568,336,0.0
55,WFAgent2,MALE_OLD_LOW_INCOME,14,12.181006514347713,0,0.0
55,WFAgent3,MALE_LOW_INCOME,28,31.504174819608085,31,30.73353248474664
55,WFAgent4,YOUNG_HIGH_INCOME,6,5.984303621746175,39,0.0
55,WFAgent5,FEMALE_YOUNG_HIGH_INCOME,2,2.131778672688647,2,1.865684430784845
56,WFAgent6,FEMALE_OLD,22,22.529865539061184,470,0.0
56,WFAgent7,MALE_OLD_LOW_INCOME,14,14.526116804716917,14,13.62264328364388
56,WFAgent8,MALE_LOW_INCOME,28,29.597708638739924,28,28.906642733985105
56,WFAgent9,MALE_LOW_INCOME,28,29.492227254211606,32,29.327768649293144
56,SIAgent0,MALE_OLD_HIGH_INCOME,7,7.637501507866752,8,7.49468393484837
56,WFAgent18,FEMALE_YOUNG_LOW_INCOME,15,15.52774146359616,16,15.110797172838405
56,WFAgent17,MALE_OLD_HIGH_INCOME,7,6.702539964384347,151,0.0
56,WFAgent16,YOUNG_LOW_INCOME,29,32.798352463264855,31,31.98491744037211
56,WFAgent15,FEMALE_YOUNG_LOW_INCOME,15,14.166372349536005,0,0.0
56,WFAgent14,FEMALE_LOW_INCOME,33,34.04846050104128,359,0.0
56,WFAgent13,MALE_OLD_LOW_INCOME,14,11.543160790729893,0,0.0
56,WFAgent12,FEMALE_OLD,22,19.628363297109924,0,0.0
56,WFAgent11,MALE_YOUNG,18,16.49686986522739,103,0.0
56,WFAgent0,MALE_OLD_HIGH_INCOME,7,6.5578484429923245,0,0.0
56,WFAgent10,FEMALE_YOUNG,17,17.750817901984377,48,0.0
56,WFAgent1,MALE_YOUNG_LOW_INCOME,14,13.341274914351821,316,0.0
56,WFAgent2,MALE_LOW_INCOME,28,27.245286567287767,305,0.0
56,WFAgent3,FEMALE_YOUNG_HIGH_INCOME,2,1.7227625811438645,0,0.0
56,WFAgent4,OLD_HIGH_INCOME,10,10.058195667571924,84,0.0
56,WFAgent5,MALE_LOW_INCOME,28,28.90664273398512,35,28.85790197682472
57,WFAgent6,YOUNG_LOW_INCOME,29,23.86609216876181,362,0.0
57,WFAgent7,MALE_YOUNG_LOW_INCOME,14,15.540756750661728,14,14.653379485472305
57,WFAgent8,MALE_HIGH_INCOME,10,10.349325452625122,129,0.0
57,WFAgent9,MALE_OLD,20,17.665543335706484,0,0.0
57,SIAgent0,MALE_YOUNG_LOW_INCOME,14,14.653379485472309,14,14.433144886618889
57,WFAgent18,OLD_HIGH_INCOME,10,9.71006945702355,10,8.921030694760253
57,WFAgent17,MALE_LOW_INCOME,28,26.22347458699675,339,0.0
57,WFAgent16,FEMALE_OLD_LOW_INCOME,19,20.61368122085566,21,20.074902826272094
57,WFAgent15,FEMALE_HIGH_INCOME,5,5.114113639380832,5,4.768546678041604
57,WFAgent14,MALE_OLD_LOW_INCOME,14,15.267897928851896,16,14.984842621141006
57,WFAgent13,FEMALE_OLD_LOW_INCOME,19,19.92567141849741,22,19.626267528472557
57,WFAgent12,OLD_HIGH_INCOME,10,9.661708236403852,148,0.0
57,WFAgent11,FEMALE_OLD,22,19.626267528472557,0,0.0
57,WFAgent0,FEMALE_YOUNG_HIGH_INCOME,2,1.9127211999629303,49,0.0
57,WFAgent10,MALE_OLD_LOW_INCOME,14,13.256727765797178,349,0.0
57,WFAgent1,FEMALE_OLD,22,21.0308505799041,436,0.0
57,WFAgent2,MALE_YOUNG_LOW_INCOME,14,13.453554240983125,16,13.167499127592722
57,WFAgent3,FEMALE_HIGH_INCOME,5,4.768546678041604,43,0.0
57,WFAgent4,FEMALE_YOUNG,17,15.283344690883194,0,0.0
57,WFAgent5,FEMALE_OLD,22,26.258672841218782,27,26.086612238290417
58,WFAgent6,YOUNG_LOW_INCOME,29,26.912771536055942,0,0.0
58,WFAgent7,FEMALE_OLD_LOW_INCOME,19,19.579618279998922,476,0.0
58,WFAgent8,MALE_OLD_HIGH_INCOME,7,6.790714252224234,170,0.0
58,WFAgent9,FEMALE_YOUNG_HIGH_INCOME,2,2.146685696430588,2,1.9540863984272032
58,SIAgent0,FEMALE_HIGH_INCOME,5,4.885215996068008,5,4.760078453607139
58,WFAgent18,MALE_YOUNG_HIGH_INCOME,4,3.9094639137215514,88,0.0
58,WFAgent17,FEMALE_HIGH_INCOME,5,4.728794067991922,0,0.0
58,WFAgent16,FEMALE_OLD,22,22.926553743166775,80,0.9770431992136016
58,WFAgent15,MALE_YOUNG_LOW_INCOME,14,16.78851112851484,18,16.70447888444852
58,WFAgent14,FEMALE_YOUNG,17,19.011769527713465,20,18.56053209383169
58,WFAgent13,FEMALE_YOUNG,17,17.36724157510339,348,0.0
58,WFAgent12,MALE_OLD_LOW_INCOME,14,12.22006329767697,361,0.0
58,WFAgent11,MALE_HIGH_INCOME,10,10.336521105559076,11,10.159196036834448
58,WFAgent0,FEMALE_OLD_LOW_INCOME,19,20.36141556893774,21,20.092617804549498
58,WFAgent10,MALE_YOUNG_LOW_INCOME,14,13.384220335393062,336,0.0
58,WFAgent1,FEMALE_HIGH_INCOME,5,5.476607685956651,5,4.885215996068008
58,WFAgent2,OLD_LOW_INCOME,32,30.617322368837325,0,0.0
58,WFAgent3,FEMALE_YOUNG_HIGH_INCOME,2,1.9311278772229135,59,0.0
58,WFAgent4,MALE_HIGH_INCOME,10,9.23563276075859,0,0.0
58,WFAgent5,FEMALE_OLD_HIGH_INCOME,4,3.768641047121524,0,0.0
59,WFAgent6,MALE_YOUNG,18,16.35074205694962,308,0.0
59,WFAgent7,YOUNG_HIGH_INCOME,6,5.257205643728983,79,0.0
59,WFAgent8,MALE_HIGH_INCOME,10,12.086591359581421,12,11.250277045847264
59,WFAgent9,YOUNG_HIGH_INCOME,6,4.886090032466862,0,0.0
59,SIAgent0,MALE_YOUNG,18,19.498783127877303,19,18.696577191147714
59,WFAgent18,YOUNG_HIGH_INCOME,6,5.934809410520115,50,0.0
59,WFAgent17,MALE_LOW_INCOME,28,27.031865005544297,32,26.912224321529184
59,WFAgent16,MALE_YOUNG_LOW_INCOME,14,13.754467963990553,15,13.625618380791346
59,WFAgent15,FEMALE_YOUNG_HIGH_INCOME,2,2.020875998579526,2,1.9251238798615513
59,WFAgent14,FEMALE_OLD,22,23.48984692162358,25,22.787477109478054
59,WFAgent13,OLD_HIGH_INCOME,10,11.698028473917404,165,0.0
59,WFAgent12,MALE_OLD_LOW_INCOME,14,14.414610514289198,328,0.0
59,WFAgent11,MALE_OLD_LOW_INCOME,14,15.675074981501796,16,15.446780003168165
59,WFAgent0,YOUNG_LOW_INCOME,29,24.389203291385844,0,0.0
59,WFAgent10,FEMALE_OLD_LOW_INCOME,19,17.457438029797462,454,0.0
59,WFAgent1,MALE_HIGH_INCOME,10,9.689065147193709,11,8.957831726189246
59,WFAgent2,OLD_LOW_INCOME,32,29.167970700131903,0,0.0
59,WFAgent3,FEMALE_OLD_HIGH_INCOME,4,3.8814873216860857,79,0.0
59,WFAgent4,FEMALE_YOUNG,17,16.363552978823186,405,0.0
59,WFAgent5,OLD_HIGH_INCOME,10,9.415562700820269,0,0.0
60,WFAgent6,FEMALE_YOUNG,17,20.04946497466559,20,19.759959376558836
60,WFAgent7,FEMALE_YOUNG_HIGH_INCOME,2,2.06878157648672,2,1.8652649147886209
60,WFAgent8,FEMALE_YOUNG,17,15.170711421701654,0,0.0
60,WFAgent9,FEMALE_OLD,22,21.796543585550616,0,0.0
60,SIAgent0,OLD_LOW_INCOME,32,31.906200231615145,753,24.926718930949317
60,WFAgent18,YOUNG_LOW_INCOME,29,27.690237349816634,391,0.0
60,WFAgent17,MALE_OLD,20,20.428727915926956,151,0.0
60,WFAgent16,YOUNG_LOW_INCOME,29,27.322952080580748,355,0.0
60,WFAgent15,FEMALE_LOW_INCOME,33,36.96571196884628,37,36.891544017805
60,WFAgent14,OLD_LOW_INCOME,32,33.33198336461448,33,32.9032689888531
60,WFAgent13,MALE_YOUNG,18,16.05486464612497,0,0.0
60,WFAgent12,YOUNG_HIGH_INCOME,6,5.595794744365863,98,0.0
60,WFAgent11,FEMALE_HIGH_INCOME,5,4.583349320461686,0,0.0
60,WFAgent0,MALE_YOUNG_HIGH_INCOME,4,3.7355854484053115,4,3.567747699138882
60,WFAgent10,FEMALE_OLD_HIGH_INCOME,4,3.9362893329709365,64,0.0
60,WFAgent1,MALE_HIGH_INCOME,10,10.63114701944345,11,10.258957031337417
60,WFAgent2,FEMALE_OLD,22,23.56841022938054,25,22.91674660230844
60,WFAgent3,MALE_YOUNG_LOW_INCOME,14,13.974012229186403,15,13.379053871770811
60,WFAgent4,FEMALE_YOUNG_LOW_INCOME,15,16.544350412339142,17,16.01690294378871
60,WFAgent5,FEMALE_HIGH_INCOME,5,4.939989844139709,24,0.0
61,WFAgent6,YOUNG_LOW_INCOME,29,30.52862583369501,421,0.0
61,WFAgent7,MALE_LOW_INCOME,28,24.968497186170175,0,0.0
61,WFAgent8,FEMALE_HIGH_INCOME,5,4.8099045293956575,0,0.0
61,WFAgent9,YOUNG_HIGH_INCOME,6,7.538540168161889,6,6.767232516716003
61,SIAgent0,OLD_HIGH_INCOME,10,10.800343663663472,25,10.535922863654761
61,WFAgent18,MALE_HIGH_INCOME,10,11.278720861193339,12,10.978630600266458
61,WFAgent17,YOUNG_HIGH_INCOME,6,5.8375040913573315,81,0.0
61,WFAgent16,FEMALE_OLD_LOW_INCOME,19,19.006655950365,20,18.512581134677387
61,WFAgent15,MALE_OLD,20,22.23446003711497,24,21.94675475169208
61,WFAgent14,OLD_HIGH_INCOME,10,8.779935719712302,64,0.0
61,WFAgent13,MALE_LOW_INCOME,28,28.66590868133206,323,0.0
61,WFAgent12,FEMALE_YOUNG_HIGH_INCOME,2,2.3153139310573616,55,0.0
61,WFAgent11,MALE_OLD,20,19.86476038007854,340,0.0
61,WFAgent0,FEMALE_OLD_LOW_INCOME,19,20.076944377766885,21,19.56452145193639
61,WFAgent10,FEMALE_OLD,22,20.363839248145123,0,0.0
61,WFAgent1,YOUNG_HIGH_INCOME,6,7.075617912997993,7,6.810421439916887
61,WFAgent2,FEMALE_OLD_LOW_INCOME,19,17.70123369460911,430,0.0
61,WFAgent3,MALE_YOUNG,18,16.467945900399688,0,0.0
61,WFAgent4,MALE_OLD,20,18.288962293076732,150,0.0
61,WFAgent5,FEMALE_OLD_LOW_INCOME,19,21.34995294610643,21,21.007356576719207
62,WFAgent6,FEMALE_OLD,22,22.088420921221257,27,21.682463746118742
62,WFAgent7,FEMALE_YOUNG,17,17.11820543900778,21,17.112620641127794
62,WFAgent8,MALE_HIGH_INCOME,10,9.25534716222465,0,0.0
62,WFAgent9,MALE_OLD_HIGH_INCOME,7,7.071516263165257,141,0.0
62,SIAgent0,MALE_YOUNG_LOW_INCOME,14,14.850028578547564,14,14.850028578547564
62,WFAgent18,FEMALE_OLD_HIGH_INCOME,4,4.531006116285369,4,4.016076531131137
62,WFAgent17,FEMALE_HIGH_INCOME,5,4.726986289974965,6,4.441387592248252
62,WFAgent16,MALE_HIGH_INCOME,10,10.490671930283103,11,10.180881878447115
62,WFAgent15,MALE_OLD_LOW_INCOME,14,15.104195723205965,384,0.0
62,WFAgent14,FEMALE_HIGH_INCOME,5,3.7011563268735435,0,0.0
62,WFAgent13,MALE_HIGH_INCOME,10,10.24749315751247,11,10.180881878447115
62,WFAgent12,FEMALE_HIGH_INCOME,5,5.113377213169283,5,4.726986289974965
62,WFAgent11,MALE_YOUNG_LOW_INCOME,14,14.952887912819008,326,8.485730616312894
62,WFAgent0,FEMALE_YOUNG,17,17.214653517889815,18,17.017150643909872
62,WFAgent10,YOUNG_HIGH_INCOME,6,6.126799337111435,90,0.0
62,WFAgent1,FEMALE_YOUNG,17,18.91407982839236,404,0.0
62,WFAgent2,FEMALE_OLD_HIGH_INCOME,4,3.6643469682030303,4,2.960925061498835
62,WFAgent3,FEMALE_OLD_HIGH_INCOME,4,3.212216851276852,47,0.0
62,WFAgent4,FEMALE_LOW_INCOME,33,32.96651828315151,476,0.0
62,WFAgent5,FEMALE_YOUNG_HIGH_INCOME,2,1.629773394393123,11,0.0
63,WFAgent6,MALE_HIGH_INCOME,10,9.34447065880525,0,0.0
63,WFAgent7,MALE_HIGH_INCOME,10,9.944567662669284,105,0.0
63,WFAgent8,FEMALE_OLD,22,23.39229896843998,24,22.80539985771574
63,WFAgent9,MALE_OLD,20,15.281983600722878,0,0.0
63,SIAgent0,FEMALE_YOUNG,17,17.94263507810073,17,17.16554356310951
63,WFAgent18,FEMALE_YOUNG,17,15.128864074050563,344,0.0
63,WFAgent17,FEMALE_OLD,22,23.39121521267778,412,0.0
63,WFAgent16,FEMALE_YOUNG_HIGH_INCOME,2,1.7078175216212534,38,0.0
63,WFAgent15,FEMALE_YOUNG_LOW_INCOME,15,15.253005948401913,18,14.829340965046072
63,WFAgent14,FEMALE_YOUNG,17,14.005488689210175,0,0.0
63,WFAgent13,FEMALE_OLD,22,23.56166796726018,22,23.391215212677785
63,WFAgent12,FEMALE_OLD_HIGH_INCOME,4,4.249505600955585,91,0.0
63,WFAgent11,OLD_LOW_INCOME,32,30.407199810287644,0,0.0
63,WFAgent0,MALE_YOUNG_LOW_INCOME,14,15.201577005782484,363,0.0
63,WFAgent10,YOUNG_HIGH_INCOME,6,6.048475315520044,6,5.339599084959023
63,WFAgent1,YOUNG_HIGH_INCOME,6,6.86016285626615,7,6.541129461163674
63,WFAgent2,OLD_HIGH_INCOME,10,11.170450383019872,168,0.0
63,WFAgent3,FEMALE_YOUNG_LOW_INCOME,15,16.0325918374274,15,15.831736833618288
63,WFAgent4,FEMALE_YOUNG_HIGH_INCOME,2,1.9070397199569369,2,1.6477045516717852
63,WFAgent5,MALE_OLD,20,20.96076386632157,368,0.0
64,WFAgent6,MALE_YOUNG_HIGH_INCOME,4,3.7890753126431,91,0.0
64,WFAgent7,MALE_YOUNG_LOW_INCOME,14,15.02737974500658,353,0.0
64,WFAgent8,MALE_OLD,20,17.326347234963336,0,0.0
64,WFAgent9,MALE_OLD_LOW_INCOME,14,12.819843097296602,283,0.0
64,SIAgent0,FEMALE_OLD_LOW_INCOME,19,18.343637816300706,490,18.343637816300706
64,WFAgent18,FEMALE_OLD_LOW_INCOME,19,19.718215645750185,20,19.30909243821127
64,WFAgent17,MALE_OLD,20,19.26143043610907,148,0.0
64,WFAgent16,FEMALE_LOW_INCOME,33,35.991124763752914,36,35.09621585632106
64,WFAgent15,MALE_YOUNG_HIGH_INCOME,4,3.9746555694908126,4,3.207721587810298
64,WFAgent14,MALE_LOW_INCOME,28,25.9620828264883,0,0.0
64,WFAgent13,YOUNG_LOW_INCOME,29,28.271951662036404,0,0.0
64,WFAgent12,MALE_OLD_LOW_INCOME,14,14.487955548192927,15,14.446072827081801
64,WFAgent11,MALE_LOW_INCOME,28,26.352476850526788,28,25.6396861945932
64,WFAgent0,MALE_OLD,20,20.0181747762004,23,19.925299320207827
64,WFAgent10,MALE_YOUNG_HIGH_INCOME,4,3.207721587810298,0,0.0
64,WFAgent1,MALE_YOUNG_LOW_INCOME,14,15.593523741061366,15,14.62342327346711
64,WFAgent2,FEMALE_YOUNG_HIGH_INCOME,2,1.802897891206984,52,0.0
64,WFAgent3,MALE_OLD_LOW_INCOME,14,13.538444600428884,14,12.981041413244153
64,WFAgent4,FEMALE_YOUNG_LOW_INCOME,15,14.943073784523262,348,0.0
64,WFAgent5,MALE_OLD_LOW_INCOME,14,12.926180444848638,14,12.128443064474332
65,WFAgent6,OLD_LOW_INCOME,32,33.18840705840161,35,32.38742708111642
65,WFAgent7,MALE_OLD_HIGH_INCOME,7,6.721181390929725,7,6.073612577533226
65,WFAgent8,YOUNG_HIGH_INCOME,6,5.060932255031878,0,0.0
65,WFAgent9,MALE_OLD,20,18.507101189209397,124,0.0
65,SIAgent0,FEMALE_OLD_LOW_INCOME,19,18.680532478230962,444,0.0
65,WFAgent18,OLD_HIGH_INCOME,10,8.676589396476038,0,0.0
65,WFAgent17,MALE_LOW_INCOME,28,30.913606350545557,34,30.5494001959308
65,WFAgent16,MALE_OLD_LOW_INCOME,14,15.964021434549577,16,15.790878611327512
65,WFAgent15,MALE_YOUNG,18,16.11130380200039,0,0.0
65,WFAgent14,MALE_YOUNG_LOW_INCOME,14,14.133703430262106,330,0.0
65,WFAgent13,FEMALE_LOW_INCOME,33,27.77805742130041,0,0.0
65,WFAgent12,YOUNG_HIGH_INCOME,6,5.784004767048046,61,0.0
65,WFAgent11,OLD_HIGH_INCOME,10,10.46432860026638,75,0.0
65,WFAgent0,FEMALE_LOW_INCOME,33,36.82903361459582,396,0.0
65,WFAgent10,FEMALE_YOUNG_HIGH_INCOME,2,1.676598120367855,0,0.0
65,WFAgent1,OLD_LOW_INCOME,32,31.581757222655018,308,0.0
65,WFAgent2,MALE_OLD,20,22.72638003480493,24,22.208521427051267
65,WFAgent3,MALE_LOW_INCOME,28,25.158329573119506,0,0.0
65,WFAgent4,MALE_YOUNG_HIGH_INCOME,4,4.315057720028758,107,0.0
65,WFAgent5,FEMALE_LOW_INCOME,33,39.31691122257709,39,38.344250876368854
66,WFAgent6,FEMALE_OLD,22,22.53214890505959,66,0.0
66,WFAgent7,FEMALE_HIGH_INCOME,5,5.664653025905027,6,5.237612731340243
66,WFAgent8,FEMALE_OLD_HIGH_INCOME,4,3.4917418208934956,0,0.0
66,WFAgent9,FEMALE_YOUNG_HIGH_INCOME,2,2.289109037685887,2,2.0642061702575853
66,SIAgent0,FEMALE_YOUNG_HIGH_INCOME,2,2.0642061702575853,2,2.0642061702575853
66,WFAgent18,MALE_OLD_LOW_INCOME,14,12.41149363216297,303,0.0
66,WFAgent17,FEMALE_LOW_INCOME,33,25.17324753364599,0,0.0
66,WFAgent16,OLD_LOW_INCOME,32,32.12920971627981,519,0.0
66,WFAgent15,FEMALE_YOUNG_HIGH_INCOME,2,2.2337698968615793,38,1.0321030851287927
66,WFAgent14,MALE_OLD_HIGH_INCOME,7,7.157477822732825,181,0.0
66,WFAgent13,OLD_LOW_INCOME,32,22.049805531111396,0,0.0
66,WFAgent12,MALE_LOW_INCOME,28,25.424116900686315,0,0.0
66,WFAgent11,FEMALE_HIGH_INCOME,5,5.753675207372509,5,5.120942932968089
66,WFAgent0,FEMALE_HIGH_INCOME,5,5.936381696363169,5,5.664653025905027
66,WFAgent10,YOUNG_HIGH_INCOME,6,5.495301091114999,0,0.0
66,WFAgent1,MALE_YOUNG_LOW_INCOME,14,17.001473325693684,367,0.0
66,WFAgent2,YOUNG_LOW_INCOME,29,29.820414225658794,39,29.750201630672535
66,WFAgent3,MALE_YOUNG,18,19.176598930531966,100,0.0
66,WFAgent4,YOUNG_LOW_INCOME,29,27.0747317635464,348,0.0
66,WFAgent5,MALE_OLD_LOW_INCOME,14,13.26329602793939,19,13.092072034097395
67,WFAgent6,MALE_HIGH_INCOME,10,12.4635416337692,13,11.801823494263568
67,WFAgent7,FEMALE_YOUNG,17,19.522811787069614,20,19.292117750908847
67,WFAgent8,MALE_YOUNG_LOW_INCOME,14,13.398616721050352,0,0.0
67,WFAgent9,MALE_OLD,20,19.623342889074664,149,0.0
67,SIAgent0,FEMALE_HIGH_INCOME,5,5.098736594322982,5,5.098736594322981
67,WFAgent18,MALE_LOW_INCOME,28,27.418336636127368,0,0.0
67,WFAgent17,FEMALE_OLD_HIGH_INCOME,4,4.1311042707613055,86,0.0
67,WFAgent16,MALE_OLD_LOW_INCOME,14,14.111633959262546,316,0.0
67,WFAgent15,MALE_OLD_LOW_INCOME,14,14.713645677599256,14,14.11163395926255
67,WFAgent14,FEMALE_YOUNG_LOW_INCOME,15,14.46908831318164,0,0.0
67,WFAgent13,FEMALE_YOUNG_HIGH_INCOME,2,2.168102941628571,62,0.0
67,WFAgent12,MALE_YOUNG_LOW_INCOME,14,14.928148468345093,359,0.0
67,WFAgent11,FEMALE_OLD,22,21.527905594324462,0,0.0
67,WFAgent0,FEMALE_LOW_INCOME,33,33.40066232717142,369,0.0
67,WFAgent10,FEMALE_HIGH_INCOME,5,4.397633328346616,0,0.0
67,WFAgent1,MALE_OLD_HIGH_INCOME,7,6.354828035372691,0,0.0
67,WFAgent2,MALE_YOUNG_HIGH_INCOME,4,4.7451779727981505,97,0.0
67,WFAgent3,YOUNG_HIGH_INCOME,6,5.84011203747628,0,0.0
67,WFAgent4,OLD_LOW_INCOME,32,32.810303352114694,33,32.37851576697318
67,WFAgent5,OLD_LOW_INCOME,32,33.71479720679231,477,0.0
68,WFAgent6,FEMALE_LOW_INCOME,33,27.852546968609865,0,0.0
68,WFAgent7,FEMALE_YOUNG_LOW_INCOME,15,15.69905921406202,378,0.0
68,WFAgent8,MALE_OLD_HIGH_INCOME,7,8.234412425698673,8,8.217034319758016
68,WFAgent9,MALE_LOW_INCOME,28,29.463574160647543,362,0.0
68,SIAgent0,YOUNG_HIGH_INCOME,6,6.0650079605831175,5,5.054173300485932
68,WFAgent18,OLD_HIGH_INCOME,10,10.550094539225226,179,0.0
68,WFAgent17,MALE_YOUNG_HIGH_INCOME,4,3.711079581073481,0,0.0
68,WFAgent16,FEMALE_OLD_HIGH_INCOME,4,4.5087315312217005,4,4.22003781569009
68,WFAgent15,FEMALE_YOUNG_LOW_INCOME,15,16.685157065668328,19,16.036314921320827
68,WFAgent14,MALE_HIGH_INCOME,10,10.271292899697523,110,1.0108346600971863
68,WFAgent13,MALE_YOUNG_LOW_INCOME,14,13.391367067670732,0,0.0
68,WFAgent12,MALE_YOUNG_LOW_INCOME,14,14.461317890560272,15,14.34789328679007
68,WFAgent11,OLD_HIGH_INCOME,10,9.491027078290614,0,0.0
68,WFAgent0,FEMALE_OLD_HIGH_INCOME,4,3.6052959968576825,0,0.0
68,WFAgent10,MALE_OLD,20,20.31221369353263,0,0.0
68,WFAgent1,FEMALE_YOUNG_HIGH_INCOME,2,2.3074549798199953,59,1.0108346600971863
68,WFAgent2,FEMALE_HIGH_INCOME,5,5.237186967544403,44,0.0
68,WFAgent3,FEMALE_OLD,22,20.30143796578425,464,0.0
68,WFAgent4,OLD_HIGH_INCOME,10,11.027534492916926,11,10.440129786119673
68,WFAgent5,MALE_YOUNG_LOW_INCOME,14,13.96588286050991,342,0.0
69,WFAgent6,FEMALE_LOW_INCOME,33,31.6274958286659,497,0.0
69,WFAgent7,FEMALE_YOUNG_HIGH_INCOME,2,1.8478516519117285,0,0.0
69,WFAgent8,MALE_YOUNG_LOW_INCOME,14,14.344896464411455,16,13.528227294704523
69,WFAgent9,OLD_HIGH_INCOME,10,9.034384647345544,0,0.0
69,SIAgent0,MALE_LOW_INCOME,28,30.88051491223752,84,30.083501666335376
69,WFAgent18,OLD_HIGH_INCOME,10,11.30452851099816,11,10.413933150634334
69,WFAgent17,YOUNG_HIGH_INCOME,6,6.226665365281826,39,0.0
69,WFAgent16,FEMALE_YOUNG_LOW_INCOME,15,12.996093166979445,376,0.0
69,WFAgent15,MALE_YOUNG,18,15.219255706542594,0,0.0
69,WFAgent14,FEMALE_OLD_HIGH_INCOME,4,4.143479832416186,4,3.6137538589382174
69,WFAgent13,MALE_YOUNG_HIGH_INCOME,4,4.198298788201422,4,3.382056823676132
69,WFAgent12,FEMALE_OLD_HIGH_INCOME,4,4.458715085380535,4,4.039083112477738
69,WFAgent11,OLD_HIGH_INCOME,10,10.681400978581408,143,0.0
69,WFAgent0,MALE_HIGH_INCOME,10,9.46721195512212,90,0.0
69,WFAgent10,MALE_YOUNG_LOW_INCOME,14,13.580559882347089,311,0.0
69,WFAgent1,FEMALE_OLD_HIGH_INCOME,4,4.039083112477738,79,0.0
69,WFAgent2,YOUNG_HIGH_INCOME,6,6.845678528336191,7,6.46748078169105
69,WFAgent3,FEMALE_LOW_INCOME,33,29.787832316647762,0,0.0
69,WFAgent4,OLD_LOW_INCOME,32,32.32119226575595,317,0.0
69,WFAgent5,MALE_YOUNG,18,20.633347486691683,18,19.85175958643841
70,WFAgent6,MALE_HIGH_INCOME,10,9.68512150130777,112,0.0
70,WFAgent7,MALE_YOUNG,18,14.953118564954872,0,0.0
70,WFAgent8,YOUNG_HIGH_INCOME,6,6.315112900016789,7,5.839752390843867
70,WFAgent9,MALE_YOUNG,18,20.01482261232287,24,19.93749141993984
70,SIAgent0,OLD_LOW_INCOME,32,29.91566691933089,32,29.915666919330878
70,WFAgent18,MALE_OLD,20,19.499368042649188,307,6.5440521386036306
70,WFAgent17,YOUNG_HIGH_INCOME,6,5.005502049294743,0,0.0
70,WFAgent16,MALE_OLD,20,23.128809708839402,190,0.0
70,WFAgent15,FEMALE_YOUNG_LOW_INCOME,15,15.476739071839619,382,0.0
70,WFAgent14,MALE_OLD_HIGH_INCOME,7,6.249950371882124,0,0.0
70,WFAgent13,MALE_OLD_LOW_INCOME,14,15.245408021678557,16,14.957833459665439
70,WFAgent12,FEMALE_OLD_HIGH_INCOME,4,5.106593907871628,5,4.68715407124818
70,WFAgent11,FEMALE_OLD_LOW_INCOME,19,19.070327598546957,452,17.76242723335271
70,WFAgent0,FEMALE_OLD_HIGH_INCOME,4,3.7497232569985446,0,0.0
70,WFAgent10,YOUNG_LOW_INCOME,29,33.913430063949285,36,33.5296224210095
70,WFAgent1,FEMALE_HIGH_INCOME,5,5.169801274613366,61,0.0
70,WFAgent2,FEMALE_YOUNG_HIGH_INCOME,2,1.9689199636246364,53,0.0
70,WFAgent3,MALE_YOUNG_LOW_INCOME,14,13.886102557993295,323,0.0
70,WFAgent4,MALE_OLD_LOW_INCOME,14,12.890049323134434,0,0.0
70,WFAgent5,FEMALE_LOW_INCOME,33,30.735487219258726,0,0.0
71,WFAgent6,YOUNG_HIGH_INCOME,6,4.522544609196238,0,0.0
71,WFAgent7,FEMALE_YOUNG,17,17.481984224950175,23,17.336421001918918
71,WFAgent8,YOUNG_LOW_INCOME,29,27.404253341188582,371,0.0
71,WFAgent9,FEMALE_OLD,22,21.578120894490603,24,21.566097941496672
71,SIAgent0,FEMALE_OLD,22,20.162266827737003,21,19.24580015374896
71,WFAgent18,FEMALE_OLD,22,26.28089076716567,26,25.501415602579808
71,WFAgent17,MALE_YOUNG_LOW_INCOME,14,13.898854089572968,380,0.0
71,WFAgent16,OLD_HIGH_INCOME,10,12.162563924107026,11,11.576212154495662
71,WFAgent15,FEMALE_OLD_LOW_INCOME,19,16.609412773432382,368,0.0
71,WFAgent14,MALE_YOUNG,18,14.650352786253585,0,0.0
71,WFAgent13,OLD_HIGH_INCOME,10,10.143526269781264,0,0.0
71,WFAgent12,FEMALE_YOUNG,17,17.402560036752117,30,0.0
71,WFAgent11,FEMALE_OLD_HIGH_INCOME,4,3.8737222110205947,78,1.8329333479760912
71,WFAgent0,FEMALE_OLD_HIGH_INCOME,4,4.249757503675,4,3.6658666959521824
71,WFAgent10,MALE_HIGH_INCOME,10,10.523829231359695,138,0.0
71,WFAgent1,OLD_HIGH_INCOME,10,10.936612870162495,10,10.143526269781267
71,WFAgent2,OLD_LOW_INCOME,32,33.34009912488659,36,32.99280026356967
71,WFAgent3,MALE_LOW_INCOME,28,28.736790974406993,366,0.0
71,WFAgent4,FEMALE_LOW_INCOME,33,26.703306809320054,0,0.0
71,WFAgent5,YOUNG_HIGH_INCOME,6,6.190519806420924,114,0.0
72,WFAgent6,FEMALE_OLD_HIGH_INCOME,4,3.203845780511835,0,0.0
72,WFAgent7,MALE_OLD_HIGH_INCOME,7,5.49311411794694,0,0.0
72,WFAgent8,MALE_OLD_LOW_INCOME,14,12.50515192886838,0,0.0
72,WFAgent9,MALE_YOUNG_LOW_INCOME,14,13.970726702939363,15,13.717283964169555
72,SIAgent0,FEMALE_LOW_INCOME,33,30.816002959254607,890,0.0
72,WFAgent18,MALE_YOUNG_HIGH_INCOME,4,3.849808108633518,4,3.657942390445215
72,WFAgent17,MALE_OLD_LOW_INCOME,14,13.954703657735097,15,13.39837706664469
72,WFAgent16,MALE_YOUNG_LOW_INCOME,14,14.642086585510482,15,13.904156517316755
72,WFAgent15,MALE_OLD_LOW_INCOME,14,13.1385547340315,320,0.0
72,WFAgent14,FEMALE_OLD_LOW_INCOME,19,16.28239522387279,0,0.0
72,WFAgent13,MALE_YOUNG,18,16.684987820780112,344,0.0
72,WFAgent12,FEMALE_YOUNG,17,16.028287057125045,51,0.0
72,WFAgent11,MALE_YOUNG,18,15.177066912078505,0,0.0
72,WFAgent0,MALE_YOUNG,18,16.460740757003467,74,0.0
72,WFAgent10,OLD_HIGH_INCOME,10,11.068776951136343,70,0.0
72,WFAgent1,MALE_YOUNG_HIGH_INCOME,4,3.665735475755204,4,3.3726815360174456
72,WFAgent2,FEMALE_YOUNG_LOW_INCOME,15,11.6967488715581,0,0.0
72,WFAgent3,MALE_OLD,20,21.688549387705557,159,0.0
72,WFAgent4,MALE_YOUNG,18,20.61139182959765,22,20.392762892064578
72,WFAgent5,FEMALE_YOUNG_LOW_INCOME,15,16.77130328704434,17,15.874910615373587
73,WFAgent6,MALE_YOUNG_HIGH_INCOME,4,4.320798950957494,4,3.8699977483330215
73,WFAgent7,MALE_YOUNG,18,19.59735018568352,19,18.84359022092426
73,WFAgent8,OLD_HIGH_INCOME,10,8.259739918545057,0,0.0
73,WFAgent9,YOUNG_HIGH_INCOME,6,6.071319238057492,96,0.0
73,SIAgent0,MALE_OLD_HIGH_INCOME,7,6.762445082023599,8,6.607791934836045
73,WFAgent18,FEMALE_YOUNG_LOW_INCOME,15,15.256489535427535,397,0.0
73,WFAgent17,OLD_LOW_INCOME,32,29.5236677842576,377,0.0
73,WFAgent16,FEMALE_OLD_LOW_INCOME,19,19.162772180795585,20,19.1353682077014
73,WFAgent15,FEMALE_OLD_HIGH_INCOME,4,3.5365600687534493,84,0.0
73,WFAgent14,OLD_LOW_INCOME,32,32.03175011985454,466,0.0
73,WFAgent13,MALE_YOUNG,18,18.353131215419502,21,17.963125325855092
73,WFAgent12,FEMALE_HIGH_INCOME,5,4.939508215599845,46,0.0
73,WFAgent11,FEMALE_LOW_INCOME,33,31.573357542707303,0,0.0
73,WFAgent0,MALE_OLD_LOW_INCOME,14,11.621758186318385,0,0.0
73,WFAgent10,FEMALE_HIGH_INCOME,5,4.723899999395145,0,0.0
73,WFAgent1,MALE_LOW_INCOME,28,23.950833767806785,0,0.0
73,WFAgent2,OLD_LOW_INCOME,32,27.993984100150833,0,0.0
73,WFAgent3,MALE_LOW_INCOME,28,27.769501378204172,317,0.0
73,WFAgent4,MALE_OLD_HIGH_INCOME,7,6.7351379359263115,145,0.0
73,WFAgent5,MALE_HIGH_INCOME,10,9.674994370832554,0,0.0
74,WFAgent6,FEMALE_YOUNG_HIGH_INCOME,2,2.0480757800831983,2,1.682450454249263
74,WFAgent7,MALE_YOUNG_HIGH_INCOME,4,3.377549670565859,74,0.0
74,WFAgent8,MALE_YOUNG,18,15.447344933526276,18,15.142054088243368
74,WFAgent9,MALE_OLD_HIGH_INCOME,7,7.5216169803473845,9,7.37095083817455
74,SIAgent0,YOUNG_HIGH_INCOME,6,6.67305316467309,6,6.339033858761146
74,WFAgent18,MALE_OLD_HIGH_INCOME,7,5.73296176302465,0,0.0
74,WFAgent17,FEMALE_YOUNG_HIGH_INCOME,2,1.9898286704442818,46,0.0
74,WFAgent16,OLD_LOW_INCOME,32,29.750612861089838,0,0.0
74,WFAgent15,YOUNG_HIGH_INCOME,6,6.221975421959712,7,5.910711923490253
74,WFAgent14,MALE_OLD_HIGH_INCOME,7,5.89765774468602,163,0.0
74,WFAgent13,OLD_LOW_INCOME,32,30.171138057871566,346,0.0
74,WFAgent12,FEMALE_OLD,22,21.308667729371535,0,0.0
74,WFAgent11,FEMALE_OLD_HIGH_INCOME,4,4.502661745589167,4,3.8743032235220976
74,WFAgent0,FEMALE_LOW_INCOME,33,30.758125021431585,410,0.0
74,WFAgent10,YOUNG_HIGH_INCOME,6,7.1869212568193,6,6.419063466867923
74,WFAgent1,FEMALE_HIGH_INCOME,5,5.0041787940410005,77,0.0
74,WFAgent2,FEMALE_OLD_HIGH_INCOME,4,4.693960330125888,4,4.003343035232801
74,WFAgent3,FEMALE_LOW_INCOME,33,27.681907379623702,487,0.0
74,WFAgent4,YOUNG_HIGH_INCOME,6,5.047351362747789,0,0.0
74,WFAgent5,YOUNG_LOW_INCOME,29,24.67610920476177,341,0.0
75,WFAgent6,FEMALE_OLD,22,29.024797118817496,33,28.863972557702542
75,WFAgent7,OLD_LOW_INCOME,32,33.147365229465684,403,0.0
75,WFAgent8,FEMALE_OLD,22,26.474968777598725,30,26.239975052456856
75,WFAgent9,FEMALE_HIGH_INCOME,5,3.7036188082592103,0,0.0
75,SIAgent0,MALE_LOW_INCOME,28,24.622474738583676,700,16.708107858324635
75,WFAgent18,FEMALE_YOUNG,17,18.8993914648133,21,18.38921315344072
75,WFAgent17,MALE_YOUNG_LOW_INCOME,14,12.660421833059097,14,12.311237369291836
75,WFAgent16,MALE_OLD_HIGH_INCOME,7,7.942785629822036,8,7.559644302320033
75,WFAgent15,FEMALE_YOUNG_LOW_INCOME,15,14.41474628596727,16,14.010829069288171
75,WFAgent14,MALE_HIGH_INCOME,10,9.449555377900042,0,0.0
75,WFAgent13,MALE_YOUNG_HIGH_INCOME,4,3.7709644453548004,108,0.0
75,WFAgent12,FEMALE_YOUNG_LOW_INCOME,15,13.409052118532918,379,0.0
75,WFAgent11,FEMALE_YOUNG,17,17.34892441104212,19,16.9847993501417
75,WFAgent0,FEMALE_YOUNG,17,14.886505886118679,12,0.0
75,WFAgent10,FEMALE_HIGH_INCOME,5,4.963917496629261,5,4.314980127771479
75,WFAgent1,FEMALE_OLD,22,19.242648371801682,0,0.0
75,WFAgent2,YOUNG_LOW_INCOME,29,30.347389881050397,34,29.898719325423055
75,WFAgent3,MALE_OLD_HIGH_INCOME,7,6.941496691006442,170,0.0
75,WFAgent4,FEMALE_OLD_HIGH_INCOME,4,3.627414550403295,48,0.0
75,WFAgent5,FEMALE_YOUNG,17,14.670932434423028,0,0.0
76,WFAgent6,FEMALE_YOUNG,17,14.480810251997806,314,0.0
76,WFAgent7,FEMALE_YOUNG_LOW_INCOME,15,18.189627448645165,17,17.572821956365335
76,WFAgent8,YOUNG_LOW_INCOME,29,26.088838380849463,0,0.0
76,WFAgent9,YOUNG_HIGH_INCOME,6,5.898945650295316,0,0.0
76,SIAgent0,MALE_YOUNG_LOW_INCOME,14,15.285127428095398,16,14.393841865296254
76,WFAgent18,FEMALE_OLD_HIGH_INCOME,4,3.671552763936689,82,0.0
76,WFAgent17,YOUNG_LOW_INCOME,29,31.82055161993344,31,31.77565615943761
76,WFAgent16,FEMALE_YOUNG,17,17.425359829369004,50,0.0
76,WFAgent15,MALE_OLD_LOW_INCOME,14,14.371598006486312,346,0.0
76,WFAgent14,FEMALE_OLD_LOW_INCOME,19,19.803502949917863,20,19.2842375903204
76,WFAgent13,FEMALE_YOUNG_LOW_INCOME,15,15.505431137969412,17,15.29345698187727
76,WFAgent12,FEMALE_YOUNG,17,13.541940106861023,0,0.0
76,WFAgent11,MALE_OLD,20,16.303633887236217,0,0.0
76,WFAgent0,FEMALE_OLD_LOW_INCOME,19,18.320025710804384,0,0.0
76,WFAgent10,FEMALE_YOUNG_LOW_INCOME,15,13.860839147060716,17,13.54194010686102
76,WFAgent1,MALE_YOUNG_HIGH_INCOME,4,4.017696762166632,97,0.0
76,WFAgent2,YOUNG_LOW_INCOME,29,29.429864839172666,343,0.0
76,WFAgent3,FEMALE_HIGH_INCOME,5,5.008568697638096,6,4.797692369496329
76,WFAgent4,FEMALE_HIGH_INCOME,5,3.9980769745802744,0,0.0
76,WFAgent5,OLD_LOW_INCOME,32,32.902065635936246,459,0.0
77,WFAgent6,MALE_OLD_LOW_INCOME,14,11.832798307464227,0,0.0
77,WFAgent7,FEMALE_HIGH_INCOME,5,4.736329057481143,54,0.0
77,WFAgent8,MALE_YOUNG_HIGH_INCOME,4,4.135495009000068,66,0.0
77,WFAgent9,FEMALE_HIGH_INCOME,5,4.403350038465499,0,0.0
77,SIAgent0,MALE_HIGH_INCOME,10,10.500456881778112,26,10.500456881778108
77,WFAgent18,OLD_LOW_INCOME,32,33.675177725238726,379,0.0
77,WFAgent17,MALE_OLD,20,16.920908942130268,124,0.0
77,WFAgent16,YOUNG_LOW_INCOME,29,30.434335379572424,0,0.0
77,WFAgent15,MALE_LOW_INCOME,28,30.201787305384503,313,0.0
77,WFAgent14,FEMALE_OLD_HIGH_INCOME,4,3.779609173186525,79,0.0
77,WFAgent13,FEMALE_OLD,22,21.785478244717215,506,0.0
77,WFAgent12,FEMALE_OLD_LOW_INCOME,19,15.53748836976536,0,0.0
77,WFAgent11,MALE_YOUNG_HIGH_INCOME,4,4.34348132542978,4,4.095130417886166
77,WFAgent0,MALE_YOUNG,18,20.935015962668796,19,19.950868075378406
77,WFAgent10,YOUNG_HIGH_INCOME,6,5.98511712459163,6,5.284020046158599
77,WFAgent1,MALE_YOUNG_HIGH_INCOME,4,3.967453286724848,0,0.0
77,WFAgent2,FEMALE_OLD,22,22.805049513797165,27,22.079588735982366
77,WFAgent3,FEMALE_YOUNG_LOW_INCOME,15,16.711558627315974,363,0.0
77,WFAgent4,MALE_YOUNG_LOW_INCOME,14,15.24331314595551,14,14.69243776944876
77,WFAgent5,MALE_OLD,20,21.355395967084817,20,21.000913763556216
78,WFAgent6,MALE_YOUNG_HIGH_INCOME,4,3.517999075549291,0,0.0
78,WFAgent7,OLD_LOW_INCOME,32,33.807855194795124,39,33.21004657040047
78,WFAgent8,FEMALE_OLD_LOW_INCOME,19,19.62849983188688,26,19.087591577269315
78,WFAgent9,FEMALE_YOUNG_LOW_INCOME,15,15.745526368961748,16,14.961678414431496
78,SIAgent0,MALE_YOUNG,18,19.127129723678713,77,18.320690140719346
78,WFAgent18,FEMALE_OLD,22,16.15103902692019,0,0.0
78,WFAgent17,FEMALE_HIGH_INCOME,5,4.1688716856883055,53,0.0
78,WFAgent16,FEMALE_LOW_INCOME,33,30.858461729764947,453,0.0
78,WFAgent15,MALE_OLD,20,17.030793113025886,0,0.0
78,WFAgent14,MALE_OLD,20,18.082482057625718,323,0.0
78,WFAgent13,MALE_YOUNG_HIGH_INCOME,4,3.8592852533496087,90,0.0
78,WFAgent12,FEMALE_YOUNG_LOW_INCOME,15,13.433405697624188,0,0.0
78,WFAgent11,FEMALE_YOUNG_HIGH_INCOME,2,2.160099895005066,2,1.6675486742753223
78,WFAgent0,YOUNG_LOW_INCOME,29,28.985512976540665,360,0.0
78,WFAgent10,MALE_YOUNG_LOW_INCOME,14,13.783177959557584,323,0.0
78,WFAgent1,FEMALE_HIGH_INCOME,5,4.149200029378031,0,0.0
78,WFAgent2,YOUNG_HIGH_INCOME,6,6.106896713573116,7,5.808880041129244
78,WFAgent3,MALE_YOUNG_HIGH_INCOME,4,4.186989421441835,4,3.517999075549291
78,WFAgent4,MALE_OLD_HIGH_INCOME,7,6.98435938731308,140,0.0
78,WFAgent5,FEMALE_OLD_HIGH_INCOME,4,4.183157766101545,87,0.0
79,WFAgent6,MALE_YOUNG_LOW_INCOME,14,15.547270390693662,17,14.798950263839057
79,WFAgent7,MALE_YOUNG_HIGH_INCOME,4,3.8342607637748243,85,0.0
79,WFAgent8,MALE_HIGH_INCOME,10,9.361876177859525,163,0.0
79,WFAgent9,MALE_YOUNG_LOW_INCOME,14,15.574593671576018,16,15.429261651371354
79,SIAgent0,FEMALE_OLD_HIGH_INCOME,4,4.748145367300893,83,0.0
79,WFAgent18,MALE_HIGH_INCOME,10,10.001867722721864,10,9.361876177859525
79,WFAgent17,MALE_HIGH_INCOME,10,11.204536277328017,11,10.544217100380767
79,WFAgent16,FEMALE_YOUNG_HIGH_INCOME,2,1.7220167678448255,42,0.0
79,WFAgent15,OLD_HIGH_INCOME,10,9.729134245625874,0,0.0
79,WFAgent14,FEMALE_HIGH_INCOME,5,5.724244346155416,6,5.694484343502289
79,WFAgent13,FEMALE_OLD_LOW_INCOME,19,19.040605419575627,517,0.0
79,WFAgent12,FEMALE_LOW_INCOME,33,32.725976923464,0,0.0
79,WFAgent11,FEMALE_YOUNG_HIGH_INCOME,2,1.8981614478340962,2,1.4004580050602708
79,WFAgent0,MALE_YOUNG_LOW_INCOME,14,17.159388047178627,15,16.65778970431464
79,WFAgent10,OLD_LOW_INCOME,32,36.679209082211706,366,0.0
79,WFAgent1,YOUNG_HIGH_INCOME,6,4.2013740151808125,0,0.0
79,WFAgent2,MALE_YOUNG,18,15.669476749947243,0,0.0
79,WFAgent3,MALE_LOW_INCOME,28,27.001207889899874,333,0.0
79,WFAgent4,FEMALE_HIGH_INCOME,5,5.254341129489425,6,5.166050303534477
79,WFAgent5,MALE_OLD_LOW_INCOME,14,12.960897027378554,0,0.0
80,WFAgent6,FEMALE_OLD_LOW_INCOME,19,18.668323531659393,424,0.0
80,WFAgent7,FEMALE_LOW_INCOME,33,30.523697850069546,0,0.0
80,WFAgent8,YOUNG_LOW_INCOME,29,30.982640164367716,356,0.0
80,WFAgent9,OLD_HIGH_INCOME,10,11.594557204434384,12,11.193539198793315
80,SIAgent0,MALE_OLD,20,22.83163384553807,24,22.238124398005596
80,WFAgent18,FEMALE_OLD_HIGH_INCOME,4,3.668080264453821,0,0.0
80,WFAgent17,MALE_HIGH_INCOME,10,7.614854302199955,0,0.0
80,WFAgent16,FEMALE_YOUNG,17,17.337553135810772,17,16.895826107549098
80,WFAgent15,OLD_LOW_INCOME,32,31.82630849217059,34,31.44865839098073
80,WFAgent14,FEMALE_YOUNG,17,17.059210180545126,29,0.0
80,WFAgent13,OLD_HIGH_INCOME,10,9.327949332327764,166,0.0
80,WFAgent12,MALE_YOUNG_HIGH_INCOME,4,4.454325107549996,5,3.8074271510999775
80,WFAgent11,FEMALE_OLD,22,22.00890310327054,82,0.0
80,WFAgent0,MALE_HIGH_INCOME,10,10.895583848129482,77,0.0
80,WFAgent10,FEMALE_OLD_LOW_INCOME,19,19.783152326748525,20,19.65086687543093
80,WFAgent1,FEMALE_YOUNG,17,16.895826107549095,0,0.0
80,WFAgent2,MALE_OLD_LOW_INCOME,14,13.87475104921479,0,0.0
80,WFAgent3,FEMALE_LOW_INCOME,33,33.01790828645881,364,0.0
80,WFAgent4,FEMALE_YOUNG_LOW_INCOME,15,18.810488418336575,18,17.889698231522573
80,WFAgent5,OLD_LOW_INCOME,32,36.027322597967014,372,0.0
81,WFAgent6,MALE_OLD_HIGH_INCOME,7,7.219513255878872,8,7.085171122258304
81,WFAgent7,OLD_HIGH_INCOME,10,10.782846437958842,65,0.0
81,WFAgent8,FEMALE_OLD_LOW_INCOME,19,18.799474594077505,471,0.0
81,WFAgent9,MALE_YOUNG,18,17.05442225798246,337,0.0
81,SIAgent0,MALE_OLD_HIGH_INCOME,7,7.760949775179793,8,7.658263772818294
81,WFAgent18,MALE_YOUNG_HIGH_INCOME,4,4.391923100365747,4,3.8311214642992915
81,WFAgent17,FEMALE_OLD,22,24.041954591139,27,23.601220011437928
81,WFAgent16,FEMALE_OLD_LOW_INCOME,19,16.60826593397484,0,0.0
81,WFAgent15,FEMALE_YOUNG_HIGH_INCOME,2,2.157443699448946,2,1.7055859513228648
81,WFAgent14,MALE_OLD_HIGH_INCOME,7,6.700980801216006,145,0.0
81,WFAgent13,OLD_HIGH_INCOME,10,11.142854976150328,13,10.82958811770938
81,WFAgent12,MALE_YOUNG,18,21.248852857361626,24,21.070305475616326
81,WFAgent11,YOUNG_HIGH_INCOME,6,5.116757853968594,0,0.0
81,WFAgent0,MALE_OLD_LOW_INCOME,14,14.646823424649007,366,0.0
81,WFAgent10,MALE_HIGH_INCOME,10,8.856463902822881,0,0.0
81,WFAgent1,YOUNG_HIGH_INCOME,6,5.746682196448937,42,0.0
81,WFAgent2,MALE_OLD_LOW_INCOME,14,13.917296322886072,0,0.0
81,WFAgent3,FEMALE_OLD_HIGH_INCOME,4,3.3321809592951936,0,0.0
81,WFAgent4,YOUNG_LOW_INCOME,29,25.45995244970306,388,0.0
81,WFAgent5,YOUNG_HIGH_INCOME,6,6.233741085397753,100,0.0
82,WFAgent6,MALE_OLD_HIGH_INCOME,7,8.88029622833691,7,7.818023875646204
82,WFAgent7,MALE_OLD_HIGH_INCOME,7,7.818023875646204,7,6.929276752971253
82,WFAgent8,MALE_OLD_HIGH_INCOME,7,6.929276752971253,0,0.0
82,WFAgent9,MALE_OLD_HIGH_INCOME,7,8.13079866249612,7,7.1661760629321485
82,SIAgent0,FEMALE_HIGH_INCOME,5,5.603767463563576,147,0.0
82,WFAgent18,FEMALE_YOUNG_LOW_INCOME,15,16.471612229522577,17,15.815008677690768
82,WFAgent17,YOUNG_HIGH_INCOME,6,5.712132341203224,0,0.0
82,WFAgent16,FEMALE_YOUNG,17,17.831206793026062,345,0.0
82,WFAgent15,FEMALE_OLD_LOW_INCOME,19,19.827754894393763,523,0.0
82,WFAgent14,OLD_HIGH_INCOME,10,10.237394375617358,145,0.0
82,WFAgent13,MALE_OLD_LOW_INCOME,14,12.193926424988787,0,0.0
82,WFAgent12,OLD_LOW_INCOME,32,31.36486208744542,0,0.0
82,WFAgent11,MALE_OLD_LOW_INCOME,14,15.539393512602972,15,15.427742356894012
82,WFAgent0,MALE_YOUNG_HIGH_INCOME,4,4.041205316480645,92,0.0
82,WFAgent10,MALE_YOUNG_HIGH_INCOME,4,4.334037516421653,4,3.928089586352259
82,WFAgent1,FEMALE_OLD_HIGH_INCOME,4,4.0167100000282625,0,0.0
82,WFAgent2,YOUNG_LOW_INCOME,29,26.978544214884252,0,0.0
82,WFAgent3,MALE_LOW_INCOME,28,29.27497853735691,29,28.424406266747418
82,WFAgent4,MALE_YOUNG,18,17.676403138585165,349,0.0
82,WFAgent5,MALE_LOW_INCOME,28,28.798452399535492,313,0.0
83,WFAgent6,OLD_LOW_INCOME,32,35.35360092527793,308,0.0
83,WFAgent7,MALE_LOW_INCOME,28,24.34234468440024,0,0.0
83,WFAgent8,FEMALE_YOUNG,17,15.537867214214467,0,0.0
83,WFAgent9,FEMALE_OLD_HIGH_INCOME,4,4.311486934879871,4,4.131335447069132
83,SIAgent0,FEMALE_OLD,22,22.722344958880225,26,22.70868710264751
83,WFAgent18,MALE_HIGH_INCOME,10,9.031896194522409,0,0.0
83,WFAgent17,MALE_YOUNG_HIGH_INCOME,4,4.187401418025895,102,0.0
83,WFAgent16,MALE_YOUNG_LOW_INCOME,14,14.982080621219408,14,14.275222436260927
83,WFAgent15,FEMALE_OLD_LOW_INCOME,19,24.248828215517676,23,23.755178820647515
83,WFAgent14,FEMALE_YOUNG_HIGH_INCOME,2,1.8850551918876841,59,0.0
83,WFAgent13,MALE_OLD_HIGH_INCOME,7,6.302522816189917,0,0.0
83,WFAgent12,FEMALE_LOW_INCOME,33,33.87579556477544,423,0.0
83,WFAgent11,OLD_LOW_INCOME,32,35.71547489601071,41,35.64414757358604
83,WFAgent0,MALE_YOUNG_LOW_INCOME,14,14.275222436260924,327,0.0
83,WFAgent10,OLD_HIGH_INCOME,10,9.52664360803677,73,0.0
83,WFAgent1,YOUNG_LOW_INCOME,29,30.32369194169204,34,29.558561402485985
83,WFAgent2,FEMALE_OLD_HIGH_INCOME,4,4.079889027156113,4,3.4360053926241463
83,WFAgent3,MALE_YOUNG_LOW_INCOME,14,15.677013794969993,14,14.63902369598926
83,WFAgent4,FEMALE_OLD,22,18.898029659432805,0,0.0
83,WFAgent5,OLD_HIGH_INCOME,10,10.36370441330362,161,0.0
84,WFAgent6,MALE_LOW_INCOME,28,22.56367265511132,0,0.0
84,WFAgent7,MALE_OLD_LOW_INCOME,14,15.833857217940324,15,15.027224348714585
84,WFAgent8,MALE_YOUNG_HIGH_INCOME,4,3.4566263341890524,0,0.0
84,WFAgent9,FEMALE_YOUNG_HIGH_INCOME,2,2.132355311355141,2,1.772633016336847
84,SIAgent0,FEMALE_YOUNG_LOW_INCOME,15,13.852884127197747,15,13.852884127197742
84,WFAgent18,FEMALE_OLD_HIGH_INCOME,4,3.9228928899053837,80,0.0
84,WFAgent17,MALE_YOUNG_HIGH_INCOME,4,4.084031428387057,110,0.0
84,WFAgent16,FEMALE_HIGH_INCOME,5,5.252709273445321,57,0.0
84,WFAgent15,FEMALE_YOUNG,17,15.067380638863199,0,0.0
84,WFAgent14,MALE_OLD_LOW_INCOME,14,13.660465144412472,281,0.0
84,WFAgent13,FEMALE_LOW_INCOME,33,31.66361178371602,331,26.782242645915634
84,WFAgent12,FEMALE_OLD_LOW_INCOME,19,17.666293508195043,22,17.364985366651826
84,WFAgent11,OLD_LOW_INCOME,32,32.058078610591124,35,31.439959459179697
84,WFAgent0,FEMALE_OLD,22,17.364985366651826,0,0.0
84,WFAgent10,MALE_OLD_LOW_INCOME,14,14.7417200464129,14,13.764407026079134
84,WFAgent1,MALE_OLD,20,21.23250228599047,0,0.0
84,WFAgent2,MALE_OLD_HIGH_INCOME,7,7.913590714799703,147,0.0
84,WFAgent3,OLD_LOW_INCOME,32,28.74510579125,446,0.0
84,WFAgent4,OLD_LOW_INCOME,32,31.461501773895154,35,31.439959459179697
84,WFAgent5,FEMALE_LOW_INCOME,33,34.21232395157605,37,34.17044751375443
85,WFAgent6,FEMALE_HIGH_INCOME,5,4.292435890311882,0,0.0
85,WFAgent7,MALE_OLD_HIGH_INCOME,7,6.85318868570047,151,0.0
85,WFAgent8,FEMALE_LOW_INCOME,33,36.50340479650818,38,35.68353704226401
85,WFAgent9,YOUNG_HIGH_INCOME,6,5.713465323018547,6,4.927343270460844
85,SIAgent0,FEMALE_HIGH_INCOME,5,5.388134471028392,14,5.388134471028392
85,WFAgent18,FEMALE_LOW_INCOME,33,30.98833479986082,0,0.0
85,WFAgent17,FEMALE_OLD_HIGH_INCOME,4,4.186306471892051,52,0.0
85,WFAgent16,YOUNG_LOW_INCOME,29,26.126121925393598,0,0.0
85,WFAgent15,FEMALE_YOUNG_HIGH_INCOME,2,1.7002999598564577,41,0.0
85,WFAgent14,MALE_YOUNG_HIGH_INCOME,4,3.2848955136405626,0,0.0
85,WFAgent13,OLD_LOW_INCOME,32,30.715700456352327,357,0.0
85,WFAgent12,FEMALE_YOUNG_LOW_INCOME,15,14.896470434622614,397,0.0
85,WFAgent11,FEMALE_OLD_LOW_INCOME,19,17.84415476111944,440,0.0
85,WFAgent0,MALE_YOUNG_HIGH_INCOME,4,3.290169036309837,82,0.0
85,WFAgent10,OLD_HIGH_INCOME,10,11.531161113650573,12,11.397544717465026
85,WFAgent1,MALE_OLD_HIGH_INCOME,7,7.135734370728624,7,6.77959480175
85,WFAgent2,MALE_OLD_HIGH_INCOME,7,6.779594801749999,0,0.0
85,WFAgent3,MALE_HIGH_INCOME,10,11.029175731217595,11,10.474686425534006
85,WFAgent4,MALE_YOUNG_LOW_INCOME,14,13.678180151137123,385,0.0
85,WFAgent5,YOUNG_HIGH_INCOME,6,5.782576188152746,7,5.757795813542215
86,WFAgent6,MALE_LOW_INCOME,28,29.3372664395496,346,0.0
86,WFAgent7,FEMALE_YOUNG_LOW_INCOME,15,12.823753938936735,0,0.0
86,WFAgent8,MALE_OLD_HIGH_INCOME,7,6.319898501129247,0,0.0
86,WFAgent9,FEMALE_LOW_INCOME,33,31.228712011696985,0,0.0
86,SIAgent0,OLD_LOW_INCOME,32,32.824340026721885,32,32.20162318775582
86,WFAgent18,MALE_OLD,20,19.963245440453793,338,0.0
86,WFAgent17,FEMALE_YOUNG_LOW_INCOME,15,16.011516083910262,406,0.0
86,WFAgent16,OLD_HIGH_INCOME,10,9.694332939256565,77,0.0
86,WFAgent15,MALE_HIGH_INCOME,10,10.209373252082962,0,0.0
86,WFAgent14,OLD_HIGH_INCOME,10,10.53951915054403,12,9.951838099012711
86,WFAgent13,MALE_YOUNG_LOW_INCOME,14,12.418148649815153,0,0.0
86,WFAgent12,FEMALE_YOUNG,17,18.42923524292864,0,0.0
86,WFAgent11,MALE_OLD_HIGH_INCOME,7,6.379804515179288,180,0.0
86,WFAgent0,FEMALE_YOUNG_HIGH_INCOME,2,2.3568123653167254,47,0.0
86,WFAgent10,MALE_LOW_INCOME,28,26.783956246598372,0,0.0
86,WFAgent1,MALE_OLD_LOW_INCOME,14,14.708421288889829,14,14.36064876169082
86,WFAgent2,FEMALE_OLD_LOW_INCOME,19,20.832897207205214,433,11.283366884185645
86,WFAgent3,MALE_YOUNG,18,19.15102783508124,108,0.0
86,WFAgent4,FEMALE_OLD_HIGH_INCOME,4,3.3172793663375697,0,0.0
86,WFAgent5,YOUNG_HIGH_INCOME,6,7.3690617984236475,7,7.146561276458073
87,WFAgent6,MALE_HIGH_INCOME,10,9.903009627039618,169,0.0
87,WFAgent7,FEMALE_YOUNG_LOW_INCOME,15,15.076539556574481,407,0.0
87,WFAgent8,MALE_OLD_LOW_INCOME,14,14.056015956086,0,0.0
87,WFAgent9,MALE_OLD_LOW_INCOME,14,17.47050327123232,15,16.54552209186092
87,SIAgent0,FEMALE_OLD_HIGH_INCOME,4,4.50669478525125,4,3.831251388911967
87,WFAgent18,YOUNG_HIGH_INCOME,6,5.696797060852445,96,0.0
87,WFAgent17,YOUNG_HIGH_INCOME,6,5.764206362686171,6,5.263272388021265
87,WFAgent16,OLD_HIGH_INCOME,10,9.578128472279918,0,0.0
87,WFAgent15,YOUNG_LOW_INCOME,29,28.21389195537878,348,0.0
87,WFAgent14,OLD_LOW_INCOME,32,32.544644803362424,262,0.0
87,WFAgent13,YOUNG_HIGH_INCOME,6,5.263272388021265,0,0.0
87,WFAgent12,YOUNG_HIGH_INCOME,6,5.823803818129945,6,5.696797060852445
87,WFAgent11,FEMALE_LOW_INCOME,33,31.732401886964503,0,0.0
87,WFAgent0,MALE_LOW_INCOME,28,30.884974571473727,30,30.29847951339865
87,WFAgent10,MALE_LOW_INCOME,28,33.931142920321314,33,33.5616649534675
87,WFAgent1,YOUNG_LOW_INCOME,29,29.70417590846053,32,29.165395054250208
87,WFAgent2,FEMALE_OLD,22,23.116391642195705,78,0.0
87,WFAgent3,OLD_LOW_INCOME,32,32.318378147625204,465,0.0
87,WFAgent4,MALE_YOUNG_LOW_INCOME,14,12.759860336234466,0,0.0
87,WFAgent5,FEMALE_YOUNG_HIGH_INCOME,2,2.1336322456649257,49,0.0
88,WFAgent6,FEMALE_HIGH_INCOME,5,4.192894348121953,0,0.0
88,WFAgent7,OLD_HIGH_INCOME,10,9.496969640262412,11,9.224367565868295
88,WFAgent8,OLD_HIGH_INCOME,10,10.395439501194748,12,10.290382794920111
88,WFAgent9,MALE_YOUNG_LOW_INCOME,14,12.582041571155258,0,0.0
88,SIAgent0,FEMALE_OLD_LOW_INCOME,19,17.154334181573574,448,15.348614794039518
88,WFAgent18,MALE_YOUNG_HIGH_INCOME,4,4.611266569188347,4,4.21141452108041
88,WFAgent17,YOUNG_HIGH_INCOME,6,6.3171217816206156,96,0.0
88,WFAgent16,MALE_YOUNG_HIGH_INCOME,4,4.978658639292502,4,4.575952466362913
88,WFAgent15,FEMALE_OLD_LOW_INCOME,19,21.61171233498422,23,20.7657729566417
88,WFAgent14,MALE_YOUNG_HIGH_INCOME,4,4.575952466362913,4,3.898015718620154
88,WFAgent13,MALE_OLD_HIGH_INCOME,7,7.674182416390166,145,0.0
88,WFAgent12,MALE_LOW_INCOME,28,30.857231235338826,357,0.0
88,WFAgent11,YOUNG_HIGH_INCOME,6,5.847023577930231,50,0.0
88,WFAgent0,FEMALE_OLD,22,18.865701790686867,65,0.0
88,WFAgent10,MALE_YOUNG,18,21.14988055692003,379,0.0
88,WFAgent1,YOUNG_LOW_INCOME,29,28.085932332500963,383,0.0
88,WFAgent2,FEMALE_YOUNG_LOW_INCOME,15,16.852090543453436,19,16.184628785651878
88,WFAgent3,MALE_HIGH_INCOME,10,8.642167341991795,0,0.0
88,WFAgent4,FEMALE_YOUNG,17,14.022645997560087,0,0.0
88,WFAgent5,FEMALE_LOW_INCOME,33,28.11014473297432,0,0.0
89,WFAgent6,MALE_YOUNG_HIGH_INCOME,4,4.716766539495487,4,4.234174086018455
89,WFAgent7,FEMALE_YOUNG,17,19.163526559203827,345,0.0
89,WFAgent8,YOUNG_HIGH_INCOME,6,6.351261129027683,44,0.0
89,WFAgent9,FEMALE_OLD_HIGH_INCOME,4,4.395456369411108,4,4.18399219621475
89,SIAgent0,MALE_LOW_INCOME,28,32.13439023052825,61,31.41842021604201
89,WFAgent18,FEMALE_LOW_INCOME,33,38.28226296962983,43,37.554731017608226
89,WFAgent17,OLD_HIGH_INCOME,10,8.374721464255163,0,0.0
89,WFAgent16,FEMALE_OLD,22,23.93026845713832,28,23.449220099914456
89,WFAgent15,FEMALE_OLD_LOW_INCOME,19,17.536688836579433,0,0.0
89,WFAgent14,MALE_YOUNG,18,17.223097945810494,0,0.0
89,WFAgent13,FEMALE_OLD_LOW_INCOME,19,21.795173409328164,23,21.253637204969596
89,WFAgent12,YOUNG_HIGH_INCOME,6,6.643268497253871,98,0.0
89,WFAgent11,MALE_OLD,20,19.957973085412643,157,0.0
89,WFAgent0,FEMALE_OLD_LOW_INCOME,19,20.193197535517115,442,0.0
89,WFAgent10,FEMALE_YOUNG_LOW_INCOME,15,13.100487564281936,0,0.0
89,WFAgent1,MALE_LOW_INCOME,28,24.491911264524667,0,0.0
89,WFAgent2,MALE_LOW_INCOME,28,26.925916418034852,30,26.241333497704996
89,WFAgent3,MALE_OLD_HIGH_INCOME,7,7.034392419060473,8,6.69977717140413
89,WFAgent4,FEMALE_OLD_HIGH_INCOME,4,4.18399219621475,60,0.0
89,WFAgent5,OLD_LOW_INCOME,32,29.570277850392493,316,0.0
90,WFAgent6,YOUNG_HIGH_INCOME,6,5.426510340155088,0,0.0
90,WFAgent7,OLD_HIGH_INCOME,10,8.845204833430902,0,0.0
90,WFAgent8,OLD_HIGH_INCOME,10,10.366824722947852,11,9.729725316773992
90,WFAgent9,MALE_HIGH_INCOME,10,9.896665940607457,152,0.0
90,SIAgent0,FEMALE_OLD_LOW_INCOME,19,19.145788130952084,20,18.554502547933104
90,WFAgent18,MALE_OLD_LOW_INCOME,14,14.967456861011728,347,0.0
90,WFAgent17,MALE_OLD_LOW_INCOME,14,11.823689029220294,0,0.0
90,WFAgent16,OLD_HIGH_INCOME,10,10.21836130740218,11,9.729725316773992
90,WFAgent15,OLD_LOW_INCOME,32,27.47248313085767,0,0.0
90,WFAgent14,FEMALE_YOUNG_LOW_INCOME,15,14.355278565464602,390,0.0
90,WFAgent13,FEMALE_YOUNG_HIGH_INCOME,2,1.8677345543692798,39,0.0
90,WFAgent12,YOUNG_HIGH_INCOME,6,6.805471711456266,6,5.937999564364475
90,WFAgent11,MALE_LOW_INCOME,28,26.385040534796076,376,0.0
90,WFAgent0,FEMALE_LOW_INCOME,33,30.614929204089606,0,0.0
90,WFAgent10,MALE_YOUNG_HIGH_INCOME,4,4.911487331685839,4,4.4186347879556145
90,WFAgent1,FEMALE_LOW_INCOME,33,31.19541108064383,465,0.0
90,WFAgent2,YOUNG_HIGH_INCOME,6,6.627952181933422,98,0.0
90,WFAgent3,FEMALE_YOUNG_HIGH_INCOME,2,2.0349454537028655,2,1.8088367800516958
90,WFAgent4,FEMALE_YOUNG_LOW_INCOME,15,15.03555703801195,15,14.179732309383562
90,WFAgent5,FEMALE_OLD_HIGH_INCOME,4,4.009604706013567,64,0.0
91,WFAgent6,MALE_OLD,20,16.96188749383414,340,0.0
91,WFAgent7,FEMALE_YOUNG_HIGH_INCOME,2,1.6430815788838034,45,0.0
91,WFAgent8,MALE_YOUNG_HIGH_INCOME,4,3.6692532369189377,94,0.0
91,WFAgent9,MALE_HIGH_INCOME,10,11.554814462847638,12,11.551694859524352
91,SIAgent0,MALE_YOUNG_HIGH_INCOME,4,3.8505649531747843,5,3.7385457330122067
91,WFAgent18,MALE_YOUNG_LOW_INCOME,14,17.255252086902196,16,16.392689879399533
91,WFAgent17,FEMALE_YOUNG,17,14.638009812250413,0,0.0
91,WFAgent16,FEMALE_OLD_HIGH_INCOME,4,3.8044659733989032,58,0.0
91,WFAgent15,OLD_HIGH_INCOME,10,11.414097163356372,12,11.373347766893398
91,WFAgent14,YOUNG_LOW_INCOME,29,34.00778368532613,39,33.581316628103906
91,WFAgent13,MALE_OLD_HIGH_INCOME,7,5.829768740912685,0,0.0
91,WFAgent12,FEMALE_OLD,22,20.851137572637903,0,0.0
91,WFAgent11,FEMALE_LOW_INCOME,33,34.842773678310984,362,0.0
91,WFAgent0,FEMALE_HIGH_INCOME,5,5.013924581872185,6,4.486254879614648
91,WFAgent10,OLD_HIGH_INCOME,10,10.031607065024138,11,9.329038121608775
91,WFAgent1,MALE_YOUNG,18,18.441776114324473,0,0.0
91,WFAgent2,MALE_HIGH_INCOME,10,9.44146833664156,158,0.0
91,WFAgent3,MALE_YOUNG_LOW_INCOME,14,15.944917866417988,336,0.0
91,WFAgent4,YOUNG_HIGH_INCOME,6,4.486254879614648,0,0.0
91,WFAgent5,FEMALE_OLD_LOW_INCOME,19,19.209288700107685,506,0.0
92,WFAgent6,FEMALE_OLD_LOW_INCOME,19,18.72289479385564,20,18.260208710298762
92,WFAgent7,FEMALE_OLD_LOW_INCOME,19,17.347198274783835,0,0.0
92,WFAgent8,OLD_LOW_INCOME,32,30.239752572635012,0,0.0
92,WFAgent9,FEMALE_OLD_LOW_INCOME,19,17.585710686898846,399,0.0
92,SIAgent0,MALE_YOUNG_HIGH_INCOME,4,4.369428877576411,4,4.369428877576411
92,WFAgent18,MALE_YOUNG_LOW_INCOME,14,15.788572702965935,15,15.001115555663203
92,WFAgent17,MALE_YOUNG,18,19.74943851397606,101,3.277071658182308
92,WFAgent16,MALE_OLD_HIGH_INCOME,7,5.646939952952472,0,0.0
92,WFAgent15,FEMALE_HIGH_INCOME,5,5.195283587328893,69,0.0
92,WFAgent14,FEMALE_YOUNG,17,17.17499985977942,44,0.0
92,WFAgent13,MALE_OLD,20,23.147795673838438,24,22.679814429476245
92,WFAgent12,MALE_OLD,20,20.70442086035828,25,20.167642689115972
92,WFAgent11,YOUNG_LOW_INCOME,29,31.7799287831247,344,0.0
92,WFAgent0,MALE_YOUNG,18,17.77313158448581,0,0.0
92,WFAgent10,MALE_LOW_INCOME,28,28.00208237057131,342,0.0
92,WFAgent1,OLD_LOW_INCOME,32,33.47570733070206,33,32.518712010380874
92,WFAgent2,FEMALE_YOUNG,17,15.310714488349994,0,0.0
92,WFAgent3,FEMALE_LOW_INCOME,33,33.461953110248245,35,33.074729376319524
92,WFAgent4,OLD_HIGH_INCOME,10,10.675712394666386,11,9.827036936599946
92,WFAgent5,MALE_OLD_HIGH_INCOME,7,6.253568959654511,122,0.0
93,WFAgent6,OLD_LOW_INCOME,32,33.346533587671225,0,0.0
93,WFAgent7,MALE_YOUNG_HIGH_INCOME,4,3.9040481749503932,4,3.534904171070541
93,WFAgent8,FEMALE_YOUNG_HIGH_INCOME,2,1.7436679876556214,0,0.0
93,WFAgent9,FEMALE_LOW_INCOME,33,36.18180606883155,478,0.0
93,SIAgent0,MALE_OLD_HIGH_INCOME,7,7.804390138854151,8,7.145525119026123
93,WFAgent18,MALE_YOUNG,18,14.788011312105054,0,0.0
93,WFAgent17,FEMALE_OLD_HIGH_INCOME,4,3.356322395885472,0,0.0
93,WFAgent16,MALE_YOUNG_HIGH_INCOME,4,3.955570702465624,4,3.872083991877395
93,WFAgent15,MALE_YOUNG_LOW_INCOME,14,14.844768665633033,381,0.0
93,WFAgent14,FEMALE_LOW_INCOME,33,34.882960471552046,38,34.57254312454944
93,WFAgent13,FEMALE_YOUNG_LOW_INCOME,15,15.203174596910422,345,0.0
93,WFAgent12,MALE_OLD,20,23.741562549471485,384,0.0
93,WFAgent11,MALE_HIGH_INCOME,10,9.680209979693487,82,0.0
93,WFAgent0,FEMALE_HIGH_INCOME,5,5.913087157049357,6,5.359143839269592
93,WFAgent10,OLD_HIGH_INCOME,10,8.931906398782653,63,0.0
93,WFAgent1,MALE_HIGH_INCOME,10,8.837260427676352,0,0.0
93,WFAgent2,FEMALE_OLD_HIGH_INCOME,4,4.375754877197533,5,4.19540299485684
93,WFAgent3,FEMALE_LOW_INCOME,33,30.023524292371874,0,0.0
93,WFAgent4,FEMALE_YOUNG_HIGH_INCOME,2,2.300904600264989,53,0.0
93,WFAgent5,MALE_OLD_HIGH_INCOME,7,6.745410139961939,149,0.0
94,WFAgent6,MALE_OLD,20,17.534463896394023,0,0.0
94,WFAgent7,MALE_YOUNG_LOW_INCOME,14,13.739892389103908,19,13.313959782150649
94,WFAgent8,FEMALE_OLD_HIGH_INCOME,4,3.526592619528456,0,0.0
94,WFAgent9,MALE_YOUNG_LOW_INCOME,14,12.296821638341676,329,0.0
94,SIAgent0,MALE_HIGH_INCOME,10,9.919665568753272,10,8.997718672308263
94,WFAgent18,FEMALE_LOW_INCOME,33,38.659496806919144,37,37.9284402305712
94,WFAgent17,FEMALE_YOUNG,17,14.327866425165073,0,0.0
94,WFAgent16,FEMALE_LOW_INCOME,33,36.5596634829626,40,36.28304761699281
94,WFAgent15,FEMALE_YOUNG,17,19.260010831111604,57,0.0
94,WFAgent14,FEMALE_LOW_INCOME,33,29.933514284019076,0,0.0
94,WFAgent13,FEMALE_OLD,22,26.09235509981299,27,25.61341220434132
94,WFAgent12,MALE_YOUNG_HIGH_INCOME,4,4.160867304196531,96,1.9839331137506544
94,WFAgent11,MALE_YOUNG_HIGH_INCOME,4,4.279574508258771,4,3.967866227501309
94,WFAgent0,MALE_OLD,20,19.601093031923792,346,0.0
94,WFAgent10,YOUNG_LOW_INCOME,29,29.914233132605894,370,0.0
94,WFAgent1,OLD_LOW_INCOME,32,32.80297533454807,433,0.0
94,WFAgent2,MALE_YOUNG,18,19.227556640935465,21,18.44523245751251
94,WFAgent3,OLD_HIGH_INCOME,10,10.442274452855026,60,0.0
94,WFAgent4,OLD_HIGH_INCOME,10,9.486448964570853,151,0.0
94,WFAgent5,YOUNG_LOW_INCOME,29,20.321307035914153,0,0.0
95,WFAgent6,YOUNG_HIGH_INCOME,6,5.586365987199107,85,0.0
95,WFAgent7,MALE_OLD,20,22.692505157347156,35,22.062406325902437
95,WFAgent8,OLD_LOW_INCOME,32,32.65353783204213,479,0.0
95,WFAgent9,MALE_OLD_HIGH_INCOME,7,6.740105055276896,132,0.0
95,SIAgent0,MALE_OLD_LOW_INCOME,14,15.663731277198783,24,15.128507194904516
95,WFAgent18,OLD_HIGH_INCOME,10,9.985225554372787,78,0.0
95,WFAgent17,MALE_OLD,20,12.6070893290871,0,0.0
95,WFAgent16,YOUNG_HIGH_INCOME,6,6.106490744861799,60,0.0
95,WFAgent15,FEMALE_OLD_HIGH_INCOME,4,3.736277917907621,0,0.0
95,WFAgent14,MALE_HIGH_INCOME,10,9.734085156917388,10,9.310609978665177
95,WFAgent13,FEMALE_OLD_HIGH_INCOME,4,4.318117208151399,4,3.736277917907621
95,WFAgent12,MALE_OLD_LOW_INCOME,14,16.772780513860173,14,15.884753610143006
95,WFAgent11,MALE_YOUNG_HIGH_INCOME,4,3.8174145591514974,4,3.531402959951286
95,WFAgent0,MALE_YOUNG_HIGH_INCOME,4,3.531402959951286,0,0.0
95,WFAgent10,MALE_OLD_LOW_INCOME,14,12.350668559293208,327,0.0
95,WFAgent1,MALE_OLD_LOW_INCOME,14,16.39810431989758,14,15.663731277198783
95,WFAgent2,FEMALE_YOUNG,17,15.604329068803787,0,0.0
95,WFAgent3,MALE_YOUNG_HIGH_INCOME,4,3.9119457826141475,4,3.8174145591514974
95,WFAgent4,MALE_YOUNG_HIGH_INCOME,4,4.512936254545167,4,3.8936340627669552
95,WFAgent5,YOUNG_LOW_INCOME,29,23.345461440021403,394,0.0
96,WFAgent6,YOUNG_HIGH_INCOME,6,6.201138534416409,49,0.0
96,WFAgent7,FEMALE_YOUNG,17,15.336646835627613,0,0.0
96,WFAgent8,FEMALE_LOW_INCOME,33,31.1216819731073,35,31.105590522445763
96,WFAgent9,MALE_YOUNG_HIGH_INCOME,4,4.611571122744015,4,4.134092356277606
96,SIAgent0,MALE_OLD,20,19.68598105194047,22,19.68598105194047
96,WFAgent18,MALE_OLD,20,19.286490187806702,0,0.0
96,WFAgent17,OLD_HIGH_INCOME,10,9.536196033659365,0,0.0
96,WFAgent16,MALE_YOUNG,18,20.524049385974624,367,0.0
96,WFAgent15,MALE_YOUNG_HIGH_INCOME,4,4.009735377394426,4,3.7532563923693005
96,WFAgent14,FEMALE_LOW_INCOME,33,34.776766834117446,381,0.0
96,WFAgent13,FEMALE_LOW_INCOME,33,32.49992987295142,36,32.401293359176606
96,WFAgent12,OLD_HIGH_INCOME,10,11.19624478801683,91,0.0
96,WFAgent11,OLD_LOW_INCOME,32,33.09411605053357,332,29.528971577910706
96,WFAgent0,MALE_YOUNG,18,17.85578043142181,0,0.0
96,WFAgent10,MALE_YOUNG_HIGH_INCOME,4,3.9623736407467107,94,0.0
96,WFAgent1,YOUNG_HIGH_INCOME,6,6.403437601922378,6,5.951926810473937
96,WFAgent2,MALE_HIGH_INCOME,10,9.383140980923251,0,0.0
96,WFAgent3,FEMALE_LOW_INCOME,33,29.32812820687745,0,0.0
96,WFAgent4,MALE_HIGH_INCOME,10,11.744756829307635,11,10.827289578567258
96,WFAgent5,FEMALE_OLD_LOW_INCOME,19,17.100682606232088,434,0.0
97,WFAgent6,FEMALE_YOUNG_LOW_INCOME,15,12.088354130877562,0,0.0
97,WFAgent7,FEMALE_YOUNG_LOW_INCOME,15,12.491236408028001,395,0.0
97,WFAgent8,MALE_YOUNG,18,19.00768144314112,20,18.680320212671944
97,WFAgent9,MALE_OLD_LOW_INCOME,14,14.576901987346599,344,0.0
97,SIAgent0,FEMALE_OLD_HIGH_INCOME,4,3.9339185417001548,83,0.0
97,WFAgent18,MALE_YOUNG_LOW_INCOME,14,13.988824420684574,0,0.0
97,WFAgent17,MALE_LOW_INCOME,28,28.984877950722602,0,0.0
97,WFAgent16,MALE_LOW_INCOME,28,29.66502346077318,28,28.984877950722584
97,WFAgent15,FEMALE_YOUNG_HIGH_INCOME,2,2.391835375730862,2,2.0348142622249585
97,WFAgent14,YOUNG_HIGH_INCOME,6,5.604096063801584,0,0.0
97,WFAgent13,YOUNG_HIGH_INCOME,6,6.104442786674876,44,0.0
97,WFAgent12,MALE_OLD,20,21.903826043775215,23,21.227133076663343
97,WFAgent11,MALE_YOUNG_HIGH_INCOME,4,3.9152736217839914,102,0.0
97,WFAgent0,MALE_HIGH_INCOME,10,10.149592882443844,102,0.0
97,WFAgent10,FEMALE_LOW_INCOME,33,27.769857915824335,0,0.0
97,WFAgent1,OLD_HIGH_INCOME,10,9.229188294201455,0,0.0
97,WFAgent2,FEMALE_YOUNG_LOW_INCOME,15,14.417084287600705,17,13.700134681661233
97,WFAgent3,FEMALE_LOW_INCOME,33,33.748184891432565,465,0.0
97,WFAgent4,MALE_YOUNG_LOW_INCOME,14,15.167242645489646,373,0.0
97,WFAgent5,FEMALE_YOUNG_HIGH_INCOME,2,2.12936410709599,2,1.8680320212671946
98,WFAgent6,FEMALE_OLD,22,23.393639497656228,95,0.0
98,WFAgent7,FEMALE_OLD_LOW_INCOME,19,20.37310907782625,519,0.0
98,WFAgent8,MALE_YOUNG,18,15.614489505491672,0,0.0
98,WFAgent9,FEMALE_YOUNG,17,16.593035255633815,35,0.0
98,SIAgent0,YOUNG_HIGH_INCOME,6,5.460458227394951,6,5.460458227394951
98,WFAgent18,YOUNG_HIGH_INCOME,6,6.968371386459085,7,6.370534598627443
98,WFAgent17,MALE_OLD,20,19.706956959880653,0,0.0
98,WFAgent16,MALE_OLD,20,22.594425792416164,22,21.677652655868716
98,WFAgent15,MALE_LOW_INCOME,28,30.620448494099932,338,0.0
98,WFAgent14,YOUNG_LOW_INCOME,29,31.725765784253007,33,31.654049110261283
98,WFAgent13,FEMALE_OLD_HIGH_INCOME,4,3.175813261622783,0,0.0
98,WFAgent12,MALE_YOUNG_LOW_INCOME,14,11.306789331336226,0,0.0
98,WFAgent11,MALE_HIGH_INCOME,10,10.29879580617386,135,0.0
98,WFAgent0,OLD_LOW_INCOME,32,31.55606537553577,0,0.0
98,WFAgent10,YOUNG_LOW_INCOME,29,24.869815774640955,0,0.0
98,WFAgent1,MALE_LOW_INCOME,28,28.5195263949237,364,0.0
98,WFAgent2,YOUNG_HIGH_INCOME,6,6.860845354543657,7,6.370534598627443
98,WFAgent3,YOUNG_LOW_INCOME,29,28.114937649152868,32,27.442555337534834
98,WFAgent4,MALE_YOUNG,18,18.37299075943855,103,7.280610969859935
98,WFAgent5,YOUNG_LOW_INCOME,29,27.817194672653855,304,0.0
99,WFAgent6,FEMALE_YOUNG_HIGH_INCOME,2,1.8826238725956979,31,0.0
99,WFAgent7,OLD_LOW_INCOME,32,27.205311448474287,0,0.0
99,WFAgent8,FEMALE_HIGH_INCOME,5,4.548167331918137,0,0.0
99,WFAgent9,FEMALE_OLD_HIGH_INCOME,4,4.022494656603207,68,0.0
99,SIAgent0,MALE_HIGH_INCOME,10,9.254417406694984,26,9.254417406694984
99,WFAgent18,YOUNG_LOW_INCOME,29,27.42906398915652,0,0.0
99,WFAgent17,OLD_LOW_INCOME,32,31.88698384404215,472,0.0
99,WFAgent16,FEMALE_OLD,22,23.009187782697595,25,22.309220760188882
99,WFAgent15,FEMALE_HIGH_INCOME,5,5.5279918450256025,6,5.457800798301764
99,WFAgent14,FEMALE_YOUNG_HIGH_INCOME,2,2.7457999814609457,2,1.9829557784459448
99,WFAgent13,YOUNG_LOW_INCOME,29,30.17244662947323,352,0.0
99,WFAgent12,MALE_LOW_INCOME,28,27.579863496502586,275,0.0
99,WFAgent11,FEMALE_LOW_INCOME,33,29.44817140344932,405,0.0
99,WFAgent0,YOUNG_HIGH_INCOME,6,6.471801935082119,6,5.647871617787094
99,WFAgent10,MALE_HIGH_INCOME,10,9.929741367459304,108,8.328975666025485
99,WFAgent1,FEMALE_YOUNG,17,16.85512411679053,18,16.3734023949053
99,WFAgent2,MALE_OLD,20,19.8956541981089,23,19.55381760359089
99,WFAgent3,OLD_HIGH_INCOME,10,10.483161685997956,11,10.179859147364482
99,WFAgent4,MALE_LOW_INCOME,28,34.05586634009149,34,33.48983424575312
99,WFAgent5,MALE_YOUNG_HIGH_INCOME,4,4.440235676264058,4,3.7017669626779934

