0,WEAgent1,MALE_YOUNG_HIGH_INCOME,3,3.452537546868434,3,3.1889927578651616
0,WEAgent2,MALE_LOW_INCOME,16,17.38477502036597,354,12.925779314577058
0,WEAgent0,YOUNG_LOW_INCOME,16,14.92368922642617,344,0.0
0,WEAgent5,FEMALE_OLD_LOW_INCOME,11,11.359308396278124,467,0.0
0,WEAgent6,MALE_LOW_INCOME,16,17.043883690155074,18,16.61885911874193
0,WEAgent3,MALE_OLD_LOW_INCOME,8,8.108829319351969,8,7.386159608329747
0,WEAgent4,FEMALE_YOUNG_HIGH_INCOME,2,2.0216655473817884,2,1.648401974943836
0,SIAgent3,MALE_HIGH_INCOME,6,6.377985515730323,241,2.1259951719101076
0,WEAgent7,YOUNG_HIGH_INCOME,4,3.6614668015293974,35,0.824200987471918
0,SIAgent1,FEMALE_HIGH_INCOME,3,2.472602962415754,15,2.472602962415754
0,SIAgent2,MALE_OLD_LOW_INCOME,8,7.386159608329746,7,6.462889657288528
0,SIAgent0,FEMALE_HIGH_INCOME,3,3.193181555177175,3,2.472602962415754
1,WEAgent1,MALE_YOUNG_LOW_INCOME,8,8.487054123987308,362,0.0
1,WEAgent2,MALE_YOUNG,10,11.371663317172393,89,2.927194317304294
1,WEAgent0,YOUNG_HIGH_INCOME,4,4.460172706349212,4,3.829748928079733
1,WEAgent5,FEMALE_OLD,12,13.31795321741894,102,0.0
1,WEAgent6,MALE_YOUNG_HIGH_INCOME,3,2.927194317304294,3,2.927194317304294
1,WEAgent3,FEMALE_OLD_LOW_INCOME,11,10.090928152371202,463,0.0
1,WEAgent4,MALE_OLD_LOW_INCOME,8,7.215471624284245,368,0.0
1,SIAgent3,MALE_OLD,11,12.209095090516351,17,11.725141389461902
1,WEAgent7,FEMALE_YOUNG,10,9.93489125790745,47,2.8723116960598
1,SIAgent1,FEMALE_YOUNG_LOW_INCOME,9,8.6169350881794,372,0.0
1,SIAgent2,MALE_YOUNG,10,10.631989937614081,10,10.608817654984135
1,SIAgent0,FEMALE_OLD_HIGH_INCOME,2,2.146067509333101,2,1.8347142095220368
2,WEAgent1,MALE_OLD,11,12.008166478674825,13,11.782937325177532
2,WEAgent2,YOUNG_HIGH_INCOME,4,4.572567518090368,62,0.0
2,WEAgent0,MALE_YOUNG_HIGH_INCOME,3,2.6244801232221153,3,2.6244801232221153
2,WEAgent5,MALE_OLD,11,10.66796305682843,162,7.251038353955401
2,WEAgent6,MALE_HIGH_INCOME,6,5.6639634083968975,95,0.874826707740705
2,WEAgent3,MALE_YOUNG_HIGH_INCOME,3,2.7760282775354534,3,2.6244801232221153
2,WEAgent4,YOUNG_LOW_INCOME,16,14.502076707910803,357,0.0
2,SIAgent3,MALE_YOUNG,10,10.635963103776396,11,9.780859217666357
2,WEAgent7,OLD_HIGH_INCOME,6,6.554879996696432,77,0.0
2,SIAgent1,MALE_LOW_INCOME,16,17.31629354900077,36,17.01754096604224
2,SIAgent2,MALE_HIGH_INCOME,6,7.5116445217661205,7,6.816308108110619
2,SIAgent0,FEMALE_YOUNG_HIGH_INCOME,2,1.8731258146770535,2,1.74965341548141
3,WEAgent1,MALE_OLD_LOW_INCOME,8,7.326107338645562,8,7.30873857005595
3,WEAgent2,YOUNG_LOW_INCOME,16,17.14556983934789,358,4.158131782849744
3,WEAgent0,MALE_OLD_LOW_INCOME,8,8.645214512108327,377,8.222330891312943
3,WEAgent5,MALE_YOUNG_LOW_INCOME,8,8.316263565699488,8,8.316263565699488
3,WEAgent6,MALE_OLD_LOW_INCOME,8,7.30873857005595,8,7.30873857005595
3,WEAgent3,MALE_YOUNG_HIGH_INCOME,3,2.861065120941146,107,0.0
3,WEAgent4,FEMALE_OLD,12,12.619337836792479,65,0.8187163457219634
3,SIAgent3,OLD_HIGH_INCOME,6,6.134845493032552,7,5.8708158573471
3,WEAgent7,YOUNG_HIGH_INCOME,4,3.6062140981639517,61,0.0
3,SIAgent1,OLD_HIGH_INCOME,6,4.912298074331781,28,4.912298074331781
3,SIAgent2,FEMALE_HIGH_INCOME,3,2.8755533490459606,3,2.4561490371658903
3,SIAgent0,FEMALE_YOUNG,10,9.699748411897154,59,8.886170643686418
4,WEAgent1,FEMALE_OLD_LOW_INCOME,11,9.676100471195928,476,0.0
4,WEAgent2,FEMALE_LOW_INCOME,19,19.628035287746727,376,0.0
4,WEAgent0,MALE_LOW_INCOME,16,17.96100184092633,21,17.937303628280837
4,WEAgent5,OLD_LOW_INCOME,18,20.56815068765431,333,9.395730471956632
4,WEAgent6,MALE_OLD_LOW_INCOME,8,7.7169248108681066,9,7.687415840691791
4,WEAgent3,FEMALE_OLD,12,12.202973656173953,80,0.0
4,WEAgent4,MALE_YOUNG_LOW_INCOME,8,6.833258525059369,349,0.0
4,SIAgent3,YOUNG_LOW_INCOME,16,19.204332973467913,21,18.717625425539985
4,WEAgent7,FEMALE_YOUNG,10,9.486224247533306,60,0.0
4,SIAgent1,MALE_YOUNG_LOW_INCOME,8,9.867089109522682,8,9.602166486733957
4,SIAgent2,FEMALE_OLD_HIGH_INCOME,2,1.8125174365021959,2,1.759290994762896
4,SIAgent0,MALE_YOUNG_LOW_INCOME,8,7.363923953091021,8,6.83325852505937
5,WEAgent1,FEMALE_LOW_INCOME,19,15.057074022960201,18,14.264596442804404
5,WEAgent2,MALE_LOW_INCOME,16,13.32096225512313,309,9.158161550397153
5,WEAgent0,MALE_OLD_LOW_INCOME,8,7.563717578529029,9,7.4930412685067616
5,WEAgent5,FEMALE_OLD_LOW_INCOME,11,10.55656884674364,11,10.55656884674364
5,WEAgent6,FEMALE_LOW_INCOME,19,20.642131630266476,387,13.472118862648603
5,WEAgent3,FEMALE_OLD_LOW_INCOME,11,10.902228225125443,479,5.758128461860166
5,WEAgent4,MALE_YOUNG_HIGH_INCOME,3,2.7862648044245484,87,0.0
5,SIAgent3,MALE_HIGH_INCOME,6,7.632010924137386,8,7.5742497125869335
5,WEAgent7,MALE_YOUNG_LOW_INCOME,8,7.443616290221208,8,7.334025955514777
5,SIAgent1,MALE_LOW_INCOME,16,14.668051911029558,30,14.153522396068329
5,SIAgent2,MALE_OLD_HIGH_INCOME,4,3.859229973354202,151,0.0
5,SIAgent0,MALE_LOW_INCOME,16,18.04918146717947,19,17.56899835456894
6,WEAgent1,FEMALE_YOUNG,10,9.240196199187771,64,3.6960784796751085
6,WEAgent2,MALE_YOUNG_LOW_INCOME,8,8.216334154036497,8,7.643428748763108
6,WEAgent0,YOUNG_HIGH_INCOME,4,3.79066193070481,4,3.6960784796751085
6,WEAgent5,FEMALE_LOW_INCOME,19,18.998397076625732,18,17.998481441013855
6,WEAgent6,OLD_HIGH_INCOME,6,5.39214271589479,80,0.0
6,WEAgent3,FEMALE_LOW_INCOME,19,19.493053045904222,335,12.998903262954451
6,WEAgent4,MALE_OLD_LOW_INCOME,8,6.942740317384709,7,6.074897777711621
6,SIAgent3,MALE_YOUNG,10,9.554285935953885,447,0.0
6,WEAgent7,MALE_OLD_LOW_INCOME,8,7.71405555253661,331,3.4713701586923547
6,SIAgent1,MALE_OLD,11,11.174608508751284,12,10.779865894722764
6,SIAgent2,OLD_HIGH_INCOME,6,5.938566075329938,8,5.207055238038532
6,SIAgent0,FEMALE_LOW_INCOME,19,20.921157879734775,44,19.998312712237617
7,WEAgent1,YOUNG_LOW_INCOME,16,14.82559484663488,334,0.0
7,WEAgent2,FEMALE_YOUNG_LOW_INCOME,9,9.893093810895392,400,0.0
7,WEAgent0,FEMALE_YOUNG_HIGH_INCOME,2,2.304983683402031,2,1.914848406861455
7,WEAgent5,FEMALE_OLD_HIGH_INCOME,2,2.0336471516345984,84,0.0
7,WEAgent6,FEMALE_YOUNG,10,9.574242034307275,9,8.616817830876549
7,WEAgent3,MALE_OLD,11,10.567526166477117,154,0.0
7,WEAgent4,FEMALE_YOUNG,10,9.94057808819126,29,8.616817830876549
7,SIAgent3,MALE_YOUNG_HIGH_INCOME,3,3.289513245390197,113,0.0
7,WEAgent7,MALE_LOW_INCOME,16,15.110914000208757,352,0.0
7,SIAgent1,OLD_LOW_INCOME,18,18.799669594314945,46,18.61460829827217
7,SIAgent2,MALE_LOW_INCOME,16,14.920011692324676,16,14.825594846634884
7,SIAgent0,YOUNG_HIGH_INCOME,4,4.613800970999001,4,4.246937448820924
8,WEAgent1,MALE_OLD_HIGH_INCOME,4,3.816967039249536,146,2.862725279437152
8,WEAgent2,MALE_LOW_INCOME,16,15.218599655842237,349,12.345860113652614
8,WEAgent0,MALE_OLD_HIGH_INCOME,4,4.327691308370999,4,3.816967039249536
8,WEAgent5,MALE_LOW_INCOME,16,17.405168547569353,19,16.75509586852855
8,WEAgent6,FEMALE_HIGH_INCOME,3,3.245989850182531,43,0.0
8,WEAgent3,YOUNG_LOW_INCOME,16,14.109554415602988,345,0.0
8,WEAgent4,MALE_OLD_HIGH_INCOME,4,4.22081083641324,4,3.816967039249536
8,SIAgent3,FEMALE_HIGH_INCOME,3,2.698619082796352,9,2.698619082796352
8,WEAgent7,FEMALE_LOW_INCOME,19,19.493673839740307,398,0.0
8,SIAgent1,MALE_YOUNG_HIGH_INCOME,3,2.9918268783540616,95,0.0
8,SIAgent2,MALE_YOUNG_HIGH_INCOME,3,3.243682138485961,3,2.9918268783540616
8,SIAgent0,MALE_YOUNG_LOW_INCOME,8,8.934663416314812,10,8.818471509751868
9,WEAgent1,FEMALE_OLD,12,12.893872591111744,80,7.208653746593233
9,WEAgent2,FEMALE_YOUNG_HIGH_INCOME,2,2.0209329297594096,2,2.0209329297594096
9,WEAgent0,MALE_OLD,11,10.531408067443618,141,0.0
9,WEAgent5,OLD_LOW_INCOME,18,18.33118423663644,19,17.780561560628247
9,WEAgent6,FEMALE_YOUNG_HIGH_INCOME,2,2.052255925451372,2,2.0209329297594096
9,WEAgent3,FEMALE_YOUNG_LOW_INCOME,9,8.848012245350558,420,0.0
9,WEAgent4,MALE_LOW_INCOME,16,17.165757102131955,327,14.037285442601249
9,SIAgent3,YOUNG_HIGH_INCOME,4,4.399758947808253,20,4.041865859518819
9,WEAgent7,YOUNG_HIGH_INCOME,4,4.136310027166652,34,2.0209329297594096
9,SIAgent1,MALE_YOUNG_LOW_INCOME,8,7.486552236054001,347,0.0
9,SIAgent2,FEMALE_YOUNG_HIGH_INCOME,2,2.4816643839352173,2,2.1998794739041263
9,SIAgent0,FEMALE_OLD_HIGH_INCOME,2,2.0596153561694956,2,2.0596153561694956
10,WEAgent1,FEMALE_YOUNG,10,10.178937644713288,50,0.0
10,WEAgent2,FEMALE_LOW_INCOME,19,18.871024888185914,24,18.308675702495833
10,WEAgent0,MALE_YOUNG_HIGH_INCOME,3,3.185341897983764,3,3.185341897983764
10,WEAgent5,FEMALE_OLD_HIGH_INCOME,2,2.293040882600319,84,1.8861198780169885
10,WEAgent6,FEMALE_LOW_INCOME,19,16.823828748527205,22,16.78295272728785
10,WEAgent3,MALE_HIGH_INCOME,6,6.568029093035921,116,5.308903163306273
10,WEAgent4,FEMALE_OLD_HIGH_INCOME,2,1.8861198780169885,2,1.8861198780169885
10,SIAgent3,OLD_LOW_INCOME,18,18.152749390011333,19,17.821910579234167
10,WEAgent7,FEMALE_LOW_INCOME,19,20.940481459264035,340,20.59726016530781
10,SIAgent1,MALE_OLD_LOW_INCOME,8,7.579818781951936,8,7.339606744749702
10,SIAgent2,YOUNG_LOW_INCOME,16,12.20578380166389,64,11.442922314059897
10,SIAgent0,OLD_LOW_INCOME,18,16.51411517568683,820,0.0
11,WEAgent1,FEMALE_LOW_INCOME,19,20.39052412108604,21,20.245792032254286
11,WEAgent2,MALE_HIGH_INCOME,6,6.5754592923743935,94,0.0
11,WEAgent0,OLD_HIGH_INCOME,6,5.64808064684003,73,0.9413467744733383
11,WEAgent5,YOUNG_LOW_INCOME,16,16.52466932872583,357,12.533109353300269
11,WEAgent6,FEMALE_OLD_HIGH_INCOME,2,2.220718781662223,2,1.8826935489466765
11,WEAgent3,OLD_LOW_INCOME,18,17.1299452380964,324,15.226617989419024
11,WEAgent4,OLD_LOW_INCOME,18,17.810462456902908,18,17.1299452380964
11,SIAgent3,FEMALE_LOW_INCOME,19,21.446823903078126,21,20.609725345009412
11,WEAgent7,FEMALE_OLD_LOW_INCOME,11,10.938544220253965,472,0.0
11,SIAgent1,FEMALE_OLD_HIGH_INCOME,2,1.9391034869393236,2,1.8826935489466765
11,SIAgent2,YOUNG_LOW_INCOME,16,15.425365357908028,71,15.425365357908023
11,SIAgent0,FEMALE_YOUNG_HIGH_INCOME,2,2.1445831336512264,57,0.0
12,WEAgent1,FEMALE_HIGH_INCOME,3,3.0566200306873355,48,0.0
12,WEAgent2,FEMALE_LOW_INCOME,19,16.841520802991504,337,10.503498100103387
12,WEAgent0,FEMALE_YOUNG_LOW_INCOME,9,8.455078447001782,9,7.877623575077541
12,WEAgent5,MALE_YOUNG_LOW_INCOME,8,7.673566545898241,364,0.0
12,WEAgent6,FEMALE_YOUNG_LOW_INCOME,9,7.877623575077543,9,7.877623575077541
12,WEAgent3,MALE_YOUNG_HIGH_INCOME,3,3.3931477387165816,98,0.0
12,WEAgent4,OLD_HIGH_INCOME,6,6.3018736298029605,89,0.0
12,SIAgent3,YOUNG_LOW_INCOME,16,16.135834065279386,17,15.296651850758888
12,WEAgent7,FEMALE_YOUNG_LOW_INCOME,9,9.47442022096132,10,8.75291508341949
12,SIAgent1,MALE_OLD_LOW_INCOME,8,7.85749886256493,345,0.0
12,SIAgent2,FEMALE_LOW_INCOME,19,17.35028665576698,46,16.63053865849703
12,SIAgent0,MALE_OLD,11,11.072233505006382,14,10.804060936026778
13,WEAgent1,MALE_OLD_LOW_INCOME,8,6.780357573159627,8,6.780357573159627
13,WEAgent2,FEMALE_YOUNG_HIGH_INCOME,2,2.2972366187021933,43,0.0
13,WEAgent0,MALE_YOUNG_LOW_INCOME,8,8.536671300320181,355,0.0
13,WEAgent5,MALE_LOW_INCOME,16,16.366260222571512,357,7.62790226980458
13,WEAgent6,OLD_HIGH_INCOME,6,6.266285927243296,6,5.666871863322472
13,WEAgent3,FEMALE_YOUNG_LOW_INCOME,9,8.29016522446333,11,7.898439086979763
13,WEAgent4,FEMALE_YOUNG_LOW_INCOME,9,6.462359252983443,364,5.026279418987122
13,SIAgent3,FEMALE_YOUNG,10,9.305757182499296,10,8.800780130271377
13,WEAgent7,OLD_HIGH_INCOME,6,5.666871863322472,64,3.7779145755483143
13,SIAgent1,FEMALE_LOW_INCOME,19,16.721482247515617,58,16.514918090957686
13,SIAgent2,FEMALE_OLD_LOW_INCOME,11,11.98103135895034,13,11.44101416935279
13,SIAgent0,FEMALE_YOUNG,10,9.428964352874948,10,9.305757182499297
14,WEAgent1,MALE_YOUNG,10,11.65310484794842,94,0.0
14,WEAgent2,FEMALE_YOUNG_HIGH_INCOME,2,1.8709607112914122,49,0.0
14,WEAgent0,MALE_YOUNG_LOW_INCOME,8,8.003835541861857,387,0.0
14,WEAgent5,OLD_LOW_INCOME,18,17.413087570306264,18,17.413087570306253
14,WEAgent6,MALE_OLD_HIGH_INCOME,4,3.1895494392078856,156,0.0
14,WEAgent3,OLD_HIGH_INCOME,6,5.144676146423764,6,4.784324158811828
14,WEAgent4,OLD_HIGH_INCOME,6,5.615172588535573,77,1.5947747196039428
14,SIAgent3,FEMALE_YOUNG_HIGH_INCOME,2,2.0156356970577733,2,1.9124500381509255
14,WEAgent7,MALE_LOW_INCOME,16,17.057680890760157,346,16.44569381640035
14,SIAgent1,MALE_OLD_HIGH_INCOME,4,4.532150998475113,5,4.281339869619429
14,SIAgent2,OLD_HIGH_INCOME,6,5.137607843543314,6,4.784324158811828
14,SIAgent0,FEMALE_YOUNG_HIGH_INCOME,2,1.9124500381509255,2,1.8709607112914122
15,WEAgent1,FEMALE_HIGH_INCOME,3,3.153812831583039,53,0.0
15,WEAgent2,MALE_OLD,11,11.651623489770135,168,0.0
15,WEAgent0,FEMALE_YOUNG_HIGH_INCOME,2,1.9566036326746312,2,1.83066474553352
15,WEAgent5,FEMALE_OLD,12,12.796856275126691,69,10.068656100434362
15,WEAgent6,MALE_YOUNG,10,10.67549070200857,97,0.0
15,WEAgent3,OLD_LOW_INCOME,18,17.429627830150498,368,0.0
15,WEAgent4,OLD_HIGH_INCOME,6,5.4919942366005605,6,5.4919942366005605
15,SIAgent3,FEMALE_HIGH_INCOME,3,3.130043107040187,3,2.992615476988932
15,WEAgent7,OLD_HIGH_INCOME,6,6.185770101769839,6,5.4919942366005605
15,SIAgent1,FEMALE_HIGH_INCOME,3,2.992615476988932,3,2.7459971183002803
15,SIAgent2,FEMALE_OLD_LOW_INCOME,11,12.353962411653571,469,0.0
15,SIAgent0,MALE_HIGH_INCOME,6,6.273370906746264,6,5.809875943383498
16,WEAgent1,FEMALE_OLD,12,13.26040312013549,76,11.669259786689533
16,WEAgent2,FEMALE_HIGH_INCOME,3,2.563799875487155,3,2.500555668576329
16,WEAgent0,MALE_OLD_LOW_INCOME,8,8.252251837269853,315,0.0
16,WEAgent5,FEMALE_YOUNG,10,8.449725773944813,34,0.0
16,WEAgent6,FEMALE_OLD_LOW_INCOME,11,11.061431101576655,429,8.335185561921097
16,WEAgent3,FEMALE_YOUNG_HIGH_INCOME,2,1.938965987361689,2,1.6670371123842191
16,WEAgent4,FEMALE_OLD_LOW_INCOME,11,9.168704118113205,10,8.335185561921097
16,SIAgent3,FEMALE_LOW_INCOME,19,18.36299732926301,39,18.33740823622641
16,WEAgent7,FEMALE_OLD,12,15.004747219939176,18,15.00333401145797
16,SIAgent1,YOUNG_HIGH_INCOME,4,4.60488406406153,26,4.167592780960548
16,SIAgent2,MALE_OLD_LOW_INCOME,8,8.385370822475728,8,8.252251837269853
16,SIAgent0,FEMALE_OLD_HIGH_INCOME,2,2.045529855107115,2,1.6670371123842191
17,WEAgent1,FEMALE_YOUNG_HIGH_INCOME,2,1.9191838923210711,39,0.0
17,WEAgent2,MALE_YOUNG_HIGH_INCOME,3,2.9882649275884985,110,2.866292884507919
17,WEAgent0,FEMALE_OLD_HIGH_INCOME,2,1.8036342238481515,86,0.0
17,WEAgent5,MALE_LOW_INCOME,16,14.19790186444597,15,13.3105329979181
17,WEAgent6,MALE_LOW_INCOME,16,15.782891563539202,330,14.197901864445974
17,WEAgent3,FEMALE_YOUNG_HIGH_INCOME,2,2.1927982473626972,2,1.9191838923210711
17,WEAgent4,MALE_YOUNG_HIGH_INCOME,3,2.8662928845079194,3,2.866292884507919
17,SIAgent3,MALE_OLD_LOW_INCOME,8,7.889869299177192,8,7.506472132124154
17,WEAgent7,FEMALE_OLD_LOW_INCOME,11,10.120213618592489,432,0.0
17,SIAgent1,FEMALE_OLD,12,11.14231336536241,12,11.042926270195432
17,SIAgent2,MALE_LOW_INCOME,16,15.01294426424831,47,14.197901864445974
17,SIAgent0,OLD_HIGH_INCOME,6,5.536275909617657,24,5.410902671544455
18,WEAgent1,MALE_OLD_LOW_INCOME,8,9.22661339223512,10,9.175186531182769
18,WEAgent2,FEMALE_YOUNG,10,11.8624119890873,54,0.8749552160840592
18,WEAgent0,MALE_LOW_INCOME,16,14.680298449892431,16,14.680298449892431
18,WEAgent5,MALE_OLD_HIGH_INCOME,4,4.68463287463536,4,4.181883527172796
18,WEAgent6,FEMALE_LOW_INCOME,19,20.973480893196804,416,0.0
18,WEAgent3,FEMALE_HIGH_INCOME,3,2.883115909125487,3,2.624865648252178
18,WEAgent4,OLD_LOW_INCOME,18,17.902048545299433,346,10.092705184301046
18,SIAgent3,FEMALE_OLD,12,11.644087757810542,113,11.374417809092769
18,WEAgent7,FEMALE_OLD,12,12.999523098981236,62,0.8749552160840592
18,SIAgent1,MALE_YOUNG_HIGH_INCOME,3,3.343509090244674,3,3.136412645379597
18,SIAgent2,MALE_HIGH_INCOME,6,6.272825290759195,253,0.0
18,SIAgent0,FEMALE_OLD_HIGH_INCOME,2,1.7499104321681185,2,1.7499104321681185
19,WEAgent1,MALE_LOW_INCOME,16,16.6271243828514,20,15.913797199718624
19,WEAgent2,OLD_HIGH_INCOME,6,5.779906764674393,6,5.779906764674393
19,WEAgent0,OLD_HIGH_INCOME,6,5.961227139165446,62,2.889953382337196
19,WEAgent5,OLD_LOW_INCOME,18,15.771573698953532,313,11.13965803980304
19,WEAgent6,FEMALE_YOUNG,10,8.559246174043967,31,8.559246174043967
19,WEAgent3,MALE_OLD_LOW_INCOME,8,6.531158156764304,8,6.3655188798874525
19,WEAgent4,FEMALE_OLD_LOW_INCOME,11,12.513617333330162,447,7.161208739873384
19,SIAgent3,MALE_YOUNG,10,11.11421320295698,49,11.091767490234826
19,WEAgent7,FEMALE_YOUNG,10,10.350443354618394,12,10.271095408852759
19,SIAgent1,YOUNG_HIGH_INCOME,4,4.033369996449029,7,3.423698469617587
19,SIAgent2,OLD_HIGH_INCOME,6,5.956080720053433,31,5.779906764674393
19,SIAgent0,FEMALE_OLD_LOW_INCOME,11,8.752588459845246,10,7.956898599859316
20,WEAgent1,MALE_YOUNG_HIGH_INCOME,3,3.054221441470368,3,3.0363888906463696
20,WEAgent2,MALE_YOUNG,10,10.704285668200907,10,10.121296302154565
20,WEAgent0,MALE_YOUNG,10,11.908842413098142,93,6.072777781292739
20,WEAgent5,FEMALE_HIGH_INCOME,3,2.979993838930283,3,2.2577339680585515
20,WEAgent6,FEMALE_YOUNG,10,8.501691277688732,40,7.525779893528507
20,WEAgent3,MALE_OLD_HIGH_INCOME,4,4.056336054481113,143,1.6365770052623816
20,WEAgent4,MALE_YOUNG_HIGH_INCOME,3,3.03638889064637,3,3.0363888906463696
20,SIAgent3,MALE_OLD_HIGH_INCOME,4,3.273154010524763,4,3.273154010524763
20,WEAgent7,FEMALE_YOUNG_LOW_INCOME,9,9.733992442162123,380,0.0
20,SIAgent1,OLD_LOW_INCOME,18,17.371245027049103,861,0.0
20,SIAgent2,FEMALE_YOUNG_HIGH_INCOME,2,2.1127163920933794,2,1.5051559787057014
20,SIAgent0,FEMALE_HIGH_INCOME,3,2.257733968058552,6,2.2577339680585515
21,WEAgent1,FEMALE_YOUNG_LOW_INCOME,9,11.219723809527306,14,10.649585005070339
21,WEAgent2,MALE_OLD,11,12.264651611795847,152,0.0
21,WEAgent0,FEMALE_HIGH_INCOME,3,3.19035601104236,3,2.629909915337311
21,WEAgent5,YOUNG_HIGH_INCOME,4,3.5065465537830813,4,3.5065465537830813
21,WEAgent6,FEMALE_LOW_INCOME,19,20.706951111019563,354,19.01711608048275
21,WEAgent3,FEMALE_HIGH_INCOME,3,3.19541700115159,3,2.629909915337311
21,WEAgent4,FEMALE_YOUNG_HIGH_INCOME,2,2.0208916371878733,29,0.8766366384457703
21,SIAgent3,OLD_LOW_INCOME,18,18.835231985833513,830,0.0
21,WEAgent7,FEMALE_LOW_INCOME,19,14.453008221166886,18,13.69232357794758
21,SIAgent1,MALE_OLD,11,13.317577573082783,12,12.556821323889006
21,SIAgent2,MALE_YOUNG_HIGH_INCOME,3,3.2658148663152593,105,0.0
21,SIAgent0,FEMALE_LOW_INCOME,19,20.96028823428264,23,20.638635265529977
22,WEAgent1,FEMALE_HIGH_INCOME,3,2.735477679519557,3,2.1117826094652354
22,WEAgent2,FEMALE_OLD_LOW_INCOME,11,7.74320290137253,10,7.039275364884119
22,WEAgent0,FEMALE_OLD_LOW_INCOME,11,9.54249634175503,466,2.815710145953647
22,WEAgent5,FEMALE_YOUNG,10,10.776222997085915,52,1.4078550729768236
22,WEAgent6,FEMALE_LOW_INCOME,19,18.37711340964267,400,0.0
22,WEAgent3,OLD_LOW_INCOME,18,18.40608191946087,354,0.0
22,WEAgent4,MALE_YOUNG,10,9.307584553467532,110,2.4471695439317793
22,SIAgent3,FEMALE_YOUNG_LOW_INCOME,9,8.574653589022336,12,8.447130437860944
22,WEAgent7,MALE_YOUNG_HIGH_INCOME,3,3.0452982223188334,3,2.4471695439317793
22,SIAgent1,OLD_HIGH_INCOME,6,5.920162423604429,235,0.0
22,SIAgent2,MALE_YOUNG_LOW_INCOME,8,9.35850043897153,11,8.972954994416526
22,SIAgent0,MALE_YOUNG_LOW_INCOME,8,6.5257854504847455,344,0.0
23,WEAgent1,MALE_OLD,11,13.709037239742008,156,0.0
23,WEAgent2,MALE_LOW_INCOME,16,17.86449719141158,336,10.343832254784077
23,WEAgent0,FEMALE_HIGH_INCOME,3,2.323387399846505,45,0.0
23,WEAgent5,MALE_LOW_INCOME,16,11.033421071769682,16,11.033421071769682
23,WEAgent6,FEMALE_YOUNG_LOW_INCOME,9,9.850528090137253,445,0.0
23,WEAgent3,FEMALE_OLD,12,13.525993402018662,85,0.0
23,WEAgent4,MALE_HIGH_INCOME,6,5.856041132994159,8,5.516710535884841
23,SIAgent3,FEMALE_OLD_LOW_INCOME,11,11.07218772260155,456,0.0
23,WEAgent7,MALE_YOUNG,10,9.323746347600517,89,7.585476986841656
23,SIAgent1,MALE_HIGH_INCOME,6,6.721736695905783,7,5.896928583242406
23,SIAgent2,YOUNG_HIGH_INCOME,4,4.184764420399981,6,4.137532901913631
23,SIAgent0,FEMALE_HIGH_INCOME,3,3.178432128329249,3,3.0196875607095137
24,WEAgent1,MALE_YOUNG_HIGH_INCOME,3,3.149189354761742,3,2.8045675766691356
24,WEAgent2,MALE_OLD_LOW_INCOME,8,7.275449507589144,8,7.275449507589144
24,WEAgent0,OLD_LOW_INCOME,18,16.546294097443877,361,2.728293565345929
24,WEAgent5,MALE_YOUNG,10,9.348558588897118,105,0.0
24,WEAgent6,FEMALE_LOW_INCOME,19,17.80698773899277,362,5.623259285997716
24,WEAgent3,MALE_OLD,11,11.729616105514964,177,0.0
24,WEAgent4,FEMALE_YOUNG_LOW_INCOME,9,8.527050530463274,9,8.434888928996575
24,SIAgent3,MALE_YOUNG,10,9.486081950727467,10,9.431892212446417
24,WEAgent7,FEMALE_YOUNG,10,10.740817884587164,52,0.0
24,SIAgent1,MALE_LOW_INCOME,16,15.105842406323028,26,14.550899015178288
24,SIAgent2,FEMALE_OLD_LOW_INCOME,11,10.68931647561724,11,10.51591197606967
24,SIAgent0,FEMALE_LOW_INCOME,19,18.163847958665794,23,17.80698773899277
25,WEAgent1,MALE_HIGH_INCOME,6,7.020275365242708,6,6.04654467207002
25,WEAgent2,FEMALE_HIGH_INCOME,3,3.398520392357003,46,3.0186143978280855
25,WEAgent0,FEMALE_OLD_HIGH_INCOME,2,2.012409598552057,68,0.0
25,WEAgent5,MALE_YOUNG,10,10.9751700980762,10,10.077574453450033
25,WEAgent6,MALE_YOUNG,10,10.476057465668685,10,10.077574453450033
25,WEAgent3,MALE_HIGH_INCOME,6,6.075257278080029,86,4.031029781380013
25,WEAgent4,YOUNG_HIGH_INCOME,4,4.317521966379693,4,4.024819197104114
25,SIAgent3,FEMALE_LOW_INCOME,19,17.89707906365586,850,0.0
25,WEAgent7,MALE_YOUNG_LOW_INCOME,8,8.062059562760027,412,0.0
25,SIAgent1,OLD_HIGH_INCOME,6,6.444172361164908,6,6.242916050052939
25,SIAgent2,MALE_OLD_HIGH_INCOME,4,4.161944033368625,162,0.0
25,SIAgent0,OLD_HIGH_INCOME,6,6.742965589110282,6,6.444172361164908
26,WEAgent1,FEMALE_HIGH_INCOME,3,2.8564063491975586,33,0.9060541306975878
26,WEAgent2,FEMALE_YOUNG_LOW_INCOME,9,8.622582899880461,373,4.1590554425090716
26,WEAgent0,MALE_HIGH_INCOME,6,5.973714669757172,8,5.963219779888505
26,WEAgent5,FEMALE_YOUNG_HIGH_INCOME,2,1.8121082613951756,2,1.8121082613951756
26,WEAgent6,FEMALE_YOUNG_LOW_INCOME,9,7.486299796516329,9,7.486299796516327
26,WEAgent3,MALE_LOW_INCOME,16,11.926439559777013,336,5.963219779888505
26,WEAgent4,MALE_YOUNG_HIGH_INCOME,3,3.109900880572076,99,2.981609889944253
26,SIAgent3,MALE_YOUNG,10,10.912245712872803,12,10.853237519506003
26,WEAgent7,MALE_YOUNG_LOW_INCOME,8,9.76591320453478,13,9.690232142318822
26,SIAgent1,FEMALE_YOUNG_HIGH_INCOME,2,2.1650930105647244,2,1.8121082613951756
26,SIAgent2,MALE_OLD_LOW_INCOME,8,8.794491439486006,368,0.0
26,SIAgent0,YOUNG_LOW_INCOME,16,14.9798921192542,18,14.281330664906646
27,WEAgent1,MALE_OLD,11,9.069307522950822,158,0.0
27,WEAgent2,FEMALE_OLD_LOW_INCOME,11,11.033220943488908,487,0.0
27,WEAgent0,FEMALE_OLD,12,12.252468705963059,70,0.0
27,WEAgent5,MALE_YOUNG,10,9.372848537336354,71,5.77137751460507
27,WEAgent6,MALE_HIGH_INCOME,6,5.894550454332099,7,5.77137751460507
27,WEAgent3,MALE_HIGH_INCOME,6,6.1567759285297035,7,5.77137751460507
27,WEAgent4,FEMALE_YOUNG_LOW_INCOME,9,7.704713447922273,8,6.84863417593091
27,SIAgent3,MALE_HIGH_INCOME,6,5.23242418559942,6,4.946895012518631
27,WEAgent7,FEMALE_LOW_INCOME,19,20.135692111324513,374,8.560792719913637
27,SIAgent1,FEMALE_YOUNG_LOW_INCOME,9,9.187346827269685,10,8.560792719913637
27,SIAgent2,MALE_YOUNG_HIGH_INCOME,3,3.047378816487023,3,2.61621209279971
27,SIAgent0,YOUNG_LOW_INCOME,16,17.577360256100395,29,17.35387734039829
28,WEAgent1,MALE_OLD_LOW_INCOME,8,6.852018072989686,8,6.852018072989686
28,WEAgent2,MALE_HIGH_INCOME,6,6.127909415058575,109,0.0
28,WEAgent0,OLD_LOW_INCOME,18,18.047020093259878,335,17.13004518247421
28,WEAgent5,MALE_LOW_INCOME,16,16.98884552856898,19,16.273542923350497
28,WEAgent6,FEMALE_LOW_INCOME,19,19.43185524533989,19,19.00660127417464
28,WEAgent3,YOUNG_HIGH_INCOME,4,4.444896516810524,57,2.89417003582395
28,WEAgent4,FEMALE_YOUNG_HIGH_INCOME,2,2.005507187031641,2,1.9294466905493
28,SIAgent3,OLD_LOW_INCOME,18,16.39421615240304,50,16.273542923350497
28,WEAgent7,FEMALE_OLD_HIGH_INCOME,2,1.7553604773796052,74,0.0
28,SIAgent1,YOUNG_LOW_INCOME,16,16.005558967726007,725,0.0
28,SIAgent2,YOUNG_LOW_INCOME,16,16.422319867725058,16,16.162231483418473
28,SIAgent0,MALE_OLD_HIGH_INCOME,4,3.8588933810986,162,0.0
29,WEAgent1,FEMALE_OLD,12,11.03574927495144,71,5.51787463747572
29,WEAgent2,MALE_YOUNG,10,10.905926623092823,92,9.183925018678131
29,WEAgent0,YOUNG_LOW_INCOME,16,15.5409644444878,377,7.347140014942504
29,WEAgent5,FEMALE_OLD_HIGH_INCOME,2,1.9687669246711659,2,1.83929154582524
29,WEAgent6,MALE_YOUNG_LOW_INCOME,8,8.941584986270147,9,8.265532516810318
29,WEAgent3,MALE_OLD_HIGH_INCOME,4,3.8371864806835507,4,3.6663685397246706
29,WEAgent4,FEMALE_OLD_HIGH_INCOME,2,1.8401936382380975,2,1.83929154582524
29,SIAgent3,MALE_YOUNG_LOW_INCOME,8,7.347140014942504,8,7.347140014942504
29,WEAgent7,MALE_YOUNG,10,9.543991771822483,10,9.183925018678131
29,SIAgent1,MALE_OLD_HIGH_INCOME,4,3.6663685397246706,162,3.6663685397246706
29,SIAgent2,FEMALE_LOW_INCOME,19,20.470162225970967,848,0.0
29,SIAgent0,FEMALE_OLD_HIGH_INCOME,2,1.9994647641802232,2,1.83929154582524
30,WEAgent1,FEMALE_LOW_INCOME,19,20.235745695938476,387,14.321271903769263
30,WEAgent2,FEMALE_OLD,12,11.364878317224237,16,10.901656277525452
30,WEAgent0,FEMALE_YOUNG_LOW_INCOME,9,9.075604659494328,12,9.045013833959533
30,WEAgent5,FEMALE_YOUNG_HIGH_INCOME,2,1.9615782577077832,2,1.507502305659922
30,WEAgent6,FEMALE_YOUNG,10,9.410477229642645,47,0.753751152829961
30,WEAgent3,YOUNG_LOW_INCOME,16,14.821467582286104,365,0.0
30,WEAgent4,MALE_YOUNG_HIGH_INCOME,3,2.7639726804188105,84,0.0
30,SIAgent3,OLD_HIGH_INCOME,6,4.088121104072044,10,4.0881211040720435
30,WEAgent7,FEMALE_OLD,12,12.042038639870276,58,8.857595725489428
30,SIAgent1,FEMALE_YOUNG_LOW_INCOME,9,6.783760375469649,9,6.783760375469649
30,SIAgent2,YOUNG_HIGH_INCOME,4,3.8593823312642273,4,3.182577685296153
30,SIAgent0,MALE_OLD_HIGH_INCOME,4,3.9926733174821214,5,3.406767586726704
31,WEAgent1,FEMALE_OLD_HIGH_INCOME,2,1.9113210248222816,2,1.679536607048016
31,WEAgent2,FEMALE_HIGH_INCOME,3,3.4320071252671394,56,0.0
31,WEAgent0,MALE_YOUNG_HIGH_INCOME,3,2.8777003044585383,96,0.0
31,WEAgent5,MALE_YOUNG_LOW_INCOME,8,8.087961796061164,336,0.0
31,WEAgent6,OLD_HIGH_INCOME,6,6.939101449424928,8,6.718146428192064
31,WEAgent3,OLD_HIGH_INCOME,6,5.038609821144048,6,5.038609821144048
31,WEAgent4,FEMALE_OLD,12,11.468688825640854,13,10.916987945812103
31,SIAgent3,OLD_LOW_INCOME,18,18.733022995305777,872,0.0
31,WEAgent7,OLD_HIGH_INCOME,6,6.6212512123836955,53,5.038609821144048
31,SIAgent1,FEMALE_OLD_HIGH_INCOME,2,2.232812631058718,2,1.679536607048016
31,SIAgent2,FEMALE_YOUNG_HIGH_INCOME,2,1.8513480360495778,2,1.679536607048016
31,SIAgent0,MALE_OLD_HIGH_INCOME,4,4.556355434140679,172,0.0
32,WEAgent1,MALE_HIGH_INCOME,6,6.9872770920033345,8,6.277808747755049
32,WEAgent2,FEMALE_YOUNG_HIGH_INCOME,2,1.850390050597661,44,1.6953041587657582
32,WEAgent0,MALE_OLD,11,9.373651982091335,153,1.7043003603802427
32,WEAgent5,MALE_OLD_HIGH_INCOME,4,3.977301656568676,4,3.4086007207604854
32,WEAgent6,MALE_YOUNG,10,10.803104685860813,75,5.4930826542856686
32,WEAgent3,FEMALE_HIGH_INCOME,3,3.0728986163688528,3,2.5429562381486375
32,WEAgent4,FEMALE_HIGH_INCOME,3,2.5429562381486375,3,2.5429562381486375
32,SIAgent3,FEMALE_OLD,12,14.22259999812664,558,0.0
32,WEAgent7,FEMALE_YOUNG_LOW_INCOME,9,7.062534841224431,378,0.0
32,SIAgent1,YOUNG_LOW_INCOME,16,14.341308499579966,32,14.125069682448856
32,SIAgent2,MALE_YOUNG_HIGH_INCOME,3,3.2538113898642536,4,3.1389043738775246
32,SIAgent0,MALE_OLD,11,10.749641074022103,48,10.225802162281454
33,WEAgent1,FEMALE_LOW_INCOME,19,19.42551420992112,365,14.811149108190223
33,WEAgent2,FEMALE_LOW_INCOME,19,18.254874820671713,19,17.588239565975893
33,WEAgent0,OLD_LOW_INCOME,18,20.157487674412085,371,0.0
33,WEAgent5,OLD_HIGH_INCOME,6,6.418149545920963,88,0.0
33,WEAgent6,YOUNG_LOW_INCOME,16,18.602625832340184,388,0.0
33,WEAgent3,FEMALE_YOUNG_LOW_INCOME,9,8.679829050398906,9,8.331271373357001
33,WEAgent4,FEMALE_YOUNG_LOW_INCOME,9,9.361847099228028,10,9.25696819261889
33,SIAgent3,OLD_LOW_INCOME,18,20.52829805701697,20,20.354433618728212
33,WEAgent7,FEMALE_OLD_LOW_INCOME,11,10.182665011880779,403,0.0
33,SIAgent1,YOUNG_HIGH_INCOME,4,3.6466269200973085,146,0.0
33,SIAgent2,FEMALE_OLD_LOW_INCOME,11,11.556001189089844,12,11.108361831142668
33,SIAgent0,FEMALE_OLD_LOW_INCOME,11,11.740008824834222,11,11.556001189089844
34,WEAgent1,FEMALE_LOW_INCOME,19,20.147881048722763,20,19.829695852669154
34,WEAgent2,FEMALE_YOUNG_HIGH_INCOME,2,2.074298622353366,2,1.9634331678366712
34,WEAgent0,MALE_LOW_INCOME,16,14.888241341543152,18,14.465516204674213
34,WEAgent5,OLD_LOW_INCOME,18,19.166200418022726,344,15.26915599382278
34,WEAgent6,MALE_OLD,11,9.648781056335281,161,0.0
34,WEAgent3,MALE_LOW_INCOME,16,12.858236626377078,16,12.858236626377078
34,WEAgent4,FEMALE_YOUNG_HIGH_INCOME,2,1.9634331678366712,33,0.9817165839183356
34,SIAgent3,OLD_HIGH_INCOME,6,5.7563209701845235,13,5.625478524039972
34,WEAgent7,FEMALE_YOUNG_LOW_INCOME,9,9.335418263950816,9,9.108402504314792
34,SIAgent1,YOUNG_LOW_INCOME,16,15.096185959589707,713,0.0
34,SIAgent2,MALE_OLD,11,11.632279243850798,13,11.226052455008974
34,SIAgent0,FEMALE_YOUNG_LOW_INCOME,9,9.108402504314792,9,9.108402504314792
35,WEAgent1,MALE_OLD,11,11.665934372824214,161,0.0
35,WEAgent2,FEMALE_OLD_HIGH_INCOME,2,1.699597211512549,2,1.699597211512549
35,WEAgent0,FEMALE_HIGH_INCOME,3,3.5151128519242,4,3.399194423025098
35,WEAgent5,MALE_YOUNG,10,9.420115647778234,105,2.7376070288040864
35,WEAgent6,OLD_HIGH_INCOME,6,5.274797461687245,6,5.098791634537647
35,WEAgent3,FEMALE_OLD,12,10.234510466770613,65,9.34778466331902
35,WEAgent4,FEMALE_YOUNG_HIGH_INCOME,2,1.900921924840344,34,1.699597211512549
35,SIAgent3,YOUNG_LOW_INCOME,16,15.527595027013982,730,0.0
35,WEAgent7,FEMALE_HIGH_INCOME,3,3.0507031268664218,3,2.549395817268824
35,SIAgent1,FEMALE_OLD,12,11.387743353805648,124,11.04738187483157
35,SIAgent2,FEMALE_YOUNG,10,9.820729198909298,10,9.58407080845164
35,SIAgent0,MALE_YOUNG_HIGH_INCOME,3,2.7376070288040864,3,2.7376070288040864
36,WEAgent1,YOUNG_LOW_INCOME,16,18.98245996188819,20,18.53415218310441
36,WEAgent2,FEMALE_LOW_INCOME,19,19.38540156003739,20,18.53415218310441
36,WEAgent0,MALE_YOUNG,10,8.526365837778048,102,0.0
36,WEAgent5,OLD_LOW_INCOME,18,15.952487981504076,333,0.0
36,WEAgent6,FEMALE_LOW_INCOME,19,18.167707715117018,377,17.60744457394919
36,WEAgent3,YOUNG_LOW_INCOME,16,16.402705576942097,359,14.827321746483532
36,WEAgent4,FEMALE_OLD_HIGH_INCOME,2,2.048420998015709,2,1.9868393929538326
36,SIAgent3,MALE_OLD_LOW_INCOME,8,7.3656874039053815,8,7.0899946584462565
36,WEAgent7,FEMALE_OLD_LOW_INCOME,11,10.193783700707428,492,0.0
36,SIAgent1,FEMALE_OLD_HIGH_INCOME,2,1.9868393929538326,80,1.9868393929538326
36,SIAgent2,FEMALE_HIGH_INCOME,3,3.1456080986910995,3,2.980259089430749
36,SIAgent0,MALE_YOUNG,10,10.376564359938376,11,9.82342857382035
37,WEAgent1,MALE_OLD,11,11.537603778497553,175,8.606692388130423
37,WEAgent2,MALE_LOW_INCOME,16,15.300786467787418,336,0.0
37,WEAgent0,FEMALE_OLD,12,9.360115677662739,85,0.7800096398052282
37,WEAgent5,MALE_HIGH_INCOME,6,6.9847451833753755,7,6.694094079656995
37,WEAgent6,MALE_OLD_HIGH_INCOME,4,4.105095689537176,4,3.8251966169468545
37,WEAgent3,MALE_HIGH_INCOME,6,6.1423595179366925,106,4.781495771183568
37,WEAgent4,MALE_OLD_HIGH_INCOME,4,4.192333292654813,4,3.8251966169468545
37,SIAgent3,FEMALE_YOUNG_LOW_INCOME,9,6.773812925462728,374,0.0
37,WEAgent7,FEMALE_OLD_HIGH_INCOME,2,2.4166290107345594,3,2.3400289194156847
37,SIAgent1,MALE_OLD_HIGH_INCOME,4,4.261473731441111,4,3.8251966169468545
37,SIAgent2,YOUNG_HIGH_INCOME,4,4.078121833078654,4,3.8251966169468545
37,SIAgent0,YOUNG_HIGH_INCOME,4,4.078601230936934,4,4.078121833078654
38,WEAgent1,OLD_LOW_INCOME,18,18.07557186892509,354,10.041984371625047
38,WEAgent2,MALE_LOW_INCOME,16,16.21206849171664,16,16.067174994600073
38,WEAgent0,FEMALE_OLD_HIGH_INCOME,2,2.0426374524289344,2,1.6581772730797841
38,WEAgent5,MALE_YOUNG_HIGH_INCOME,3,3.0303401925666287,82,3.0303401925666282
38,WEAgent6,MALE_YOUNG_LOW_INCOME,8,8.286441055719575,366,0.0
38,WEAgent3,FEMALE_OLD_HIGH_INCOME,2,1.6581772730797841,77,0.0
38,WEAgent4,FEMALE_OLD_LOW_INCOME,11,12.609548910434155,490,0.0
38,SIAgent3,FEMALE_YOUNG,10,10.09313836244057,93,9.838591420604368
38,WEAgent7,MALE_YOUNG_HIGH_INCOME,3,3.041916424900066,3,3.0303401925666282
38,SIAgent1,FEMALE_YOUNG_HIGH_INCOME,2,1.9677182841208734,41,0.0
38,SIAgent2,OLD_HIGH_INCOME,6,5.393584852177993,36,4.974531819239353
38,SIAgent0,FEMALE_OLD_HIGH_INCOME,2,2.181208976442622,2,1.7978616173926643
39,WEAgent1,OLD_HIGH_INCOME,6,6.4895242997547955,71,0.0
39,WEAgent2,MALE_OLD_HIGH_INCOME,4,3.3713691076088996,176,0.0
39,WEAgent0,FEMALE_YOUNG_LOW_INCOME,9,8.619334732285523,10,8.408737497791268
39,WEAgent5,OLD_LOW_INCOME,18,19.532608945910926,375,3.676276356740011
39,WEAgent6,FEMALE_YOUNG_LOW_INCOME,9,9.084173433212474,10,8.408737497791268
39,WEAgent3,FEMALE_YOUNG,10,10.327382555519714,37,0.8408737497791267
39,WEAgent4,FEMALE_YOUNG_HIGH_INCOME,2,1.7440984790143408,2,1.6817474995582533
39,SIAgent3,FEMALE_LOW_INCOME,19,15.976601245803407,800,11.772232496907773
39,WEAgent7,MALE_OLD_LOW_INCOME,8,7.352552713480022,8,7.352552713480022
39,SIAgent1,FEMALE_YOUNG,10,10.994409711620401,11,10.740831760599878
39,SIAgent2,FEMALE_LOW_INCOME,19,18.809920220559427,22,18.499222495140785
39,SIAgent0,MALE_OLD,11,10.291837466118563,11,9.652399107338363
40,WEAgent1,YOUNG_LOW_INCOME,16,18.084957116944565,18,17.468606340870863
40,WEAgent2,FEMALE_OLD,12,11.218792590273791,12,11.107153984364684
40,WEAgent0,MALE_YOUNG,10,9.40516530532446,115,0.0
40,WEAgent5,MALE_OLD_LOW_INCOME,8,7.794109100576647,338,0.0
40,WEAgent6,MALE_LOW_INCOME,16,17.872480014776006,340,9.704781300483816
40,WEAgent3,FEMALE_YOUNG,10,8.822853385584457,34,0.0
40,WEAgent4,FEMALE_OLD,12,11.925482203747087,12,11.107153984364684
40,SIAgent3,OLD_LOW_INCOME,18,17.468606340870874,18,17.01978669402429
40,WEAgent7,FEMALE_OLD_LOW_INCOME,11,12.977823872612072,13,12.616215690628968
40,SIAgent1,FEMALE_YOUNG,10,10.712828335255711,124,10.587424062701349
40,SIAgent2,OLD_HIGH_INCOME,6,5.57991493535517,19,5.553576992182343
40,SIAgent0,FEMALE_OLD,12,11.107153984364686,515,9.255961653637238
41,WEAgent1,FEMALE_OLD_LOW_INCOME,11,10.466448904762128,11,10.131548823563863
41,WEAgent2,FEMALE_HIGH_INCOME,3,2.5494342638748186,3,2.5494342638748186
41,WEAgent0,FEMALE_OLD,12,11.533346434484537,59,9.210498930512603
41,WEAgent5,FEMALE_YOUNG_HIGH_INCOME,2,1.7986834356937251,35,1.6996228425832123
41,WEAgent6,FEMALE_OLD,12,11.700645666972632,12,11.052598716615122
41,WEAgent3,MALE_HIGH_INCOME,6,6.123992793211666,101,0.0
41,WEAgent4,YOUNG_HIGH_INCOME,4,4.224283765724761,4,3.3992456851664246
41,SIAgent3,FEMALE_OLD_LOW_INCOME,11,10.131548823563863,509,4.605249465256302
41,WEAgent7,MALE_OLD_HIGH_INCOME,4,4.488299907301618,4,3.7397346513787153
41,SIAgent1,FEMALE_HIGH_INCOME,3,3.256781188525386,3,2.6996649594471958
41,SIAgent2,MALE_OLD,11,10.284270291291467,505,1.8698673256893577
41,SIAgent0,FEMALE_YOUNG_HIGH_INCOME,2,1.7151303466893502,2,1.6996228425832123
42,WEAgent1,FEMALE_OLD_HIGH_INCOME,2,2.1885598283843644,72,0.0
42,WEAgent2,FEMALE_OLD_LOW_INCOME,11,10.505633589056318,12,9.919257249806913
42,WEAgent0,FEMALE_OLD_LOW_INCOME,11,9.09265247898967,469,7.439442937355184
42,WEAgent5,MALE_OLD,11,10.645065589934065,10,9.677332354485515
42,WEAgent6,MALE_OLD,11,11.327185894001609,146,7.741865883588411
42,WEAgent3,YOUNG_LOW_INCOME,16,16.022382312754438,359,0.0
42,WEAgent4,FEMALE_YOUNG_LOW_INCOME,9,7.356824854876042,369,0.0
42,SIAgent3,MALE_OLD_LOW_INCOME,8,8.381817857538737,382,0.0
42,WEAgent7,MALE_HIGH_INCOME,6,5.028629212242321,113,0.0
42,SIAgent1,FEMALE_YOUNG,10,8.632921308875183,10,8.174249838751157
42,SIAgent2,FEMALE_YOUNG_HIGH_INCOME,2,2.2563512985103804,52,0.0
42,SIAgent0,OLD_HIGH_INCOME,6,6.292623996543274,6,5.8063994126913085
43,WEAgent1,MALE_YOUNG_HIGH_INCOME,3,2.693410485457475,3,2.693410485457475
43,WEAgent2,YOUNG_LOW_INCOME,16,15.691019105069309,356,4.712170497423777
43,WEAgent0,FEMALE_HIGH_INCOME,3,3.5573482500343427,3,2.6748895575729303
43,WEAgent5,FEMALE_YOUNG,10,8.9162985252431,54,4.45814926262155
43,WEAgent6,MALE_YOUNG,10,9.619192500426623,74,0.8978034951524917
43,WEAgent3,FEMALE_OLD_HIGH_INCOME,2,2.0362511820643507,90,0.0
43,WEAgent4,FEMALE_HIGH_INCOME,3,3.5490517107212893,3,2.6748895575729303
43,SIAgent3,FEMALE_YOUNG_HIGH_INCOME,2,2.2813465290874726,2,1.78325970504862
43,WEAgent7,FEMALE_OLD_HIGH_INCOME,2,2.06120363607067,2,2.0362511820643507
43,SIAgent1,MALE_YOUNG_LOW_INCOME,8,7.539472795878043,8,7.5394727958780425
43,SIAgent2,FEMALE_OLD_HIGH_INCOME,2,2.0978382315824757,2,2.0362511820643507
43,SIAgent0,MALE_HIGH_INCOME,6,6.415425270232021,31,6.284624466067442
44,WEAgent1,MALE_LOW_INCOME,16,15.776440396075863,19,15.694563548565277
44,WEAgent2,MALE_YOUNG_HIGH_INCOME,3,3.458843830037103,88,1.0287932794579269
44,WEAgent0,YOUNG_LOW_INCOME,16,16.52562322434651,16,16.525623224346507
44,WEAgent5,MALE_OLD,11,12.503791959995837,172,0.0
44,WEAgent6,YOUNG_LOW_INCOME,16,16.983844629209244,317,7.229960160651597
44,WEAgent3,MALE_LOW_INCOME,16,16.819297092625057,20,16.52059320901608
44,WEAgent4,MALE_LOW_INCOME,16,14.844113397612947,17,14.04250422766367
44,SIAgent3,MALE_YOUNG,10,10.674274231122451,10,10.320398171089108
44,WEAgent7,OLD_LOW_INCOME,18,18.20789051698485,298,10.738385585860456
44,SIAgent1,FEMALE_YOUNG_HIGH_INCOME,2,2.0059257417709637,61,0.0
44,SIAgent2,MALE_OLD_LOW_INCOME,8,6.608237283606435,8,6.608237283606435
44,SIAgent0,MALE_YOUNG_HIGH_INCOME,3,3.0863798383737806,3,3.0863798383737806
45,WEAgent1,FEMALE_OLD_HIGH_INCOME,2,1.8894200695168881,64,0.0
45,WEAgent2,FEMALE_HIGH_INCOME,3,2.583967566172249,3,2.583967566172249
45,WEAgent0,MALE_OLD_HIGH_INCOME,4,3.714977595418309,164,0.0
45,WEAgent5,MALE_OLD_LOW_INCOME,8,7.16042337035573,388,0.0
45,WEAgent6,FEMALE_LOW_INCOME,19,16.717448708071032,19,16.71744870807103
45,WEAgent3,MALE_HIGH_INCOME,6,5.554572589638189,105,0.0
45,WEAgent4,FEMALE_LOW_INCOME,19,18.61735463429144,329,13.197985822161337
45,SIAgent3,FEMALE_YOUNG_LOW_INCOME,9,9.449583687687904,10,8.798657214774225
45,WEAgent7,FEMALE_HIGH_INCOME,3,3.1938133331887095,38,2.583967566172249
45,SIAgent1,MALE_YOUNG_HIGH_INCOME,3,2.9290940157610788,3,2.7772862948190946
45,SIAgent2,FEMALE_LOW_INCOME,19,21.786397531946903,34,20.999074861528662
45,SIAgent0,OLD_HIGH_INCOME,6,6.332466640936154,6,5.572466393127463
46,WEAgent1,MALE_OLD_HIGH_INCOME,4,4.011778177484665,4,3.7934001724214155
46,WEAgent2,FEMALE_YOUNG_HIGH_INCOME,2,1.9819686152174456,2,1.8179167309096123
46,WEAgent0,OLD_HIGH_INCOME,6,5.735519277396739,6,5.690100258632123
46,WEAgent5,MALE_YOUNG_HIGH_INCOME,3,3.3389604000946966,3,3.1654055781009602
46,WEAgent6,FEMALE_YOUNG,10,9.089583654548061,54,1.8179167309096123
46,WEAgent3,MALE_YOUNG_HIGH_INCOME,3,3.1654055781009607,107,2.11027038540064
46,WEAgent4,OLD_HIGH_INCOME,6,6.704042484988516,68,4.7417502155267695
46,SIAgent3,MALE_OLD,11,10.431850474158892,486,6.6384503017374765
46,WEAgent7,MALE_YOUNG_LOW_INCOME,8,7.738402835557999,383,0.0
46,SIAgent1,FEMALE_OLD_HIGH_INCOME,2,2.0947262646821816,2,1.9194389069667792
46,SIAgent2,YOUNG_LOW_INCOME,16,16.053726533567453,30,15.47680567111599
46,SIAgent0,FEMALE_HIGH_INCOME,3,2.8791583604501687,3,2.8450501293160615
47,WEAgent1,FEMALE_YOUNG_LOW_INCOME,9,8.272347272291567,362,0.0
47,WEAgent2,MALE_OLD_HIGH_INCOME,4,3.588927484503078,172,0.0
47,WEAgent0,FEMALE_OLD,12,12.14586757732075,97,0.0
47,WEAgent5,YOUNG_HIGH_INCOME,4,4.394305517912992,5,4.380433687927274
47,WEAgent6,FEMALE_YOUNG,10,9.812269895585906,28,3.5043469503418194
47,WEAgent3,MALE_YOUNG_HIGH_INCOME,3,2.6282602127563646,100,0.0
47,WEAgent4,FEMALE_YOUNG_HIGH_INCOME,2,1.962864242080197,2,1.7521734751709097
47,SIAgent3,MALE_OLD_HIGH_INCOME,4,3.661261265556637,4,3.588927484503078
47,WEAgent7,YOUNG_HIGH_INCOME,4,4.283012699305337,4,3.5043469503418194
47,SIAgent1,FEMALE_YOUNG_HIGH_INCOME,2,1.7957930296978266,2,1.7521734751709097
47,SIAgent2,MALE_YOUNG_HIGH_INCOME,3,2.75084129808081,3,2.6282602127563646
47,SIAgent0,FEMALE_OLD_LOW_INCOME,11,11.759296097493527,501,0.0
48,WEAgent1,OLD_LOW_INCOME,18,19.12493372791772,22,19.054685067865496
48,WEAgent2,FEMALE_HIGH_INCOME,3,3.567678121742166,4,3.127311213355681
48,WEAgent0,MALE_LOW_INCOME,16,13.857952776629453,293,11.259586631011427
48,WEAgent5,FEMALE_OLD,12,9.381933640067043,38,8.600105836728124
48,WEAgent6,FEMALE_OLD,12,11.180354573115437,14,10.945589246744886
48,WEAgent3,FEMALE_OLD,12,15.383975329515923,19,14.854728263439489
48,WEAgent4,MALE_OLD_HIGH_INCOME,4,3.274932392793749,156,0.0
48,SIAgent3,FEMALE_YOUNG_LOW_INCOME,9,9.478295977677417,356,0.0
48,WEAgent7,MALE_LOW_INCOME,16,14.774774675342414,17,14.724074825168788
48,SIAgent1,YOUNG_LOW_INCOME,16,19.652367974196572,34,18.956591955354835
48,SIAgent2,MALE_HIGH_INCOME,6,5.73123620965229,11,5.73113168738906
48,SIAgent0,FEMALE_OLD,12,10.492675495300476,108,10.163761443405965
49,WEAgent1,MALE_OLD,11,9.024605878547318,171,0.0
49,WEAgent2,MALE_YOUNG_HIGH_INCOME,3,2.9151188969826713,3,2.461256148694723
49,WEAgent0,MALE_HIGH_INCOME,6,5.425985194911217,6,4.922512297389447
49,WEAgent5,MALE_YOUNG,10,9.930662578103572,12,9.845024594778891
49,WEAgent6,MALE_YOUNG_HIGH_INCOME,3,3.23564173135616,3,2.461256148694723
49,WEAgent3,MALE_YOUNG,10,9.59028472505434,90,9.024605878547318
49,WEAgent4,FEMALE_HIGH_INCOME,3,2.600430321124144,49,0.0
49,SIAgent3,FEMALE_OLD,12,11.477699962649295,540,0.0
49,WEAgent7,MALE_OLD_LOW_INCOME,8,8.082023201510696,365,0.0
49,SIAgent1,FEMALE_OLD_HIGH_INCOME,2,2.1964261063920105,2,1.9636184034371726
49,SIAgent2,FEMALE_HIGH_INCOME,3,2.945427605155759,3,2.8694249906623237
49,SIAgent0,YOUNG_HIGH_INCOME,4,4.59252137723293,5,4.263484066644884
50,WEAgent1,MALE_OLD,11,10.203339638606531,158,0.927576330782412
50,WEAgent2,MALE_LOW_INCOME,16,13.805213995131666,15,12.94238812043594
50,WEAgent0,MALE_YOUNG_LOW_INCOME,8,8.183643726151328,9,7.765432872261562
50,WEAgent5,MALE_OLD_HIGH_INCOME,4,3.7697103880941354,4,3.710305323129648
50,WEAgent6,YOUNG_LOW_INCOME,16,15.243947923442407,321,13.80521399513167
50,WEAgent3,OLD_HIGH_INCOME,6,5.182492705200242,87,0.0
50,WEAgent4,MALE_HIGH_INCOME,6,6.719013899064009,94,0.0
50,SIAgent3,FEMALE_OLD,12,13.682065684450302,14,13.343637866255984
50,WEAgent7,MALE_YOUNG_LOW_INCOME,8,7.588194281625336,8,6.902606997565833
50,SIAgent1,MALE_YOUNG_HIGH_INCOME,3,3.006243959140127,3,2.782728992347236
50,SIAgent2,FEMALE_OLD_HIGH_INCOME,2,1.921730723107514,2,1.7274975684000806
50,SIAgent0,FEMALE_LOW_INCOME,19,18.09789827610325,916,0.0
51,WEAgent1,YOUNG_HIGH_INCOME,4,3.569707378470769,4,3.5444339053993037
51,WEAgent2,FEMALE_YOUNG,10,10.014556213989984,45,0.8861084763498259
51,WEAgent0,MALE_YOUNG_HIGH_INCOME,3,2.6583254290494778,3,2.6583254290494778
51,WEAgent5,FEMALE_OLD,12,13.191823720633353,13,12.275427207459954
51,WEAgent6,OLD_HIGH_INCOME,6,5.83096470571656,6,5.66558178805844
51,WEAgent3,MALE_YOUNG,10,10.594302982691131,100,1.7722169526996518
51,WEAgent4,FEMALE_OLD,12,11.33116357611688,36,9.442636313430734
51,SIAgent3,OLD_HIGH_INCOME,6,6.244947454874732,36,5.66558178805844
51,WEAgent7,FEMALE_YOUNG_LOW_INCOME,9,10.572851476463278,394,0.0
51,SIAgent1,FEMALE_OLD,12,13.872948827593214,60,13.500397865153692
51,SIAgent2,MALE_YOUNG_HIGH_INCOME,3,2.7307957514984773,3,2.6583254290494778
51,SIAgent0,OLD_HIGH_INCOME,6,6.750198932576847,6,6.244947454874732
52,WEAgent1,FEMALE_OLD_HIGH_INCOME,2,2.52075460315522,94,0.0
52,WEAgent2,YOUNG_HIGH_INCOME,4,4.356187794471282,4,3.7466887921396683
52,WEAgent0,MALE_LOW_INCOME,16,14.916936861336055,15,13.984628307502557
52,WEAgent5,FEMALE_YOUNG_LOW_INCOME,9,9.419576363624184,9,8.5696237678071
52,WEAgent6,MALE_OLD,11,10.563147210978691,153,0.0
52,WEAgent3,MALE_LOW_INCOME,16,16.64724228058249,341,12.120011199835549
52,WEAgent4,YOUNG_HIGH_INCOME,4,4.557342761721612,46,3.7466887921396683
52,SIAgent3,FEMALE_OLD_LOW_INCOME,11,10.058035690806223,497,0.0
52,WEAgent7,FEMALE_YOUNG_HIGH_INCOME,2,2.0959261159980866,2,1.8733443960698342
52,SIAgent1,MALE_OLD,11,12.192828315002158,13,12.120011199835549
52,SIAgent2,FEMALE_YOUNG_HIGH_INCOME,2,1.8733443960698342,2,1.8733443960698342
52,SIAgent0,YOUNG_LOW_INCOME,16,15.23488669832373,726,0.0
53,WEAgent1,MALE_HIGH_INCOME,6,5.93379521456104,6,5.499725797176871
53,WEAgent2,MALE_YOUNG_HIGH_INCOME,3,2.7957076653881567,3,2.7498628985884355
53,WEAgent0,MALE_YOUNG_HIGH_INCOME,3,2.834781669778345,3,2.7498628985884355
53,WEAgent5,MALE_YOUNG,10,9.166209661961451,89,5.499725797176871
53,WEAgent6,FEMALE_OLD_LOW_INCOME,11,11.75744081217521,12,11.175812671152185
53,WEAgent3,YOUNG_LOW_INCOME,16,15.531851990816776,348,0.0
53,WEAgent4,FEMALE_YOUNG,10,9.59772333773418,46,0.0
53,SIAgent3,MALE_YOUNG_HIGH_INCOME,3,2.9937643374642833,3,2.7498628985884355
53,WEAgent7,OLD_LOW_INCOME,18,13.511479767783722,349,0.0
53,SIAgent1,MALE_LOW_INCOME,16,15.897120173175841,16,15.453005937156714
53,SIAgent2,OLD_LOW_INCOME,18,16.76371900672828,52,16.51403082729122
53,SIAgent0,MALE_OLD_LOW_INCOME,8,8.127648658076414,8,7.94856008658792
54,WEAgent1,OLD_LOW_INCOME,18,20.728765917783036,360,11.74900883191483
54,WEAgent2,MALE_LOW_INCOME,16,15.665345109219778,16,15.665345109219773
54,WEAgent0,MALE_OLD,11,10.84580493481873,135,0.0
54,WEAgent5,FEMALE_YOUNG_LOW_INCOME,9,10.302773920513411,374,0.0
54,WEAgent6,FEMALE_HIGH_INCOME,3,2.65137433225165,3,2.5688573315283953
54,WEAgent3,FEMALE_YOUNG,10,11.051886012194304,43,7.706571994585187
54,WEAgent4,FEMALE_OLD,12,14.466266793189781,90,0.0
54,SIAgent3,YOUNG_HIGH_INCOME,4,3.425143108704527,34,3.425143108704527
54,WEAgent7,MALE_YOUNG_HIGH_INCOME,3,3.247123720824528,3,2.5688573315283953
54,SIAgent1,FEMALE_YOUNG_LOW_INCOME,9,8.493159781100742,9,8.49315978110074
54,SIAgent2,OLD_HIGH_INCOME,6,6.486993905830001,6,5.874504415957416
54,SIAgent0,MALE_OLD,11,12.564186781273133,12,11.953171995205691
55,WEAgent1,OLD_LOW_INCOME,18,20.331368164058013,323,19.879640760302955
55,WEAgent2,FEMALE_OLD,12,13.27612557730244,74,3.877320276523185
55,WEAgent0,MALE_YOUNG_LOW_INCOME,8,7.228960276473805,7,6.32534024191458
55,WEAgent5,YOUNG_HIGH_INCOME,4,3.4153517097140744,4,2.9292351049265273
55,WEAgent6,YOUNG_HIGH_INCOME,4,2.9292351049265273,4,2.9292351049265273
55,WEAgent3,FEMALE_YOUNG,10,11.876875779923953,33,2.1969263286948957
55,WEAgent4,MALE_LOW_INCOME,16,17.203994426927892,19,17.16878065662528
55,SIAgent3,FEMALE_OLD_HIGH_INCOME,2,1.9386601382615924,2,1.9386601382615924
55,WEAgent7,YOUNG_LOW_INCOME,16,17.433823596459014,328,9.036200345592256
55,SIAgent1,MALE_YOUNG,10,10.625932790862532,10,10.167458382050592
55,SIAgent2,FEMALE_OLD_HIGH_INCOME,2,2.2683356916475734,2,1.9386601382615924
55,SIAgent0,MALE_YOUNG,10,10.167458382050592,15,9.939820380151481
56,WEAgent1,FEMALE_HIGH_INCOME,3,2.863108559338569,3,2.3661027028344224
56,WEAgent2,YOUNG_HIGH_INCOME,4,4.2613505156089415,51,3.9435045047240367
56,WEAgent0,FEMALE_YOUNG_HIGH_INCOME,2,2.211626019990858,2,1.5774018018896148
56,WEAgent5,MALE_HIGH_INCOME,6,5.793119491089403,6,5.712407444703121
56,WEAgent6,FEMALE_LOW_INCOME,19,18.946240259089617,366,0.0
56,WEAgent3,MALE_HIGH_INCOME,6,5.712407444703121,89,3.8082716298020807
56,WEAgent4,YOUNG_LOW_INCOME,16,14.90911662774091,358,0.0
56,SIAgent3,FEMALE_YOUNG_HIGH_INCOME,2,2.243451076246765,2,1.8063485718539716
56,WEAgent7,FEMALE_OLD_LOW_INCOME,11,10.565398462917518,480,0.0
56,SIAgent1,FEMALE_YOUNG_HIGH_INCOME,2,1.5774018018896148,2,1.5774018018896148
56,SIAgent2,FEMALE_OLD_HIGH_INCOME,2,2.2000133117011687,82,0.0
56,SIAgent0,FEMALE_YOUNG_HIGH_INCOME,2,1.8063485718539716,2,1.5774018018896148
57,WEAgent1,OLD_HIGH_INCOME,6,5.281091933295716,6,4.915566228420113
57,WEAgent2,MALE_YOUNG,10,9.737287753123375,114,5.246505319211445
57,WEAgent0,MALE_LOW_INCOME,16,18.074294913121722,344,0.0
57,WEAgent5,FEMALE_YOUNG,10,11.026326608246544,10,10.735916655011492
57,WEAgent6,MALE_OLD_HIGH_INCOME,4,3.916698661800717,144,0.0
57,WEAgent3,MALE_YOUNG_HIGH_INCOME,3,2.6232526596057224,3,2.623252659605722
57,WEAgent4,OLD_HIGH_INCOME,6,4.915566228420113,87,4.915566228420113
57,SIAgent3,MALE_YOUNG_LOW_INCOME,8,8.149467788924078,8,7.863514558477376
57,WEAgent7,YOUNG_LOW_INCOME,16,14.180120786155152,335,0.0
57,SIAgent1,MALE_YOUNG_LOW_INCOME,8,7.863514558477376,8,7.090060393077577
57,SIAgent2,OLD_LOW_INCOME,18,18.568519241766605,58,17.725150982693943
57,SIAgent0,FEMALE_YOUNG,10,10.73591665501149,435,6.441549993006894
58,WEAgent1,YOUNG_HIGH_INCOME,4,4.049914954659546,48,0.0
58,WEAgent2,FEMALE_LOW_INCOME,19,17.387962384477905,359,5.326213256373263
58,WEAgent0,MALE_LOW_INCOME,16,18.590368361414136,340,18.208592328374593
58,WEAgent5,FEMALE_YOUNG_HIGH_INCOME,2,1.7615909433538945,2,1.7615909433538945
58,WEAgent6,FEMALE_OLD_LOW_INCOME,11,11.274455386007414,485,0.0
58,WEAgent3,FEMALE_YOUNG_LOW_INCOME,9,8.570393718092124,9,7.989319884559894
58,WEAgent4,MALE_YOUNG_HIGH_INCOME,3,2.854094238770048,109,0.0
58,SIAgent3,FEMALE_YOUNG_LOW_INCOME,9,9.990479784864046,9,9.604921741971397
58,WEAgent7,MALE_LOW_INCOME,16,15.333551434420706,15,14.375204469769416
58,SIAgent1,FEMALE_YOUNG,10,10.672135268857108,11,9.997979356097868
58,SIAgent2,YOUNG_HIGH_INCOME,4,3.861815574578026,4,3.734889710446995
58,SIAgent0,FEMALE_YOUNG_LOW_INCOME,9,7.989319884559896,9,7.989319884559894
59,WEAgent1,OLD_LOW_INCOME,18,17.409496339565525,337,10.769812525485314
59,WEAgent2,MALE_OLD_LOW_INCOME,8,7.179875016990209,8,7.179875016990209
59,WEAgent0,MALE_YOUNG,10,10.123487066548964,107,0.0
59,WEAgent5,FEMALE_OLD_HIGH_INCOME,2,2.0767766819885827,2,1.7423447531577332
59,WEAgent6,YOUNG_LOW_INCOME,16,17.38421861777762,337,0.0
59,WEAgent3,FEMALE_YOUNG_LOW_INCOME,9,7.640628617331241,354,0.0
59,WEAgent4,FEMALE_OLD,12,10.509918634906029,69,7.840551389209798
59,SIAgent3,FEMALE_LOW_INCOME,19,16.480434838981612,28,16.130215969921508
59,WEAgent7,MALE_OLD_HIGH_INCOME,4,3.6100258364180857,179,0.0
59,SIAgent1,OLD_HIGH_INCOME,6,5.972873945781844,6,5.383704672101474
59,SIAgent2,FEMALE_OLD,12,10.4540685189464,12,10.408695687777863
59,SIAgent0,OLD_LOW_INCOME,18,18.21311038843178,20,17.660255536481518
60,WEAgent1,FEMALE_OLD_LOW_INCOME,11,11.325674631259087,13,11.065515613148207
60,WEAgent2,OLD_HIGH_INCOME,6,6.215335494233612,90,0.0
60,WEAgent0,FEMALE_YOUNG_LOW_INCOME,9,6.672808856682917,9,6.6728088566829165
60,WEAgent5,MALE_OLD_HIGH_INCOME,4,3.7756196798032557,157,0.0
60,WEAgent6,OLD_LOW_INCOME,18,19.218918268937166,356,15.321483156666751
60,WEAgent3,MALE_YOUNG_HIGH_INCOME,3,2.9230561881261656,104,0.0
60,WEAgent4,FEMALE_YOUNG_LOW_INCOME,9,8.172116335382672,352,2.2242696188943056
60,SIAgent3,FEMALE_YOUNG_LOW_INCOME,9,9.96380032393773,11,9.79806190194297
60,WEAgent7,MALE_OLD_LOW_INCOME,8,7.5987945518313476,8,6.809548069629664
60,SIAgent1,FEMALE_YOUNG,10,8.907329001766337,12,8.89707847557722
60,SIAgent2,YOUNG_HIGH_INCOME,4,3.8996564429699645,4,3.813789088302799
60,SIAgent0,FEMALE_OLD_LOW_INCOME,11,9.36312859574079,451,6.809548069629664
61,WEAgent1,FEMALE_HIGH_INCOME,3,3.31118733282175,3,2.6177365954740868
61,WEAgent2,OLD_LOW_INCOME,18,16.313077587879054,295,0.0
61,WEAgent0,FEMALE_OLD,12,10.804128078583137,79,0.9003440065485947
61,WEAgent5,FEMALE_OLD_LOW_INCOME,11,11.376827618617652,11,11.094117411231714
61,WEAgent6,FEMALE_YOUNG,10,8.725788651580288,48,0.8725788651580288
61,WEAgent3,MALE_YOUNG,10,9.941993557242215,10,9.885689200195015
61,WEAgent4,MALE_YOUNG_LOW_INCOME,8,8.896945912396585,8,8.090153438342488
61,SIAgent3,OLD_LOW_INCOME,18,18.15401030928826,35,18.12564176431006
61,WEAgent7,OLD_HIGH_INCOME,6,6.0123840062124145,6,5.402064039291568
61,SIAgent1,MALE_YOUNG,10,9.885689200195017,457,0.0
61,SIAgent2,YOUNG_LOW_INCOME,16,16.180306876684977,41,16.066805577818428
61,SIAgent0,MALE_OLD_LOW_INCOME,8,8.731919268622207,8,8.068449026350338
62,WEAgent1,MALE_YOUNG_HIGH_INCOME,3,3.0959773412397387,3,2.5846100994125667
62,WEAgent2,MALE_LOW_INCOME,16,15.560275474686895,343,15.000996608207073
62,WEAgent0,FEMALE_YOUNG_HIGH_INCOME,2,2.3542263069012064,46,0.0
62,WEAgent5,MALE_OLD_HIGH_INCOME,4,4.217285226826528,180,0.0
62,WEAgent6,YOUNG_LOW_INCOME,16,17.486420320543022,20,16.66777400911897
62,WEAgent3,FEMALE_OLD_LOW_INCOME,11,10.18916634755358,11,10.189166347553579
62,WEAgent4,MALE_HIGH_INCOME,6,5.169220198825133,110,0.8615366998041889
62,SIAgent3,MALE_LOW_INCOME,16,13.33421920729517,51,12.500830506839227
62,WEAgent7,FEMALE_OLD_LOW_INCOME,11,11.01800946347711,12,10.877592323871324
62,SIAgent1,FEMALE_OLD_HIGH_INCOME,2,2.0163806816463405,86,0.0
62,SIAgent2,OLD_HIGH_INCOME,6,6.807238262026744,6,6.187534942589405
62,SIAgent0,FEMALE_LOW_INCOME,19,16.695594026626928,829,0.0
63,WEAgent1,YOUNG_LOW_INCOME,16,18.09856085565457,384,0.0
63,WEAgent2,MALE_YOUNG_HIGH_INCOME,3,2.4704008676190097,3,2.4704008676190097
63,WEAgent0,MALE_OLD_LOW_INCOME,8,9.045113145871284,8,8.782350714745261
63,WEAgent5,FEMALE_YOUNG,10,9.993705484977312,37,1.5400870006154328
63,WEAgent6,FEMALE_YOUNG_LOW_INCOME,9,8.991664045302757,372,0.0
63,WEAgent3,YOUNG_HIGH_INCOME,4,3.913261030862927,5,3.850217501538582
63,WEAgent4,MALE_YOUNG_HIGH_INCOME,3,3.137542607482992,107,1.6469339117460065
63,SIAgent3,MALE_OLD,11,12.075732232774735,12,11.275342658615799
63,WEAgent7,FEMALE_HIGH_INCOME,3,2.5411914850224453,3,2.310130500923149
63,SIAgent1,MALE_OLD,11,10.335730770397813,487,0.0
63,SIAgent2,FEMALE_HIGH_INCOME,3,2.310130500923149,22,2.310130500923149
63,SIAgent0,FEMALE_OLD,12,9.736504388151792,80,9.240522003692597
64,WEAgent1,FEMALE_OLD_HIGH_INCOME,2,2.016348655624611,2,1.6570156226882289
64,WEAgent2,MALE_OLD_LOW_INCOME,8,7.926685110807558,8,7.62099280593946
64,WEAgent0,MALE_OLD_LOW_INCOME,8,7.8978742105398885,8,7.62099280593946
64,WEAgent5,MALE_OLD,11,12.581783671367633,147,4.323565632505675
64,WEAgent6,MALE_YOUNG,10,11.40051175584333,11,11.163137288480316
64,WEAgent3,FEMALE_OLD,12,9.942093736129374,81,4.142539056720572
64,WEAgent4,MALE_YOUNG,10,10.148306625891196,96,10.148306625891196
64,SIAgent3,FEMALE_HIGH_INCOME,3,2.746568102804265,3,2.485523434032343
64,WEAgent7,FEMALE_OLD_LOW_INCOME,11,9.49391936165447,483,0.0
64,SIAgent1,FEMALE_YOUNG,10,11.149285320950582,453,7.32418160747804
64,SIAgent2,MALE_LOW_INCOME,16,15.241985611878922,43,14.890341714913733
64,SIAgent0,MALE_OLD,11,9.511844391512485,29,9.511844391512485
65,WEAgent1,FEMALE_YOUNG_HIGH_INCOME,2,2.2256573789967935,39,0.0
65,WEAgent2,MALE_OLD,11,9.707913470836093,160,0.0
65,WEAgent0,FEMALE_OLD,12,14.655369138856539,69,0.0
65,WEAgent5,MALE_YOUNG,10,10.322144238304597,91,7.798335074558353
65,WEAgent6,FEMALE_YOUNG_HIGH_INCOME,2,1.8942563775872507,2,1.8942563775872507
65,WEAgent3,MALE_YOUNG,10,9.747918843197942,10,9.747918843197942
65,WEAgent4,MALE_YOUNG_LOW_INCOME,8,9.566571842822,339,8.062906342481766
65,SIAgent3,OLD_LOW_INCOME,18,15.880698752751497,887,0.0
65,WEAgent7,FEMALE_LOW_INCOME,19,16.57980373897477,379,0.0
65,SIAgent1,MALE_YOUNG_HIGH_INCOME,3,3.2974579835236315,3,2.924375652959383
65,SIAgent2,MALE_YOUNG_LOW_INCOME,8,8.062906342481764,7,7.055043049671545
65,SIAgent0,MALE_OLD,11,12.56093643913144,14,12.351654585473382
66,WEAgent1,FEMALE_YOUNG,10,11.096928855564261,50,0.0
66,WEAgent2,OLD_LOW_INCOME,18,17.26119697640109,356,7.50951698749666
66,WEAgent0,FEMALE_OLD_LOW_INCOME,11,9.178298540273694,465,0.0
66,WEAgent5,MALE_YOUNG_HIGH_INCOME,3,2.8089832855940933,3,2.52345224719647
66,WEAgent6,FEMALE_OLD_HIGH_INCOME,2,2.0460006616961666,57,0.0
66,WEAgent3,MALE_OLD,11,10.248830206680541,175,0.0
66,WEAgent4,FEMALE_YOUNG_LOW_INCOME,9,10.495613916645675,374,0.0
66,SIAgent3,FEMALE_OLD,12,14.1129735502371,15,13.845296130026256
66,WEAgent7,OLD_LOW_INCOME,18,16.120040911748763,19,15.85342475138183
66,SIAgent1,FEMALE_OLD_HIGH_INCOME,2,1.8642437195336643,2,1.7551349889489973
66,SIAgent2,MALE_YOUNG_HIGH_INCOME,3,2.52345224719647,106,0.84115074906549
66,SIAgent0,FEMALE_OLD,12,11.048930550725757,13,10.847080093050728
67,WEAgent1,FEMALE_OLD_HIGH_INCOME,2,2.1435261216341375,2,2.1356893540100095
67,WEAgent2,MALE_YOUNG,10,8.47058948371691,84,4.235294741858455
67,WEAgent0,MALE_OLD_LOW_INCOME,8,8.963137590822285,9,8.219195274793334
67,WEAgent5,FEMALE_YOUNG,10,10.100181568358868,51,2.541176845115073
67,WEAgent6,FEMALE_YOUNG_HIGH_INCOME,2,1.8699198220184023,2,1.694117896743382
67,WEAgent3,MALE_YOUNG_HIGH_INCOME,3,3.1245777757949327,3,2.541176845115073
67,WEAgent4,FEMALE_YOUNG_HIGH_INCOME,2,1.7805614774714138,2,1.694117896743382
67,SIAgent3,FEMALE_OLD_HIGH_INCOME,2,2.1356893540100095,75,0.0
67,WEAgent7,MALE_YOUNG,10,9.637413997358646,11,9.317648432088601
67,SIAgent1,YOUNG_HIGH_INCOME,4,4.110910040690067,4,3.6347562630240464
67,SIAgent2,MALE_HIGH_INCOME,6,5.821915098841992,6,5.479463516528889
67,SIAgent0,MALE_OLD,11,10.045683113636295,496,0.0
68,WEAgent1,FEMALE_OLD_LOW_INCOME,11,10.959119054988347,447,9.962835504534862
68,WEAgent2,FEMALE_OLD_LOW_INCOME,11,11.942625828315206,11,10.959119054988347
68,WEAgent0,OLD_LOW_INCOME,18,19.297992087419175,299,17.794298650652586
68,WEAgent5,MALE_YOUNG,10,9.62442492191239,111,0.0
68,WEAgent6,FEMALE_OLD,12,11.898992831929183,13,11.094066942244114
68,WEAgent3,FEMALE_OLD,12,12.353201501940735,56,11.947456707032122
68,WEAgent4,FEMALE_OLD,12,10.240677177456103,11,9.387287412668096
68,SIAgent3,FEMALE_LOW_INCOME,19,20.08996513648204,35,19.925671009069724
68,WEAgent7,OLD_LOW_INCOME,18,13.925972857032457,18,13.925972857032457
68,SIAgent1,OLD_LOW_INCOME,18,16.16523514333617,20,15.473303174480508
68,SIAgent2,MALE_LOW_INCOME,16,17.1039479705451,17,16.65479514560112
68,SIAgent0,MALE_YOUNG_LOW_INCOME,8,8.417996616006459,365,0.0
69,WEAgent1,FEMALE_OLD_HIGH_INCOME,2,2.066342620409863,74,0.0
69,WEAgent2,FEMALE_LOW_INCOME,19,18.023751641590703,361,13.758064232994192
69,WEAgent0,MALE_OLD_HIGH_INCOME,4,3.8943720112156814,4,3.55486490355513
69,WEAgent5,FEMALE_OLD_HIGH_INCOME,2,1.805559852201226,2,1.805559852201226
69,WEAgent6,MALE_OLD_LOW_INCOME,8,8.28239414354562,352,4.684537835132864
69,WEAgent3,MALE_OLD_HIGH_INCOME,4,3.55486490355513,4,3.55486490355513
69,WEAgent4,MALE_OLD_HIGH_INCOME,4,4.352709082749299,120,0.8887162258887825
69,SIAgent3,FEMALE_OLD_LOW_INCOME,11,11.041562710344571,484,0.0
69,WEAgent7,FEMALE_HIGH_INCOME,3,3.0772508427189305,58,0.0
69,SIAgent1,MALE_LOW_INCOME,16,17.987679141316008,40,17.957395034675983
69,SIAgent2,MALE_OLD_LOW_INCOME,8,6.246050446843818,8,6.246050446843818
69,SIAgent0,FEMALE_YOUNG_LOW_INCOME,9,8.254838539796513,8,7.337634257596902
70,WEAgent1,OLD_LOW_INCOME,18,17.629573940678377,321,13.600687501933857
70,WEAgent2,OLD_HIGH_INCOME,6,5.602653554763088,84,0.0
70,WEAgent0,FEMALE_LOW_INCOME,19,20.688757754017217,373,10.320946958407625
70,WEAgent5,MALE_OLD_LOW_INCOME,8,7.25370000103139,8,7.25370000103139
70,WEAgent6,MALE_YOUNG_LOW_INCOME,8,9.46092482995015,338,9.201579346336297
70,WEAgent3,MALE_YOUNG,10,8.826426089290138,116,0.0
70,WEAgent4,MALE_LOW_INCOME,16,15.950470966415834,17,15.414112502191704
70,SIAgent3,FEMALE_YOUNG_HIGH_INCOME,2,2.0724223828675115,2,1.7583518848841808
70,WEAgent7,FEMALE_YOUNG_HIGH_INCOME,2,1.7583518848841808,66,0.0
70,SIAgent1,FEMALE_LOW_INCOME,19,21.36499218755941,24,20.641893916815242
70,SIAgent2,MALE_YOUNG_LOW_INCOME,8,9.201579346336297,8,9.201579346336297
70,SIAgent0,FEMALE_LOW_INCOME,19,16.34149935081207,50,16.341499350812068
71,WEAgent1,MALE_YOUNG,10,10.358433661052533,99,0.8163988119427821
71,WEAgent2,YOUNG_LOW_INCOME,16,17.95517708531633,21,17.479903636891127
71,WEAgent0,MALE_YOUNG_LOW_INCOME,8,6.796914703692439,8,6.698954788588607
71,WEAgent5,MALE_OLD_HIGH_INCOME,4,4.003096117120674,4,3.4936391682137384
71,WEAgent6,OLD_HIGH_INCOME,6,5.82075316161387,87,0.0
71,WEAgent3,MALE_OLD_LOW_INCOME,8,8.79170843618128,320,0.0
71,WEAgent4,MALE_LOW_INCOME,16,13.397909577177213,15,12.560540228603639
71,SIAgent3,MALE_YOUNG,10,8.16398811942782,37,8.16398811942782
71,WEAgent7,MALE_OLD,11,9.60750771258778,144,6.113868544374043
71,SIAgent1,MALE_HIGH_INCOME,6,6.335114919514579,7,6.045174672542362
71,SIAgent2,MALE_YOUNG_LOW_INCOME,8,7.020766222915395,8,6.698954788588607
71,SIAgent0,MALE_OLD_HIGH_INCOME,4,3.7061058996949785,4,3.4936391682137384
72,WEAgent1,YOUNG_LOW_INCOME,16,16.660168048813766,365,0.0
72,WEAgent2,FEMALE_OLD,12,13.227061164490104,75,0.0
72,WEAgent0,FEMALE_OLD_LOW_INCOME,11,9.286555173454254,487,0.0
72,WEAgent5,FEMALE_YOUNG_HIGH_INCOME,2,2.0882572218170052,2,1.6070267149813224
72,WEAgent6,FEMALE_YOUNG,10,9.806481161463374,12,9.642160289887938
72,WEAgent3,FEMALE_YOUNG,10,9.998879254838759,12,9.642160289887938
72,WEAgent4,MALE_YOUNG,10,10.263503488099273,104,0.0
72,SIAgent3,MALE_LOW_INCOME,16,17.178502345696,30,16.66016804881377
72,WEAgent7,MALE_OLD_HIGH_INCOME,4,3.835811641108379,4,3.7305571868269727
72,SIAgent1,OLD_HIGH_INCOME,6,5.595835780240459,14,5.065393730975047
72,SIAgent2,FEMALE_YOUNG,10,8.035133574906611,420,0.0
72,SIAgent0,FEMALE_HIGH_INCOME,3,2.996552529753221,3,2.6687919509041476
73,WEAgent1,MALE_HIGH_INCOME,6,5.501415111530176,6,5.501415111530176
73,WEAgent2,MALE_OLD,11,10.72195016196453,168,0.0
73,WEAgent0,MALE_HIGH_INCOME,6,6.867941047456906,95,5.501415111530176
73,WEAgent5,MALE_LOW_INCOME,16,18.436735509298135,350,0.0
73,WEAgent6,FEMALE_YOUNG_HIGH_INCOME,2,1.8655721834882248,2,1.849962334590478
73,WEAgent3,FEMALE_HIGH_INCOME,3,2.7749435018857174,46,0.0
73,WEAgent4,YOUNG_LOW_INCOME,16,18.160396325376674,370,0.0
73,SIAgent3,FEMALE_OLD_LOW_INCOME,11,10.268489197693395,463,0.0
73,WEAgent7,FEMALE_LOW_INCOME,19,20.268424971535826,391,0.0
73,SIAgent1,FEMALE_OLD_LOW_INCOME,11,11.426714056469317,12,11.201988215665518
73,SIAgent2,MALE_HIGH_INCOME,6,5.798373149223943,6,5.551204609681468
73,SIAgent0,OLD_HIGH_INCOME,6,6.459070900341836,8,5.798373149223943
74,WEAgent1,FEMALE_OLD_LOW_INCOME,11,11.35402562419081,12,10.610482712352628
74,WEAgent2,MALE_LOW_INCOME,16,17.95551401550167,352,0.0
74,WEAgent0,YOUNG_HIGH_INCOME,4,4.320445320592084,5,4.08425911406581
74,WEAgent5,FEMALE_LOW_INCOME,19,17.326744409007574,19,16.799930961224998
74,WEAgent6,FEMALE_YOUNG_HIGH_INCOME,2,2.1702061837762283,2,1.6337036456263243
74,WEAgent3,MALE_YOUNG,10,8.847037737506726,114,0.0
74,WEAgent4,MALE_YOUNG_LOW_INCOME,8,9.258292830740729,382,0.0
74,SIAgent3,OLD_LOW_INCOME,18,18.590647138069986,18,18.57931465776678
74,WEAgent7,YOUNG_HIGH_INCOME,4,3.2674072912526486,47,0.8168518228131622
74,SIAgent1,MALE_YOUNG_HIGH_INCOME,3,2.6950474248028833,3,2.654111321252018
74,SIAgent2,FEMALE_LOW_INCOME,19,16.79993096122499,814,15.915724068528945
74,SIAgent0,MALE_HIGH_INCOME,6,5.406828434930574,13,5.390094849605767
75,WEAgent1,YOUNG_LOW_INCOME,16,16.818537133078138,358,0.0
75,WEAgent2,FEMALE_YOUNG_LOW_INCOME,9,8.747118387249634,9,8.287454403345004
75,WEAgent0,MALE_YOUNG,10,9.246567484429693,105,0.0
75,WEAgent5,FEMALE_YOUNG,10,10.653034614958104,43,9.208282670383337
75,WEAgent6,FEMALE_OLD_LOW_INCOME,11,12.1329092999927,477,0.0
75,WEAgent3,FEMALE_LOW_INCOME,19,17.495737073728343,382,8.287454403345004
75,WEAgent4,YOUNG_HIGH_INCOME,4,4.304739061964383,4,3.683313068153335
75,SIAgent3,OLD_HIGH_INCOME,6,5.908552166263802,264,0.0
75,WEAgent7,FEMALE_HIGH_INCOME,3,3.114880005871704,3,2.762484801115001
75,SIAgent1,OLD_HIGH_INCOME,6,6.321879257185739,6,6.116868375980059
75,SIAgent2,OLD_HIGH_INCOME,6,6.116868375980059,6,5.908552166263801
75,SIAgent0,FEMALE_YOUNG,10,10.889880682920149,11,10.12911093742167
76,WEAgent1,YOUNG_HIGH_INCOME,4,3.942101303212613,48,0.0
76,WEAgent2,OLD_LOW_INCOME,18,16.091069423915314,316,0.0
76,WEAgent0,FEMALE_OLD_LOW_INCOME,11,12.115001518772232,12,11.55847165649061
76,WEAgent5,YOUNG_LOW_INCOME,16,14.810078656393504,342,0.0
76,WEAgent6,MALE_OLD,11,11.829293590205076,154,0.0
76,WEAgent3,FEMALE_OLD,12,12.233588640262772,52,8.637856914679338
76,WEAgent4,FEMALE_OLD,12,11.629558326522682,14,10.99363607322825
76,SIAgent3,OLD_LOW_INCOME,18,14.134674951293464,17,13.349415231777163
76,WEAgent7,MALE_HIGH_INCOME,6,6.667712175180523,91,0.0
76,SIAgent1,FEMALE_OLD,12,11.558471656490612,48,11.236304824392167
76,SIAgent2,FEMALE_HIGH_INCOME,3,2.4597800519048745,3,2.3557791585489105
76,SIAgent0,YOUNG_LOW_INCOME,16,16.233258553407,46,15.735708572418096
77,WEAgent1,FEMALE_YOUNG_HIGH_INCOME,2,2.365439421275716,2,2.069307911558849
77,WEAgent2,MALE_LOW_INCOME,16,18.283414851167315,345,7.136617800649317
77,WEAgent0,FEMALE_YOUNG_LOW_INCOME,9,8.590491556849,371,0.0
77,WEAgent5,YOUNG_LOW_INCOME,16,16.802190193197706,399,0.0
77,WEAgent6,MALE_OLD_LOW_INCOME,8,9.048894301813899,10,8.920772250811646
77,WEAgent3,OLD_LOW_INCOME,18,18.29896495997359,20,17.84154450162329
77,WEAgent4,MALE_HIGH_INCOME,6,5.715837928267268,7,5.500913924026462
77,SIAgent3,FEMALE_OLD_HIGH_INCOME,2,2.335427182573068,85,0.0
77,WEAgent7,FEMALE_HIGH_INCOME,3,3.103961867338274,55,3.1039618673382736
77,SIAgent1,MALE_HIGH_INCOME,6,4.715069077736968,216,3.1433793851579783
77,SIAgent2,MALE_HIGH_INCOME,6,5.207533024652044,6,4.715069077736968
77,SIAgent0,FEMALE_OLD_LOW_INCOME,11,9.81284947589281,484,0.0
78,WEAgent1,FEMALE_OLD_LOW_INCOME,11,11.472353225043213,455,0.0
78,WEAgent2,FEMALE_LOW_INCOME,19,19.613847215057437,414,18.49861892220649
78,WEAgent0,MALE_OLD_LOW_INCOME,8,6.483658706735662,8,6.483658706735661
78,WEAgent5,MALE_YOUNG_HIGH_INCOME,3,2.785103423435062,113,0.0
78,WEAgent6,MALE_OLD,11,12.063092006891235,150,0.0
78,WEAgent3,MALE_LOW_INCOME,16,15.215379837626001,324,6.483658706735661
78,WEAgent4,OLD_LOW_INCOME,18,16.374630137448623,20,16.20914676683916
78,SIAgent3,MALE_OLD,11,10.249678246973971,12,10.24021852427272
78,WEAgent7,FEMALE_YOUNG_LOW_INCOME,9,8.324378514992919,9,8.324378514992919
78,SIAgent1,MALE_OLD_LOW_INCOME,8,8.671851155550268,9,8.386100383887793
78,SIAgent2,MALE_YOUNG_HIGH_INCOME,3,3.2350432520781043,3,2.6887372471104865
78,SIAgent0,MALE_HIGH_INCOME,6,5.377474494220973,6,4.862744030051746
79,WEAgent1,MALE_OLD,11,10.387983564691703,157,7.892249192160454
79,WEAgent2,OLD_LOW_INCOME,18,14.206048545888818,344,0.0
79,WEAgent0,YOUNG_LOW_INCOME,16,14.902649687336766,327,0.0
79,WEAgent5,MALE_OLD,11,9.649992825100714,12,9.470699030592545
79,WEAgent6,OLD_HIGH_INCOME,6,6.409325174502667,8,6.313799353728363
79,WEAgent3,FEMALE_HIGH_INCOME,3,2.4715952800152516,36,1.5784498384320909
79,WEAgent4,FEMALE_HIGH_INCOME,3,3.1188788435274866,3,2.3676747576481363
79,SIAgent3,YOUNG_LOW_INCOME,16,17.64980271476834,16,16.841593098128417
79,WEAgent7,OLD_HIGH_INCOME,6,5.509941301979469,62,3.946124596080227
79,SIAgent1,FEMALE_YOUNG,10,10.656380754523942,117,10.259923949808591
79,SIAgent2,MALE_YOUNG,10,10.44776464541405,17,10.245571660044027
79,SIAgent0,OLD_LOW_INCOME,18,19.89216767137361,56,19.730622980401147
80,WEAgent1,FEMALE_OLD,12,11.460024885315702,85,0.0
80,WEAgent2,MALE_OLD,11,11.68923957589613,137,0.0
80,WEAgent0,FEMALE_OLD_LOW_INCOME,11,8.190832839263779,462,0.0
80,WEAgent5,FEMALE_YOUNG,10,9.547067086681619,43,3.7231058360289904
80,WEAgent6,YOUNG_LOW_INCOME,16,16.246035201693108,343,8.892285400677762
80,WEAgent3,MALE_HIGH_INCOME,6,6.415700406262682,96,0.0
80,WEAgent4,YOUNG_LOW_INCOME,16,14.22765664108442,16,14.22765664108442
80,SIAgent3,MALE_LOW_INCOME,16,17.831623745928567,30,17.784570801355525
80,WEAgent7,FEMALE_HIGH_INCOME,3,2.82946714137005,3,2.233863501617394
80,SIAgent1,MALE_OLD_HIGH_INCOME,4,3.6511819259227978,4,3.556914160271105
80,SIAgent2,MALE_YOUNG_HIGH_INCOME,3,4.070530404238419,4,3.556914160271105
80,SIAgent0,FEMALE_HIGH_INCOME,3,3.2424337295141417,4,2.9784846688231923
81,WEAgent1,YOUNG_LOW_INCOME,16,16.952038483612167,20,16.567018523248677
81,WEAgent2,FEMALE_LOW_INCOME,19,17.092159130126497,384,0.0
81,WEAgent0,YOUNG_LOW_INCOME,16,17.37983759232498,336,8.283509261624335
81,WEAgent5,FEMALE_OLD,12,12.998682661531376,70,0.0
81,WEAgent6,MALE_HIGH_INCOME,6,5.081720851400867,91,0.0
81,WEAgent3,MALE_OLD,11,8.862528777374171,146,1.6113688686134857
81,WEAgent4,MALE_OLD_HIGH_INCOME,4,3.309235671745094,4,3.2227377372269714
81,SIAgent3,MALE_YOUNG,10,11.23105849516146,11,10.859245426517585
81,WEAgent7,MALE_OLD_HIGH_INCOME,4,3.7304818447264294,4,3.2227377372269714
81,SIAgent1,MALE_YOUNG_LOW_INCOME,8,6.6268074092994675,8,6.6268074092994675
81,SIAgent2,MALE_YOUNG_LOW_INCOME,8,8.042848793768675,9,7.455158335461901
81,SIAgent0,FEMALE_YOUNG_HIGH_INCOME,2,1.9579655714223962,54,0.0
82,WEAgent1,FEMALE_YOUNG,10,9.087957874733872,50,6.962934081388242
82,WEAgent2,YOUNG_HIGH_INCOME,4,4.2965036146178095,4,3.481467040694121
82,WEAgent0,MALE_HIGH_INCOME,6,6.325274241617148,116,3.481467040694121
82,WEAgent5,YOUNG_LOW_INCOME,16,15.366245522759638,333,13.455373434517945
82,WEAgent6,FEMALE_OLD_LOW_INCOME,11,13.210431591527014,14,12.87734964535286
82,WEAgent3,FEMALE_HIGH_INCOME,3,3.338742991109605,3,2.6111002805205907
82,WEAgent4,MALE_YOUNG_HIGH_INCOME,3,2.6111002805205907,3,2.6111002805205907
82,SIAgent3,OLD_LOW_INCOME,18,17.807975630830708,40,17.476403090121735
82,WEAgent7,MALE_YOUNG_LOW_INCOME,8,8.833709382739253,10,8.409608396573713
82,SIAgent1,FEMALE_OLD_LOW_INCOME,11,10.117917578491529,417,8.27829620058398
82,SIAgent2,FEMALE_YOUNG_HIGH_INCOME,2,1.9572283428792598,2,1.7407335203470604
82,SIAgent0,YOUNG_LOW_INCOME,16,13.455373434517941,48,12.614412594860573
83,WEAgent1,FEMALE_OLD_HIGH_INCOME,2,1.7858031378301549,81,0.0
83,WEAgent2,MALE_LOW_INCOME,16,14.260404636355183,15,13.369129346582989
83,WEAgent0,MALE_YOUNG_HIGH_INCOME,3,3.2395605184598675,107,0.0
83,WEAgent5,YOUNG_HIGH_INCOME,4,4.286172451037376,4,3.776730906563401
83,WEAgent6,FEMALE_OLD_LOW_INCOME,11,10.517655172167657,473,0.0
83,WEAgent3,FEMALE_YOUNG_LOW_INCOME,9,8.497644539767652,409,0.0
83,WEAgent4,OLD_LOW_INCOME,18,20.749624119420133,352,8.912752897721992
83,SIAgent3,OLD_HIGH_INCOME,6,6.225595259646996,6,6.049472068736469
83,WEAgent7,FEMALE_YOUNG,10,9.645041735983213,35,6.609279086485952
83,SIAgent1,MALE_OLD_HIGH_INCOME,4,3.7690869492661716,4,3.5660356783891554
83,SIAgent2,MALE_OLD_HIGH_INCOME,4,3.5660356783891554,149,0.0
83,SIAgent0,OLD_HIGH_INCOME,6,6.049472068736468,6,5.653630423899258
84,WEAgent1,MALE_HIGH_INCOME,6,5.586050670532915,6,5.413651324181689
84,WEAgent2,YOUNG_LOW_INCOME,16,17.89386002341043,18,17.02655129503993
84,WEAgent0,OLD_LOW_INCOME,18,17.692100601947725,20,17.43833570275594
84,WEAgent5,YOUNG_HIGH_INCOME,4,3.474261155489153,55,0.0
84,WEAgent6,OLD_LOW_INCOME,18,16.39275126251558,308,11.334918206791361
84,WEAgent3,YOUNG_LOW_INCOME,16,15.134712262257713,15,14.188792745866609
84,WEAgent4,MALE_OLD_LOW_INCOME,8,6.975334281102374,7,6.103417495964578
84,SIAgent3,MALE_YOUNG,10,10.310429986689968,11,10.23053749752554
84,WEAgent7,FEMALE_OLD_LOW_INCOME,11,11.214143441154901,503,0.0
84,SIAgent1,OLD_LOW_INCOME,18,19.96630568887167,21,19.785760492111123
84,SIAgent2,MALE_YOUNG,10,9.022752206969482,426,3.609100882787793
84,SIAgent0,FEMALE_HIGH_INCOME,3,3.039656380765192,11,2.605695866616865
85,WEAgent1,OLD_HIGH_INCOME,6,6.12250653394624,7,5.7632007419111995
85,WEAgent2,FEMALE_OLD,12,12.403576177270526,67,4.116571958508
85,WEAgent0,FEMALE_OLD_HIGH_INCOME,2,1.6466287834031998,2,1.6466287834031998
85,WEAgent5,MALE_HIGH_INCOME,6,6.12638544050484,102,0.0
85,WEAgent6,FEMALE_YOUNG_HIGH_INCOME,2,2.0339315700878826,2,1.6466287834031998
85,WEAgent3,FEMALE_HIGH_INCOME,3,3.153904269671922,3,2.4699431751047998
85,WEAgent4,YOUNG_LOW_INCOME,16,16.608901944731958,344,0.0
85,SIAgent3,MALE_YOUNG_LOW_INCOME,8,8.949415335306481,8,8.004401470964295
85,WEAgent7,FEMALE_YOUNG,10,11.080870319853958,42,9.056458308717598
85,SIAgent1,FEMALE_LOW_INCOME,19,17.189823004943765,886,0.0
85,SIAgent2,MALE_YOUNG_LOW_INCOME,8,8.004401470964293,8,7.2378202126079
85,SIAgent0,MALE_OLD_HIGH_INCOME,4,3.303458752303845,181,0.0
86,WEAgent1,MALE_YOUNG,10,12.270809056437026,78,0.0
86,WEAgent2,FEMALE_HIGH_INCOME,3,2.8623965412423806,3,2.385609670648342
86,WEAgent0,YOUNG_HIGH_INCOME,4,4.142572639808508,41,1.5904064470988946
86,WEAgent5,FEMALE_OLD_HIGH_INCOME,2,2.091323328412787,2,1.934734527891606
86,WEAgent6,MALE_OLD_HIGH_INCOME,4,4.63328011555793,159,0.0
86,WEAgent3,FEMALE_HIGH_INCOME,3,2.633550757674002,3,2.385609670648342
86,WEAgent4,OLD_LOW_INCOME,18,17.017462415699075,329,0.0
86,SIAgent3,OLD_LOW_INCOME,18,19.641523624821996,42,18.908291572998973
86,WEAgent7,YOUNG_LOW_INCOME,16,15.881214602232207,368,11.928048353241707
86,SIAgent1,FEMALE_OLD_HIGH_INCOME,2,1.934734527891606,74,0.0
86,SIAgent2,YOUNG_LOW_INCOME,16,12.723251576791156,58,12.723251576791153
86,SIAgent0,FEMALE_YOUNG_HIGH_INCOME,2,2.016143900695454,2,1.5904064470988946
87,WEAgent1,MALE_LOW_INCOME,16,17.505658188859762,373,0.0
87,WEAgent2,MALE_YOUNG_HIGH_INCOME,3,2.8051587782537477,3,2.376341174968203
87,WEAgent0,FEMALE_LOW_INCOME,19,17.76071760426096,381,0.0
87,WEAgent5,YOUNG_LOW_INCOME,16,14.372983665833134,349,0.0
87,WEAgent6,MALE_YOUNG_HIGH_INCOME,3,2.376341174968203,116,2.376341174968203
87,WEAgent3,FEMALE_OLD_HIGH_INCOME,2,1.4900511820053204,2,1.4900511820053204
87,WEAgent4,OLD_HIGH_INCOME,6,6.448173271544833,81,0.0
87,SIAgent3,FEMALE_HIGH_INCOME,3,3.1703456719092338,3,2.6381715280521467
87,WEAgent7,FEMALE_YOUNG,10,11.370837630169776,43,0.0
87,SIAgent1,OLD_HIGH_INCOME,6,5.721595361651559,8,5.215179137018621
87,SIAgent2,OLD_HIGH_INCOME,6,5.997986956258612,6,5.721595361651559
87,SIAgent0,FEMALE_YOUNG_HIGH_INCOME,2,1.638507035342378,2,1.4900511820053204
88,WEAgent1,FEMALE_HIGH_INCOME,3,2.8856001129665976,3,2.885600112966597
88,WEAgent2,FEMALE_YOUNG,10,12.212517964593399,45,9.618667043221992
88,WEAgent0,MALE_LOW_INCOME,16,17.999165851125923,310,16.375725904303952
88,WEAgent5,FEMALE_YOUNG,10,9.886738994257607,10,9.618667043221992
88,WEAgent6,MALE_OLD,11,10.401246646786522,147,0.0
88,WEAgent3,MALE_YOUNG,10,8.48449599022916,10,8.48449599022916
88,WEAgent4,MALE_LOW_INCOME,16,19.273711032200847,21,19.105013555021277
88,SIAgent3,MALE_LOW_INCOME,16,14.556200803825739,77,14.556200803825734
88,WEAgent7,MALE_YOUNG,10,9.421689365187829,84,5.090697594137496
88,SIAgent1,FEMALE_LOW_INCOME,19,21.236393406162136,913,0.0
88,SIAgent2,FEMALE_HIGH_INCOME,3,3.5861984951845574,9,2.885600112966597
88,SIAgent0,MALE_YOUNG,10,11.477277250506502,12,10.855837651653108
89,WEAgent1,FEMALE_OLD,12,11.452636895255743,53,4.771932039689893
89,WEAgent2,MALE_HIGH_INCOME,6,4.9426613760256055,105,4.9426613760256055
89,WEAgent0,MALE_OLD,11,12.656835943708508,159,0.0
89,WEAgent5,FEMALE_YOUNG,10,8.367416651703422,35,0.0
89,WEAgent6,MALE_OLD_LOW_INCOME,8,7.787381726818776,371,0.0
89,WEAgent3,MALE_YOUNG_HIGH_INCOME,3,3.181758029601214,3,2.4713306880128023
89,WEAgent4,MALE_YOUNG_LOW_INCOME,8,8.347522044168965,383,0.0
89,SIAgent3,MALE_OLD_HIGH_INCOME,4,4.46427365518269,4,3.893690863409388
89,WEAgent7,FEMALE_OLD_HIGH_INCOME,2,2.121339836759858,2,1.9087728158759572
89,SIAgent1,FEMALE_OLD,12,11.624978913232786,124,11.452636895255742
89,SIAgent2,FEMALE_OLD_HIGH_INCOME,2,2.474005417633198,2,1.9374964855387977
89,SIAgent0,FEMALE_OLD,12,12.585782017708675,12,11.624978913232786
90,WEAgent1,FEMALE_OLD,12,11.469817575223106,89,4.738021704035227
90,WEAgent2,OLD_LOW_INCOME,18,19.230885013858465,331,12.06634896795697
90,WEAgent0,OLD_LOW_INCOME,18,18.892066522137334,18,18.099523451935454
90,WEAgent5,FEMALE_OLD_HIGH_INCOME,2,2.018985246160197,2,1.895208681614091
90,WEAgent6,FEMALE_YOUNG,10,9.14685723147107,10,9.14685723147107
90,WEAgent3,FEMALE_YOUNG,10,9.941834130768589,43,5.488114338882642
90,WEAgent4,MALE_HIGH_INCOME,6,6.100806911571137,111,0.0
90,SIAgent3,OLD_HIGH_INCOME,6,5.979950252690498,12,5.685626044842273
90,WEAgent7,MALE_OLD_LOW_INCOME,8,8.044232645304646,8,8.044232645304646
90,SIAgent1,FEMALE_OLD_HIGH_INCOME,2,1.895208681614091,2,1.895208681614091
90,SIAgent2,MALE_LOW_INCOME,16,17.289068282456725,29,17.093994371272373
90,SIAgent0,FEMALE_HIGH_INCOME,3,3.0414495289660173,3,2.989975126345249
91,WEAgent1,MALE_YOUNG_HIGH_INCOME,3,3.206613125575635,92,0.0
91,WEAgent2,FEMALE_HIGH_INCOME,3,2.9172892669719475,3,2.8574876544062526
91,WEAgent0,MALE_OLD_HIGH_INCOME,4,3.7154080954252326,173,0.0
91,WEAgent5,FEMALE_LOW_INCOME,19,18.097421811239602,381,8.572462963218758
91,WEAgent6,FEMALE_LOW_INCOME,19,19.69431130661391,20,19.049917696041685
91,WEAgent3,FEMALE_YOUNG,10,10.844933571507427,46,0.9524958848020842
91,WEAgent4,FEMALE_YOUNG_HIGH_INCOME,2,2.235841149368538,2,1.9049917696041685
91,SIAgent3,MALE_YOUNG,10,10.270269204847835,62,9.38082507399077
91,WEAgent7,OLD_LOW_INCOME,18,15.29941444340052,341,0.0
91,SIAgent1,MALE_HIGH_INCOME,6,6.126941155703981,6,5.573112143137849
91,SIAgent2,MALE_OLD_HIGH_INCOME,4,4.265242452331521,4,4.084627437135987
91,SIAgent0,MALE_OLD_LOW_INCOME,8,8.930951625199233,10,8.499674690778065
92,WEAgent1,YOUNG_LOW_INCOME,16,16.792520449973605,19,16.305076476118696
92,WEAgent2,FEMALE_OLD_HIGH_INCOME,2,2.109859082209573,85,0.0
92,WEAgent0,MALE_OLD,11,10.249944808664956,11,9.439781117752927
92,WEAgent5,MALE_OLD,11,12.425770391565917,134,8.581619197957206
92,WEAgent6,OLD_LOW_INCOME,18,19.627172907534312,355,15.446914556322977
92,WEAgent3,FEMALE_HIGH_INCOME,3,3.1785222644380466,3,2.574485759387162
92,WEAgent4,FEMALE_LOW_INCOME,19,17.961074938893308,382,0.0
92,SIAgent3,OLD_HIGH_INCOME,6,6.180650586306996,7,6.007133438570044
92,WEAgent7,FEMALE_YOUNG,10,11.165017660090092,42,2.574485759387162
92,SIAgent1,FEMALE_LOW_INCOME,19,19.018679256608443,42,18.90639467251927
92,SIAgent2,MALE_YOUNG,10,9.68905927124932,14,9.453197336259633
92,SIAgent0,MALE_LOW_INCOME,16,13.73059071673153,16,12.872428796935813
93,WEAgent1,MALE_OLD_HIGH_INCOME,4,4.147756011679222,5,3.7377173996727997
93,WEAgent2,FEMALE_OLD,12,12.29092728809373,70,11.213152199018399
93,WEAgent0,MALE_LOW_INCOME,16,11.960695678952959,338,0.0
93,WEAgent5,FEMALE_HIGH_INCOME,3,3.1078692184887586,44,0.0
93,WEAgent6,FEMALE_LOW_INCOME,19,20.160053177413154,21,19.36270648490846
93,WEAgent3,FEMALE_YOUNG_LOW_INCOME,9,8.298302779246486,375,7.376269137107988
93,WEAgent4,MALE_OLD,11,11.331036254635212,152,0.7475434799345599
93,SIAgent3,MALE_YOUNG_HIGH_INCOME,3,3.3453885505691714,3,3.224319640076475
93,WEAgent7,FEMALE_OLD,12,11.7807404642677,15,11.213152199018399
93,SIAgent1,MALE_YOUNG_HIGH_INCOME,3,3.224319640076475,77,0.0
93,SIAgent2,OLD_HIGH_INCOME,6,5.6687801892251,7,5.23280435954192
93,SIAgent0,OLD_LOW_INCOME,18,18.25365441985645,65,17.94104351842944
94,WEAgent1,MALE_OLD_HIGH_INCOME,4,3.88975267007731,156,0.0
94,WEAgent2,FEMALE_HIGH_INCOME,3,3.5828161822703644,4,3.259986913552867
94,WEAgent0,MALE_OLD_LOW_INCOME,8,7.743212649387151,321,0.0
94,WEAgent5,MALE_YOUNG_LOW_INCOME,8,7.307062345949623,7,6.393679552705921
94,WEAgent6,FEMALE_YOUNG,10,9.14172356180029,47,3.259986913552867
94,WEAgent3,MALE_YOUNG_LOW_INCOME,8,7.893874526819732,348,5.480296759462218
94,WEAgent4,FEMALE_LOW_INCOME,19,18.94979885948613,390,4.074983641941084
94,SIAgent3,YOUNG_LOW_INCOME,16,16.593379335355326,16,15.76089677882492
94,WEAgent7,FEMALE_YOUNG_LOW_INCOME,9,7.3349705554939515,8,6.519973827105735
94,SIAgent1,MALE_LOW_INCOME,16,15.732255459976631,17,15.527507485142944
94,SIAgent2,MALE_OLD_LOW_INCOME,8,7.984973107622081,8,7.866127729988315
94,SIAgent0,FEMALE_LOW_INCOME,19,18.727402113565372,41,17.929928024540764
95,WEAgent1,MALE_HIGH_INCOME,6,6.068105446203988,87,2.8899672589825656
95,WEAgent2,OLD_LOW_INCOME,18,19.29471314806692,343,9.54022102590758
95,WEAgent0,FEMALE_OLD_LOW_INCOME,11,11.660270142775932,13,11.051400538520689
95,WEAgent5,MALE_YOUNG_HIGH_INCOME,3,3.0895327908939394,3,2.8899672589825656
95,WEAgent6,FEMALE_YOUNG,10,11.065205361073891,45,0.0
95,WEAgent3,MALE_OLD_HIGH_INCOME,4,3.9324471645114256,151,3.8532896786434208
95,WEAgent4,YOUNG_LOW_INCOME,16,16.798577730128734,342,0.0
95,SIAgent3,MALE_YOUNG_LOW_INCOME,8,9.17394983159824,10,8.501077337323604
95,WEAgent7,MALE_OLD_LOW_INCOME,8,9.139695922934784,8,8.480196467473405
95,SIAgent1,MALE_OLD_HIGH_INCOME,4,3.8532896786434208,4,3.8532896786434208
95,SIAgent2,FEMALE_LOW_INCOME,19,16.15204694091485,891,0.0
95,SIAgent0,FEMALE_YOUNG,10,9.24178555148664,10,8.501077337323606
96,WEAgent1,MALE_LOW_INCOME,16,12.801491231917252,308,2.4002796059844846
96,WEAgent2,FEMALE_OLD_HIGH_INCOME,2,1.991818285996159,2,1.834661021585277
96,WEAgent0,YOUNG_HIGH_INCOME,4,4.517564772098679,56,0.0
96,WEAgent5,MALE_YOUNG_HIGH_INCOME,3,3.3314167880920147,125,0.0
96,WEAgent6,MALE_OLD_HIGH_INCOME,4,3.84022868748072,148,0.9173305107926385
96,WEAgent3,MALE_YOUNG_LOW_INCOME,8,8.595892310275808,10,8.000932019948282
96,WEAgent4,OLD_HIGH_INCOME,6,6.0974158918772545,73,0.9173305107926385
96,SIAgent3,YOUNG_LOW_INCOME,16,15.188224077806588,39,14.401677635906909
96,WEAgent7,MALE_YOUNG_LOW_INCOME,8,7.527757133447636,9,7.200838817953454
96,SIAgent1,MALE_OLD_HIGH_INCOME,4,3.669322043170554,4,3.669322043170554
96,SIAgent2,FEMALE_OLD_HIGH_INCOME,2,1.9221614089103922,2,1.834661021585277
96,SIAgent0,FEMALE_OLD_LOW_INCOME,11,11.978706750724657,506,0.0
97,WEAgent1,FEMALE_OLD,12,13.236544236074344,16,12.874972079919273
97,WEAgent2,MALE_YOUNG,10,9.770770504035884,120,0.0
97,WEAgent0,YOUNG_LOW_INCOME,16,13.91422471511808,372,0.0
97,WEAgent5,FEMALE_OLD_HIGH_INCOME,2,2.0184262371037236,2,2.0184262371037236
97,WEAgent6,FEMALE_YOUNG_HIGH_INCOME,2,2.3913019480059328,3,2.3731517922734815
97,WEAgent3,MALE_OLD_HIGH_INCOME,4,4.35387342304252,138,1.0207949729982924
97,WEAgent4,MALE_OLD_HIGH_INCOME,4,4.083179891993169,4,4.083179891993169
97,SIAgent3,MALE_YOUNG,10,10.291165238532049,11,9.566029491643679
97,WEAgent7,FEMALE_OLD_LOW_INCOME,11,11.342888375932617,469,0.0
97,SIAgent1,MALE_YOUNG_LOW_INCOME,8,8.358878607371182,8,8.232932190825638
97,SIAgent2,FEMALE_HIGH_INCOME,3,2.3731517922734815,112,0.7910505974244938
97,SIAgent0,FEMALE_OLD_LOW_INCOME,11,11.44894557657123,11,11.342888375932619
98,WEAgent1,FEMALE_OLD,12,13.977489131203152,62,5.327664336665945
98,WEAgent2,FEMALE_YOUNG_LOW_INCOME,9,8.62581355556588,9,8.62581355556588
98,WEAgent0,MALE_OLD,11,9.7673846172209,169,0.0
98,WEAgent5,FEMALE_LOW_INCOME,19,20.978929671733685,379,12.459508469150716
98,WEAgent6,MALE_LOW_INCOME,16,14.894778991453364,366,0.0
98,WEAgent3,OLD_HIGH_INCOME,6,6.0874431554243555,6,5.327664336665945
98,WEAgent4,FEMALE_YOUNG,10,10.6442395335406,47,6.215608392776936
98,SIAgent3,FEMALE_YOUNG,10,10.191111414413674,10,9.74840240983234
98,WEAgent7,FEMALE_HIGH_INCOME,3,3.574341838607265,4,3.5517762244439637
98,SIAgent1,FEMALE_YOUNG_HIGH_INCOME,2,1.8785022405813327,2,1.7758881122219818
98,SIAgent2,FEMALE_YOUNG,10,9.748402409832341,10,9.625649319505117
98,SIAgent0,YOUNG_LOW_INCOME,16,15.590002859952504,16,14.894778991453364
99,WEAgent1,OLD_HIGH_INCOME,6,5.909104400113341,65,5.82496323899977
99,WEAgent2,YOUNG_LOW_INCOME,16,19.154277333810192,19,18.512598547835832
99,WEAgent0,OLD_HIGH_INCOME,6,6.693353457364633,6,5.82496323899977
99,WEAgent5,FEMALE_YOUNG_HIGH_INCOME,2,1.9102460037168398,52,0.0
99,WEAgent6,MALE_OLD_LOW_INCOME,8,9.18273954645493,9,8.737444858499655
99,WEAgent3,FEMALE_OLD,12,12.668134300489756,13,12.620753684499503
99,WEAgent4,YOUNG_LOW_INCOME,16,16.7344525110781,343,15.58955667186175
99,SIAgent3,MALE_HIGH_INCOME,6,6.188089734812835,10,5.82496323899977
99,WEAgent7,MALE_LOW_INCOME,16,15.589556671861754,16,15.58955667186175
99,SIAgent1,FEMALE_HIGH_INCOME,3,3.2626863658504144,3,2.8810732102168015
99,SIAgent2,MALE_OLD_LOW_INCOME,8,9.32045975242033,8,9.18273954645493
99,SIAgent0,MALE_OLD,11,10.679099271499577,517,0.0

