0,SIAgent10,YOUNG_LOW_INCOME,6,5.757253756539518,6,5.6655194640039355
0,SIAgent11,MALE_LOW_INCOME,6,6.796940531665112,6,6.522655860322919
0,SIAgent12,MALE_OLD_LOW_INCOME,3,3.1388931111290197,3,2.8715983717090108
0,WEAgent18,FEMALE_OLD,5,4.293358492498196,5,4.07638458726243
0,SIAgent13,MALE_HIGH_INCOME,2,1.9249557582234444,2,1.8624358086687682
0,WEAgent19,FEMALE_OLD_LOW_INCOME,4,3.6219141732338187,4,3.6219141732338187
0,SIAgent14,MALE_YOUNG_HIGH_INCOME,1,0.8445909730617284,1,0.7999704737608251
0,WEAgent16,MALE_YOUNG,4,3.1998818950433003,104,2.399911421282475
0,WEAgent17,FEMALE_HIGH_INCOME,1,1.0147664345185137,1,0.7999704737608251
0,WEAgent14,YOUNG_HIGH_INCOME,2,2.256454245367193,2,1.5999409475216502
0,WEAgent15,FEMALE_OLD_HIGH_INCOME,1,0.9193640955884961,1,0.8152769174524859
0,WEAgent12,MALE_YOUNG_HIGH_INCOME,1,0.9946642814840094,1,0.7999704737608251
0,WEAgent13,MALE_OLD_HIGH_INCOME,2,1.849279127260307,2,1.7809648966990081
0,WEAgent9,OLD_HIGH_INCOME,2,1.6305538349049717,2,1.6305538349049717
0,WEAgent10,MALE_OLD_HIGH_INCOME,2,1.9922015150190755,165,0.8904824483495041
0,WEAgent11,MALE_OLD_HIGH_INCOME,2,1.8315888086435856,2,1.7809648966990081
0,WEAgent7,MALE_OLD,4,3.930608398389557,4,3.5619297933980163
0,WEAgent8,MALE_YOUNG_LOW_INCOME,3,3.086989176976337,342,0.0
0,WEAgent1,FEMALE_OLD,5,5.0334923659417585,49,0.0
0,WEAgent2,FEMALE_OLD_LOW_INCOME,4,3.7082674387917334,4,3.5619297933980163
0,WEAgent0,FEMALE_YOUNG,4,4.074203108059631,56,0.7999704737608251
0,SIAgent9,MALE_YOUNG,4,4.211733358261437,4,3.9179774808628127
0,WEAgent5,FEMALE_OLD_LOW_INCOME,4,3.931647036341516,4,3.6219141732338187
0,WEAgent6,MALE_YOUNG,4,3.697537315362929,4,3.1998818950433003
0,SIAgent7,MALE_OLD_HIGH_INCOME,2,1.9385568515265799,2,1.9249557582234444
0,WEAgent3,MALE_OLD_HIGH_INCOME,2,2.016532252631619,2,1.7809648966990081
0,SIAgent8,OLD_LOW_INCOME,6,5.7431967434180216,6,5.432871259850728
0,WEAgent4,MALE_OLD_LOW_INCOME,3,2.75658845460503,339,0.0
0,SIAgent5,YOUNG_LOW_INCOME,6,5.6655194640039355,6,5.347153959524495
0,SIAgent6,YOUNG_HIGH_INCOME,2,1.8624358086687682,2,1.6445614468225536
0,SIAgent3,FEMALE_YOUNG_HIGH_INCOME,1,1.1349842998766262,1,0.9312179043343841
0,SIAgent4,FEMALE_LOW_INCOME,7,6.233377138446529,852,0.0
0,SIAgent1,YOUNG_LOW_INCOME,6,5.910999203502182,6,5.757253756539518
0,SIAgent2,MALE_LOW_INCOME,6,5.351413228951966,6,5.342894690097024
0,SIAgent0,MALE_OLD,4,4.416789181192201,4,4.10817153689231
1,SIAgent10,FEMALE_YOUNG_LOW_INCOME,3,2.7971880611491016,3,2.5549600494107345
1,SIAgent11,MALE_HIGH_INCOME,2,1.9127113824348934,2,1.6067285037490233
1,SIAgent12,MALE_YOUNG,4,4.076422317263955,4,3.7059926196496678
1,WEAgent18,YOUNG_LOW_INCOME,6,6.283889941334653,7,5.6338483552905485
1,SIAgent13,FEMALE_YOUNG,4,4.082319836607177,4,3.7295840815321353
1,WEAgent19,OLD_HIGH_INCOME,2,2.1317522493011802,66,0.0
1,SIAgent14,FEMALE_OLD_LOW_INCOME,4,4.137333944784543,4,3.7991434816235548
1,WEAgent16,FEMALE_YOUNG_LOW_INCOME,3,3.1586284784762317,3,2.5549600494107345
1,WEAgent17,FEMALE_OLD_LOW_INCOME,4,3.7736128383941034,4,3.406613399214313
1,WEAgent14,OLD_HIGH_INCOME,2,2.0023194402084252,2,1.6067285037490233
1,WEAgent15,MALE_HIGH_INCOME,2,2.0879990712684835,2,1.6067285037490233
1,WEAgent12,FEMALE_LOW_INCOME,7,6.7096232962753835,400,3.406613399214313
1,WEAgent13,OLD_LOW_INCOME,6,6.136004456862201,360,0.0
1,WEAgent9,MALE_OLD,4,3.2134570074980466,162,1.6067285037490233
1,WEAgent10,FEMALE_OLD_LOW_INCOME,4,3.406613399214313,446,1.7033066996071564
1,WEAgent11,FEMALE_OLD_LOW_INCOME,4,3.9031106177152743,4,3.406613399214313
1,WEAgent7,MALE_YOUNG_LOW_INCOME,3,2.463206697998938,3,2.4145064379816636
1,WEAgent8,MALE_YOUNG_LOW_INCOME,3,2.4145064379816636,3,2.4145064379816636
1,WEAgent1,MALE_YOUNG,4,4.526059508023661,100,2.410092755623535
1,WEAgent2,FEMALE_LOW_INCOME,7,6.5768052106020205,7,5.961573448625047
1,WEAgent0,MALE_OLD_HIGH_INCOME,2,1.9464647746704393,2,1.6067285037490233
1,SIAgent9,MALE_YOUNG_HIGH_INCOME,1,1.0452267251141736,1,1.0373623080379364
1,WEAgent5,FEMALE_HIGH_INCOME,1,0.8909353408568909,1,0.7947934622457633
1,WEAgent6,YOUNG_LOW_INCOME,6,6.015988959310671,326,4.829012875963327
1,SIAgent7,MALE_YOUNG,4,3.6661825712429614,4,3.4606363748391975
1,WEAgent3,FEMALE_YOUNG,4,4.254971152259888,52,2.38438038673729
1,SIAgent8,MALE_OLD,4,3.9699829587213853,4,3.522382341089336
1,WEAgent4,FEMALE_HIGH_INCOME,1,0.9698967905939117,1,0.7947934622457633
1,SIAgent5,MALE_YOUNG,4,3.4606363748391975,4,3.2178706898561753
1,SIAgent6,MALE_LOW_INCOME,6,6.23373243926414,6,5.981584277717721
1,SIAgent3,FEMALE_OLD,5,4.748929352029443,5,4.0651103573016245
1,SIAgent4,FEMALE_YOUNG_HIGH_INCOME,1,1.0876746905237586,1,1.0373623080379364
1,SIAgent1,YOUNG_HIGH_INCOME,2,2.0747246160758728,2,2.0382111586319773
1,SIAgent2,FEMALE_YOUNG_HIGH_INCOME,1,0.7947934622457633,1,0.7947934622457633
1,SIAgent0,MALE_YOUNG,4,4.227290856175115,4,4.155821626176093
2,SIAgent10,OLD_HIGH_INCOME,2,2.2127303516726435,2,1.9513953256768133
2,SIAgent11,OLD_HIGH_INCOME,2,1.6546514098791818,4,1.6546514098791818
2,SIAgent12,FEMALE_OLD_HIGH_INCOME,1,0.9203849521098446,1,0.8273257049395909
2,WEAgent18,MALE_YOUNG_HIGH_INCOME,1,1.0861764686210567,1,0.8243037659687982
2,SIAgent13,FEMALE_OLD_HIGH_INCOME,1,1.0869903651133968,1,0.9826836664802763
2,WEAgent19,FEMALE_YOUNG_LOW_INCOME,3,2.682368382990183,3,2.682368382990183
2,SIAgent14,MALE_YOUNG_HIGH_INCOME,1,1.079950501883232,1,0.9579774394906884
2,WEAgent16,FEMALE_YOUNG_LOW_INCOME,3,3.327945865580289,374,1.7882455886601218
2,WEAgent17,FEMALE_OLD,5,4.9230941155534484,5,4.136628524697954
2,WEAgent14,FEMALE_OLD_HIGH_INCOME,1,1.0416780020680458,1,0.8273257049395909
2,WEAgent15,FEMALE_OLD,5,5.428511974005464,53,2.481977114818773
2,WEAgent12,MALE_OLD_LOW_INCOME,3,2.944401540481533,3,2.908326708724399
2,WEAgent13,FEMALE_OLD_LOW_INCOME,4,4.457988420783765,4,3.90261364919616
2,WEAgent9,FEMALE_YOUNG_HIGH_INCOME,1,0.992436413225336,1,0.8243037659687982
2,WEAgent10,MALE_YOUNG_LOW_INCOME,3,2.4729112979063945,3,2.4729112979063945
2,WEAgent11,FEMALE_YOUNG,4,3.421598876660503,55,2.4729112979063945
2,WEAgent7,MALE_OLD,4,3.97476681765554,4,3.877768944965865
2,WEAgent8,YOUNG_LOW_INCOME,6,6.035778564752102,7,5.770126361781587
2,WEAgent1,MALE_OLD,4,4.337612253663857,4,3.877768944965865
2,WEAgent2,MALE_OLD_LOW_INCOME,3,3.366281104338582,3,2.908326708724399
2,WEAgent0,FEMALE_OLD_HIGH_INCOME,1,1.0704010195889446,1,0.8273257049395909
2,SIAgent9,YOUNG_LOW_INCOME,6,5.834737499296854,6,5.589709926048335
2,WEAgent5,YOUNG_LOW_INCOME,6,5.503738714960993,324,1.6486075319375963
2,WEAgent6,MALE_YOUNG,4,3.655719642881662,107,0.8243037659687982
2,SIAgent7,FEMALE_HIGH_INCOME,1,0.9826836664802763,1,0.9348660033102891
2,WEAgent3,FEMALE_YOUNG_HIGH_INCOME,1,0.943709327209766,1,0.8243037659687982
2,SIAgent8,MALE_YOUNG,4,3.8319097579627535,4,3.2972150638751927
2,WEAgent4,OLD_LOW_INCOME,6,5.816653417448798,340,4.8472111812073315
2,SIAgent5,OLD_HIGH_INCOME,2,1.9513953256768133,2,1.9388844724829326
2,SIAgent6,FEMALE_LOW_INCOME,7,6.429071332367178,25,6.258859560310426
2,SIAgent3,OLD_HIGH_INCOME,2,1.8697320066205783,2,1.8407699042196892
2,SIAgent4,YOUNG_LOW_INCOME,6,6.098432030048722,6,5.834737499296854
2,SIAgent1,FEMALE_YOUNG_LOW_INCOME,3,3.153749984323859,3,3.049216015024361
2,SIAgent2,OLD_LOW_INCOME,6,5.85392047379424,6,5.816653417448798
2,SIAgent0,YOUNG_HIGH_INCOME,2,2.1787745574261175,2,2.062634168363508
3,SIAgent10,FEMALE_YOUNG_LOW_INCOME,3,3.0966202814998542,3,2.9769223065082224
3,SIAgent11,MALE_YOUNG_LOW_INCOME,3,3.0410516376085965,3,2.7732177921461165
3,SIAgent12,YOUNG_HIGH_INCOME,2,2.061260889863999,2,1.9871095333217472
3,WEAgent18,OLD_LOW_INCOME,6,6.652066230294323,7,5.862703474051397
3,SIAgent13,FEMALE_LOW_INCOME,7,6.946152048519186,7,6.7831633845025845
3,WEAgent19,FEMALE_OLD_LOW_INCOME,4,4.146056341239918,4,4.055422039446065
3,SIAgent14,YOUNG_LOW_INCOME,6,5.546435584292233,9,5.025174406329769
3,WEAgent16,FEMALE_YOUNG_HIGH_INCOME,1,1.0288446727798564,39,0.0
3,WEAgent17,FEMALE_HIGH_INCOME,1,1.0312464639482337,1,0.837529067721628
3,WEAgent14,MALE_OLD,4,4.300687052149859,5,4.1876453386081405
3,WEAgent15,FEMALE_OLD_LOW_INCOME,4,4.055422039446065,4,3.965757701009485
3,WEAgent12,YOUNG_LOW_INCOME,6,5.853393609467263,392,1.675058135443256
3,WEAgent13,MALE_LOW_INCOME,6,6.074916373288427,347,4.1876453386081405
3,WEAgent9,MALE_OLD_HIGH_INCOME,2,1.887196019286037,152,1.675058135443256
3,WEAgent10,OLD_HIGH_INCOME,2,2.3622723183436185,2,1.675058135443256
3,WEAgent11,MALE_YOUNG_LOW_INCOME,3,2.5125872031648844,3,2.512587203164884
3,WEAgent7,OLD_LOW_INCOME,6,6.579522911896162,7,5.862703474051397
3,WEAgent8,MALE_LOW_INCOME,6,5.58979264594054,6,5.025174406329769
3,WEAgent1,MALE_OLD_HIGH_INCOME,2,2.0465590013905284,2,1.675058135443256
3,WEAgent2,MALE_OLD,4,4.025900448589457,4,3.350116270886512
3,WEAgent0,FEMALE_HIGH_INCOME,1,1.1202592682629087,1,0.837529067721628
3,SIAgent9,YOUNG_HIGH_INCOME,2,1.9871095333217472,13,1.675058135443256
3,WEAgent5,FEMALE_OLD,5,6.272715735555124,83,5.862703474051397
3,WEAgent6,OLD_LOW_INCOME,6,6.134597942741461,7,5.862703474051397
3,SIAgent7,FEMALE_LOW_INCOME,7,6.783163384502584,18,6.4708415150076055
3,WEAgent3,OLD_LOW_INCOME,6,5.858996421039336,6,5.025174406329769
3,SIAgent8,MALE_OLD,4,3.815020124502118,4,3.371006851085595
3,WEAgent4,FEMALE_YOUNG_HIGH_INCOME,1,0.9991187019273462,1,0.837529067721628
3,SIAgent5,MALE_YOUNG,4,4.351828939772804,4,4.054735516811462
3,SIAgent6,FEMALE_YOUNG_HIGH_INCOME,1,1.0755733926520923,1,1.0306304449319994
3,SIAgent3,MALE_OLD_LOW_INCOME,3,3.3034227591933214,3,2.8612650933765886
3,SIAgent4,MALE_HIGH_INCOME,2,2.3081842552493743,2,2.098484059660376
3,SIAgent1,FEMALE_OLD_LOW_INCOME,4,4.1456617909714195,4,4.055422039446065
3,SIAgent2,OLD_HIGH_INCOME,2,2.021053649434351,2,1.8017293889466988
3,SIAgent0,OLD_HIGH_INCOME,2,1.6959487156423387,2,1.675058135443256
4,SIAgent10,MALE_OLD,4,4.1898375936377485,6,4.104369553932273
4,SIAgent11,OLD_LOW_INCOME,6,5.886758378350855,21,5.4141183142398654
4,SIAgent12,OLD_LOW_INCOME,6,6.182026766198323,6,5.900168541103261
4,WEAgent18,MALE_YOUNG_HIGH_INCOME,1,0.8428382661467813,1,0.8328131985114062
4,SIAgent13,MALE_LOW_INCOME,6,6.156554330898409,6,6.0076505119025825
4,WEAgent19,MALE_YOUNG_LOW_INCOME,3,3.3248608443362393,353,2.935397573719487
4,SIAgent14,MALE_OLD,4,4.250905382941549,4,4.1898375936377485
4,WEAgent16,MALE_YOUNG_HIGH_INCOME,1,1.1502300821688014,1,0.8328131985114062
4,WEAgent17,FEMALE_YOUNG_LOW_INCOME,3,3.0637131101268795,3,3.063713110126879
4,WEAgent14,MALE_YOUNG,4,3.721252537652947,4,3.331252794045625
4,WEAgent15,MALE_YOUNG,4,3.939269779949107,104,2.4984395955342187
4,WEAgent12,FEMALE_OLD_LOW_INCOME,4,3.9334456940688405,4,3.924505585567237
4,WEAgent13,FEMALE_YOUNG_HIGH_INCOME,1,0.7660669188988501,1,0.7660669188988501
4,WEAgent9,FEMALE_YOUNG,4,3.9697690909935677,5,3.830334594494251
4,WEAgent10,OLD_HIGH_INCOME,2,1.817399072383944,96,0.902353052373311
4,WEAgent11,MALE_HIGH_INCOME,2,2.1149218812506905,2,1.6656263970228125
4,WEAgent7,OLD_LOW_INCOME,6,5.414118314239866,316,3.609412209493244
4,WEAgent8,YOUNG_LOW_INCOME,6,5.870795147438975,6,5.870795147438975
4,WEAgent1,MALE_OLD_LOW_INCOME,3,3.35074404049665,3,2.707059157119933
4,WEAgent2,FEMALE_HIGH_INCOME,1,0.9430487488690399,1,0.7660669188988501
4,WEAgent0,YOUNG_HIGH_INCOME,2,2.4686677075470467,3,2.2982007566965503
4,SIAgent9,MALE_YOUNG_HIGH_INCOME,1,0.8328131985114062,1,0.8328131985114062
4,WEAgent5,YOUNG_HIGH_INCOME,2,2.215620809910845,38,0.7660669188988501
4,WEAgent6,OLD_HIGH_INCOME,2,1.9005825361500381,2,1.804706104746622
4,SIAgent7,MALE_HIGH_INCOME,2,2.4810650142278985,2,1.8238287844010277
4,WEAgent3,MALE_HIGH_INCOME,2,2.2176955073429583,2,1.6656263970228125
4,SIAgent8,FEMALE_HIGH_INCOME,1,0.9091293391327028,1,0.9028289078594145
4,WEAgent4,FEMALE_YOUNG_LOW_INCOME,3,3.1203003666170597,3,3.0237878740098205
4,SIAgent5,YOUNG_LOW_INCOME,6,5.9155796830270475,11,5.870795147438975
4,SIAgent6,MALE_YOUNG_LOW_INCOME,3,3.353151276673461,3,3.0782771654492045
4,SIAgent3,FEMALE_YOUNG_LOW_INCOME,3,3.271170249290649,3,3.063713110126879
4,SIAgent4,YOUNG_LOW_INCOME,6,6.0076505119025825,6,5.9155796830270475
4,SIAgent1,FEMALE_OLD_HIGH_INCOME,1,0.9028289078594145,1,0.902353052373311
4,SIAgent2,FEMALE_HIGH_INCOME,1,0.9197468558788051,1,0.9119143922005138
4,SIAgent0,YOUNG_HIGH_INCOME,2,1.8238287844010277,2,1.6656263970228125
5,SIAgent10,MALE_OLD,4,3.9009359929337952,4,3.6170322507879757
5,SIAgent11,OLD_LOW_INCOME,6,6.977090968756459,6,6.633083616205095
5,SIAgent12,MALE_YOUNG_LOW_INCOME,3,3.0355117338163558,3,2.6073481832294956
5,WEAgent18,YOUNG_LOW_INCOME,6,6.244517914615153,326,3.167137704761521
5,SIAgent13,MALE_OLD,4,4.0094171654009685,4,3.9136314817672613
5,WEAgent19,MALE_OLD_LOW_INCOME,3,2.834173582389736,3,2.375353278571141
5,SIAgent14,FEMALE_YOUNG_LOW_INCOME,3,2.981907382183538,3,2.6073481832294956
5,WEAgent16,FEMALE_OLD_HIGH_INCOME,1,1.1204097723293573,1,0.7917844261903803
5,WEAgent17,FEMALE_LOW_INCOME,7,6.9387490983187545,8,6.334275409523043
5,WEAgent14,MALE_HIGH_INCOME,2,2.1935540829028546,113,0.0
5,WEAgent15,FEMALE_HIGH_INCOME,1,1.0398234124595742,51,0.0
5,WEAgent12,FEMALE_OLD_LOW_INCOME,4,3.7103851023042305,4,3.167137704761521
5,WEAgent13,MALE_OLD_LOW_INCOME,3,3.073838501572751,3,2.375353278571141
5,WEAgent9,MALE_YOUNG_LOW_INCOME,3,2.90422110222244,3,2.375353278571141
5,WEAgent10,FEMALE_OLD_LOW_INCOME,4,4.347608489228999,459,2.375353278571141
5,WEAgent11,OLD_LOW_INCOME,6,6.4137754621872105,8,6.334275409523043
5,WEAgent7,MALE_OLD,4,4.302222154878684,141,0.0
5,WEAgent8,YOUNG_LOW_INCOME,6,5.8948598628381665,7,5.542490983332662
5,WEAgent1,FEMALE_LOW_INCOME,7,8.007261599136013,10,7.917844261903804
5,WEAgent2,OLD_HIGH_INCOME,2,1.726658369179105,81,0.7917844261903803
5,WEAgent0,OLD_LOW_INCOME,6,5.66893643461409,7,5.542490983332662
5,SIAgent9,FEMALE_HIGH_INCOME,1,1.0211635876361922,1,0.7917844261903803
5,WEAgent5,MALE_LOW_INCOME,6,5.616497438560365,334,4.750706557142282
5,WEAgent6,FEMALE_LOW_INCOME,7,7.2939618536268505,370,4.750706557142282
5,SIAgent7,MALE_OLD_LOW_INCOME,3,2.6639981437756526,3,2.375353278571141
5,WEAgent3,MALE_OLD_LOW_INCOME,3,3.314547798364014,4,3.167137704761521
5,SIAgent8,FEMALE_YOUNG_LOW_INCOME,3,3.4239644956687894,3,3.3240342538701855
5,WEAgent4,FEMALE_OLD_LOW_INCOME,4,3.167137704761521,4,3.167137704761521
5,SIAgent5,MALE_OLD_LOW_INCOME,3,3.2139548962503026,3,3.0070628740507264
5,SIAgent6,OLD_LOW_INCOME,6,5.811745330017134,7,5.542490983332662
5,SIAgent3,FEMALE_LOW_INCOME,7,7.756079925697098,7,7.470556321553662
5,SIAgent4,OLD_HIGH_INCOME,2,1.9589316556892085,2,1.9504679964668976
5,SIAgent1,MALE_LOW_INCOME,6,6.603113833134544,6,6.189985575922011
5,SIAgent2,FEMALE_OLD,5,5.397155995132625,5,4.8956604743142815
5,SIAgent0,YOUNG_LOW_INCOME,6,5.214696366458991,6,4.750706557142282
6,SIAgent10,FEMALE_OLD_LOW_INCOME,4,4.012711624729132,4,3.809924288999687
6,SIAgent11,MALE_OLD_LOW_INCOME,3,2.818090728745493,3,2.666461568230094
6,SIAgent12,FEMALE_YOUNG_LOW_INCOME,3,2.6492900260459544,418,1.7661933506973029
6,WEAgent18,FEMALE_YOUNG_LOW_INCOME,3,3.3261209553471383,3,2.6492900260459544
6,SIAgent13,MALE_HIGH_INCOME,2,1.7102243833261903,13,1.652238098282494
6,WEAgent19,MALE_OLD,4,3.7715710220379624,4,3.4204487666523806
6,SIAgent14,MALE_OLD_HIGH_INCOME,2,2.0810179076163773,2,1.7776410454867295
6,WEAgent16,FEMALE_OLD,5,4.297413901707368,5,3.8561339845177716
6,WEAgent17,FEMALE_OLD,5,3.977474819902753,5,3.8561339845177716
6,WEAgent14,FEMALE_OLD_HIGH_INCOME,1,1.0140012706342112,1,0.7712267969035543
6,WEAgent15,MALE_LOW_INCOME,6,5.803587046670393,7,5.782833343988729
6,WEAgent12,FEMALE_OLD_LOW_INCOME,4,3.809924288999687,462,3.564732986094753
6,WEAgent13,MALE_HIGH_INCOME,2,1.9202053581316005,2,1.652238098282494
6,WEAgent9,FEMALE_OLD,5,5.206813453766274,6,4.627360781421326
6,WEAgent10,FEMALE_OLD,5,4.797972853888006,48,4.627360781421326
6,WEAgent11,MALE_HIGH_INCOME,2,2.0056453402576926,2,1.652238098282494
6,WEAgent7,MALE_YOUNG,4,4.066849695751015,84,2.478357147423741
6,WEAgent8,YOUNG_LOW_INCOME,6,6.882289320100926,337,4.956714294847482
6,WEAgent1,MALE_OLD_LOW_INCOME,3,2.6360602084677045,350,0.8786867361559014
6,WEAgent2,OLD_HIGH_INCOME,2,2.1589101538126236,2,1.5424535938071087
6,WEAgent0,FEMALE_OLD_HIGH_INCOME,1,0.7712267969035543,1,0.7712267969035543
6,SIAgent9,MALE_OLD_HIGH_INCOME,2,2.16227284257773,2,2.0810179076163773
6,WEAgent5,OLD_LOW_INCOME,6,5.5768579760745425,6,5.272120416935409
6,WEAgent6,YOUNG_LOW_INCOME,6,6.929773681340715,8,6.608952393129976
6,SIAgent7,FEMALE_LOW_INCOME,7,6.238282725665818,7,6.181676727440561
6,WEAgent3,FEMALE_OLD,5,6.037667658492766,7,5.3985875783248805
6,SIAgent8,MALE_OLD,4,3.9245205666895013,4,3.7574543049939906
6,WEAgent4,MALE_HIGH_INCOME,2,1.8752450021889049,2,1.652238098282494
6,SIAgent5,FEMALE_OLD_HIGH_INCOME,1,0.9029357435207195,1,0.7712267969035543
6,SIAgent6,MALE_YOUNG,4,4.154415942364486,4,3.333469339086836
6,SIAgent3,MALE_YOUNG,4,4.249221188905511,4,4.154415942364486
6,SIAgent4,MALE_YOUNG_LOW_INCOME,3,2.478357147423741,3,2.478357147423741
6,SIAgent1,OLD_HIGH_INCOME,2,2.322606403767323,2,1.805871487041439
6,SIAgent2,MALE_OLD,4,3.555282090973459,4,3.5147469446236057
6,SIAgent0,MALE_YOUNG,4,4.544139410861103,4,4.249221188905511
7,SIAgent10,MALE_HIGH_INCOME,2,2.332460526438762,2,2.2584425871346383
7,SIAgent11,OLD_HIGH_INCOME,2,2.0724599193966204,2,2.028935812726082
7,SIAgent12,MALE_HIGH_INCOME,2,2.0313132182875457,2,1.8663862920171432
7,WEAgent18,FEMALE_LOW_INCOME,7,6.537595806722713,7,6.537595806722713
7,SIAgent13,YOUNG_HIGH_INCOME,2,1.649422719244846,11,1.649422719244846
7,WEAgent19,FEMALE_OLD,5,5.164174086991056,54,3.499441965294445
7,SIAgent14,MALE_HIGH_INCOME,2,2.074124735250314,2,2.0533276089958763
7,WEAgent16,MALE_YOUNG_HIGH_INCOME,1,0.8849617057594827,1,0.8675945674881516
7,WEAgent17,FEMALE_OLD_LOW_INCOME,4,3.7957950353831587,497,0.0
7,WEAgent14,MALE_OLD,4,4.307420867788919,177,0.0
7,WEAgent15,FEMALE_OLD,5,4.913685155067567,5,4.374302456618056
7,WEAgent12,YOUNG_LOW_INCOME,6,5.875199699936858,6,5.2491629479416675
7,WEAgent13,MALE_YOUNG_HIGH_INCOME,1,0.8920137780519661,1,0.824711359622423
7,WEAgent9,MALE_LOW_INCOME,6,5.488012195373983,6,5.2491629479416675
7,WEAgent10,YOUNG_HIGH_INCOME,2,1.6515749673684643,2,1.649422719244846
7,WEAgent11,MALE_LOW_INCOME,6,6.471796342188538,343,3.499441965294445
7,WEAgent7,FEMALE_YOUNG,4,3.9419570873216383,4,3.298845438489692
7,WEAgent8,FEMALE_LOW_INCOME,7,8.603474136161758,9,8.405480322929202
7,WEAgent1,OLD_HIGH_INCOME,2,2.0954665130694043,2,1.7497209826472224
7,WEAgent2,YOUNG_HIGH_INCOME,2,2.20709364332482,40,1.649422719244846
7,WEAgent0,FEMALE_YOUNG_HIGH_INCOME,1,1.0447583625854868,1,0.824711359622423
7,SIAgent9,FEMALE_YOUNG,4,4.27843500403501,4,3.735769032412979
7,WEAgent5,MALE_HIGH_INCOME,2,2.013255939521482,2,1.7351891349763031
7,WEAgent6,MALE_YOUNG_HIGH_INCOME,1,0.8675945674881516,1,0.8675945674881516
7,SIAgent7,MALE_HIGH_INCOME,2,2.0341952985951317,2,2.0313132182875457
7,WEAgent3,FEMALE_LOW_INCOME,7,8.105135636563837,8,7.471538064825958
7,SIAgent8,YOUNG_LOW_INCOME,6,5.2491629479416675,705,5.2491629479416675
7,WEAgent4,MALE_OLD_LOW_INCOME,3,3.647741064172587,4,3.499441965294445
7,SIAgent5,YOUNG_HIGH_INCOME,2,1.9830516013870643,2,1.649422719244846
7,SIAgent6,YOUNG_HIGH_INCOME,2,2.343700145344343,2,2.2358390142281337
7,SIAgent3,MALE_YOUNG_HIGH_INCOME,1,1.1292212935673192,1,1.037062367625157
7,SIAgent4,FEMALE_YOUNG_LOW_INCOME,3,3.9882646742744163,3,3.208826253026257
7,SIAgent1,FEMALE_HIGH_INCOME,1,1.014467906363041,1,0.8748604913236112
7,SIAgent2,MALE_YOUNG_LOW_INCOME,3,3.224264782919616,3,2.649166059420786
7,SIAgent0,MALE_LOW_INCOME,6,5.298332118841572,6,5.2491629479416675
8,SIAgent10,MALE_OLD_LOW_INCOME,3,3.190731426946765,3,2.9555358925568065
8,SIAgent11,FEMALE_OLD_HIGH_INCOME,1,0.9569433783517971,1,0.785065806198513
8,SIAgent12,MALE_OLD,4,3.6939004238208994,4,3.2780848947184063
8,WEAgent18,FEMALE_OLD,5,5.1455076174506145,84,2.355197418595539
8,SIAgent13,FEMALE_YOUNG_LOW_INCOME,3,2.9663770488840973,3,2.9401743822017856
8,WEAgent19,MALE_OLD_HIGH_INCOME,2,1.9651830564095631,2,1.570131612397026
8,SIAgent14,FEMALE_OLD,5,5.107496064699524,5,4.900290637002977
8,WEAgent16,YOUNG_LOW_INCOME,6,6.485127431410787,7,6.254672771500209
8,WEAgent17,OLD_LOW_INCOME,6,6.303185941768052,312,4.097606118398008
8,WEAgent14,OLD_LOW_INCOME,6,5.7722925022870815,7,5.7366485657572115
8,WEAgent15,MALE_YOUNG,4,4.389345511749597,5,4.335403903694731
8,WEAgent12,YOUNG_LOW_INCOME,6,6.075330336787742,321,5.361148089857322
8,WEAgent13,YOUNG_HIGH_INCOME,2,1.997733997951755,56,0.0
8,WEAgent9,MALE_OLD_LOW_INCOME,3,2.9276891730040995,3,2.458563671038805
8,WEAgent10,YOUNG_LOW_INCOME,6,6.414915525918908,7,6.254672771500209
8,WEAgent11,YOUNG_LOW_INCOME,6,6.172710189953173,6,5.361148089857322
8,WEAgent7,YOUNG_LOW_INCOME,6,5.843194651180865,6,5.361148089857322
8,WEAgent8,MALE_OLD_LOW_INCOME,3,3.0774146937031026,3,2.458563671038805
8,WEAgent1,OLD_LOW_INCOME,6,5.599945317964413,6,4.91712734207761
8,WEAgent2,FEMALE_LOW_INCOME,7,6.459929916433216,404,0.0
8,WEAgent0,MALE_OLD_HIGH_INCOME,2,2.2763002793593325,2,1.6390424473592031
8,SIAgent9,OLD_LOW_INCOME,6,4.91712734207761,37,4.91712734207761
8,WEAgent5,OLD_HIGH_INCOME,2,2.1714748480726263,2,1.570131612397026
8,WEAgent6,MALE_YOUNG_LOW_INCOME,3,3.1618851665774366,3,2.680574044928661
8,SIAgent7,YOUNG_HIGH_INCOME,2,1.7341615614778925,5,1.570131612397026
8,WEAgent3,OLD_LOW_INCOME,6,6.303598697860278,7,5.7366485657572115
8,SIAgent8,FEMALE_YOUNG_LOW_INCOME,3,3.540625996298073,3,2.9663770488840973
8,WEAgent4,MALE_YOUNG_LOW_INCOME,3,2.680574044928661,3,2.680574044928661
8,SIAgent5,FEMALE_LOW_INCOME,7,6.860406891804167,8,6.556169789436813
8,SIAgent6,MALE_OLD,4,3.940714523409075,4,3.6939004238208994
8,SIAgent3,YOUNG_LOW_INCOME,6,5.512735117421125,6,5.361148089857322
8,SIAgent4,FEMALE_YOUNG,4,3.773445386384693,4,3.6913885236761232
8,SIAgent1,OLD_HIGH_INCOME,2,1.570131612397026,11,1.570131612397026
8,SIAgent2,FEMALE_HIGH_INCOME,1,1.0930979140113983,1,0.9569433783517971
8,SIAgent0,MALE_YOUNG_HIGH_INCOME,1,1.0938787267236476,1,0.8935246816428869
9,SIAgent10,OLD_HIGH_INCOME,2,2.1663858426520526,2,1.906120978891843
9,SIAgent11,FEMALE_LOW_INCOME,7,6.613874186401331,7,6.24452229239837
9,SIAgent12,FEMALE_HIGH_INCOME,1,0.9530604894459215,4,0.7008270206850291
9,WEAgent18,MALE_OLD_LOW_INCOME,3,3.2536105337240464,3,2.676223839599301
9,SIAgent13,OLD_LOW_INCOME,6,5.352447679198602,18,4.460373065998835
9,WEAgent19,FEMALE_YOUNG_LOW_INCOME,3,2.863339310634461,3,2.7084165096089987
9,SIAgent14,MALE_OLD_HIGH_INCOME,2,1.8950718236824913,2,1.8087944636362234
9,WEAgent16,FEMALE_OLD,5,5.4854386155458075,55,0.7008270206850291
9,WEAgent17,MALE_YOUNG_HIGH_INCOME,1,0.8571347048427621,1,0.8571347048427621
9,WEAgent14,MALE_OLD_HIGH_INCOME,2,1.7806225505876918,2,1.7806225505876918
9,WEAgent15,OLD_HIGH_INCOME,2,1.8899509019376266,2,1.4016540413700582
9,WEAgent12,FEMALE_OLD,5,5.111823376755469,7,4.905789144795204
9,WEAgent13,FEMALE_OLD_HIGH_INCOME,1,0.7008270206850291,1,0.7008270206850291
9,WEAgent9,MALE_OLD,4,3.932155124872845,4,3.5612451011753836
9,WEAgent10,MALE_LOW_INCOME,6,6.279303408988934,353,6.24452229239837
9,WEAgent11,MALE_YOUNG_LOW_INCOME,3,3.0564541992021774,3,2.7084165096089987
9,WEAgent7,MALE_YOUNG,4,3.528237076239629,4,3.4285388193710484
9,WEAgent8,MALE_YOUNG_HIGH_INCOME,1,0.9567616200595025,1,0.8571347048427621
9,WEAgent1,MALE_OLD_HIGH_INCOME,2,2.075279392551338,2,1.7806225505876918
9,WEAgent2,MALE_YOUNG_LOW_INCOME,3,2.8430758498200572,3,2.7084165096089987
9,WEAgent0,MALE_YOUNG,4,4.755470697468378,100,3.4285388193710484
9,SIAgent9,MALE_OLD_LOW_INCOME,3,3.4080027785878335,3,2.676223839599301
9,WEAgent5,MALE_OLD_HIGH_INCOME,2,1.965437588937793,136,1.7806225505876918
9,WEAgent6,MALE_LOW_INCOME,6,6.642804271499905,7,6.24452229239837
9,SIAgent7,YOUNG_LOW_INCOME,6,5.416833019217997,761,4.514027516014998
9,WEAgent3,YOUNG_LOW_INCOME,6,6.745001140849958,7,6.319638522420998
9,SIAgent8,MALE_YOUNG_HIGH_INCOME,1,0.9290730694101511,1,0.8571347048427621
9,WEAgent4,MALE_YOUNG_LOW_INCOME,3,3.178859039165537,3,2.7084165096089987
9,SIAgent5,MALE_HIGH_INCOME,2,2.2015127990090813,2,2.129104998476747
9,SIAgent6,MALE_HIGH_INCOME,2,2.129104998476747,2,1.925960781519073
9,SIAgent3,YOUNG_HIGH_INCOME,2,1.9568497393556545,2,1.8821335588560726
9,SIAgent4,FEMALE_YOUNG,4,4.366802423772951,4,3.8573065841893115
9,SIAgent1,FEMALE_YOUNG_LOW_INCOME,3,3.507453096633299,3,3.275101817829713
9,SIAgent2,FEMALE_YOUNG_HIGH_INCOME,1,1.0227890757315985,1,0.9784248696778273
9,SIAgent0,MALE_OLD_HIGH_INCOME,2,1.8087944636362234,2,1.7806225505876918
10,SIAgent10,MALE_YOUNG_LOW_INCOME,3,3.0269548404988913,3,2.670681111921649
10,SIAgent11,FEMALE_OLD,5,4.63707475077929,29,4.367255036345899
10,SIAgent12,MALE_LOW_INCOME,6,6.79427949205308,6,6.343157452815431
10,WEAgent18,FEMALE_YOUNG_LOW_INCOME,3,2.6842299564246392,3,2.6842299564246392
10,SIAgent13,OLD_HIGH_INCOME,2,1.7469020145383594,21,1.7469020145383594
10,WEAgent19,MALE_OLD_HIGH_INCOME,2,1.7954606389182635,2,1.7469020145383594
10,SIAgent14,MALE_YOUNG_LOW_INCOME,3,3.029808715769843,3,3.026954840498891
10,WEAgent16,OLD_LOW_INCOME,6,6.2854405685735415,7,6.231589261150514
10,WEAgent17,FEMALE_LOW_INCOME,7,7.582196629335677,8,7.130848861459723
10,WEAgent14,FEMALE_OLD_HIGH_INCOME,1,1.0667100169014117,1,0.8734510072691797
10,WEAgent15,OLD_LOW_INCOME,6,6.698632306794969,339,3.5609081492288652
10,WEAgent12,FEMALE_OLD_LOW_INCOME,4,4.3972819828434595,4,3.7096598006234323
10,WEAgent13,FEMALE_YOUNG_LOW_INCOME,3,2.7590357969162596,3,2.6842299564246392
10,WEAgent9,OLD_LOW_INCOME,6,6.084222252837422,6,5.341362223843298
10,WEAgent10,MALE_HIGH_INCOME,2,1.7902577368072161,98,0.8902270373072163
10,WEAgent11,YOUNG_HIGH_INCOME,2,1.8920292371503291,62,0.0
10,WEAgent7,FEMALE_OLD_HIGH_INCOME,1,0.917569648147511,1,0.8734510072691797
10,WEAgent8,FEMALE_OLD,5,4.938518884111158,76,0.8734510072691797
10,WEAgent1,MALE_OLD_LOW_INCOME,3,2.932185654061507,3,2.670681111921649
10,WEAgent2,MALE_YOUNG_HIGH_INCOME,1,1.0814305643947342,1,0.8902270373072163
10,WEAgent0,FEMALE_YOUNG_HIGH_INCOME,1,0.8706367474343768,1,0.8706367474343768
10,SIAgent9,FEMALE_YOUNG,4,4.3121716175653875,4,3.530760132485179
10,WEAgent5,FEMALE_OLD_HIGH_INCOME,1,1.008251985624105,1,0.8734510072691797
10,WEAgent6,OLD_LOW_INCOME,6,6.23387466001692,7,6.231589261150514
10,SIAgent7,MALE_YOUNG_HIGH_INCOME,1,1.0113665983215423,1,0.9308044495141242
10,WEAgent3,FEMALE_YOUNG_LOW_INCOME,3,3.107385580899119,3,2.6842299564246392
10,SIAgent8,OLD_HIGH_INCOME,2,2.302068647671825,2,1.9333277569851657
10,WEAgent4,OLD_HIGH_INCOME,2,2.094665160528197,2,1.7469020145383594
10,SIAgent5,MALE_YOUNG_HIGH_INCOME,1,0.9308044495141242,1,0.8902270373072163
10,SIAgent6,FEMALE_YOUNG_LOW_INCOME,3,3.3652749088255964,3,3.234128713174041
10,SIAgent3,YOUNG_LOW_INCOME,6,5.341362223843298,737,0.0
10,SIAgent4,MALE_OLD_LOW_INCOME,3,3.171578726407716,3,2.670681111921649
10,SIAgent1,FEMALE_YOUNG_HIGH_INCOME,1,1.1592016941141392,1,1.0780429043913469
10,SIAgent2,MALE_HIGH_INCOME,2,1.9333277569851657,2,1.7954606389182635
10,SIAgent0,MALE_YOUNG,4,4.603151924606838,4,4.407075984616487
11,SIAgent10,FEMALE_YOUNG_HIGH_INCOME,1,1.0762420609102845,1,1.0235257641301179
11,SIAgent11,MALE_OLD_LOW_INCOME,3,3.4990062565977778,3,3.1149249663678553
11,SIAgent12,FEMALE_YOUNG,4,3.4619402126123973,4,3.236622338007631
11,WEAgent18,FEMALE_OLD_LOW_INCOME,4,3.581451205493785,452,0.0
11,SIAgent13,FEMALE_OLD_LOW_INCOME,4,4.340515718934235,4,3.8363462555614682
11,WEAgent19,FEMALE_OLD_LOW_INCOME,4,3.236622338007631,4,3.236622338007631
11,SIAgent14,FEMALE_OLD,5,4.795432819451835,5,4.299040330198648
11,WEAgent16,MALE_YOUNG_HIGH_INCOME,1,1.0568911526987936,1,0.8091555845019077
11,WEAgent17,YOUNG_LOW_INCOME,6,6.032957712169127,337,1.6183111690038154
11,WEAgent14,MALE_OLD_HIGH_INCOME,2,2.1565230839416003,2,2.0766166442452367
11,WEAgent15,MALE_YOUNG,4,3.9419333019691756,84,2.427466753505723
11,WEAgent12,MALE_YOUNG_HIGH_INCOME,1,0.952452218737778,1,0.8091555845019077
11,WEAgent13,YOUNG_LOW_INCOME,6,6.154709244123366,7,5.664089091513354
11,WEAgent9,MALE_OLD,4,4.224445102487793,4,3.949812386825291
11,WEAgent10,MALE_YOUNG_LOW_INCOME,3,3.112687447230239,3,2.427466753505723
11,WEAgent11,MALE_YOUNG,4,3.6921306304286294,4,3.236622338007631
11,WEAgent7,MALE_YOUNG_LOW_INCOME,3,2.936741444078883,3,2.427466753505723
11,WEAgent8,YOUNG_HIGH_INCOME,2,1.739714181437424,36,0.0
11,WEAgent1,FEMALE_LOW_INCOME,7,7.111105096467151,385,0.0
11,WEAgent2,OLD_HIGH_INCOME,2,2.1268995297601725,2,1.6183111690038154
11,WEAgent0,MALE_YOUNG_HIGH_INCOME,1,0.9103926551474533,1,0.8091555845019077
11,SIAgent9,OLD_HIGH_INCOME,2,1.9749061934126455,5,1.9028917056232264
11,WEAgent5,FEMALE_OLD_LOW_INCOME,4,4.340808973601976,5,4.045777922509538
11,WEAgent6,MALE_YOUNG,4,3.3745875942302384,4,3.236622338007631
11,SIAgent7,FEMALE_OLD_LOW_INCOME,4,3.4392322641589184,4,3.236622338007631
11,WEAgent3,FEMALE_OLD,5,5.111504528340895,86,3.236622338007631
11,SIAgent8,FEMALE_OLD_HIGH_INCOME,1,1.0131644635617283,1,0.9874530967063228
11,WEAgent4,MALE_OLD_LOW_INCOME,3,3.7850930441740207,382,3.1149249663678553
11,SIAgent5,FEMALE_HIGH_INCOME,1,0.9514458528116132,1,0.9435751141889444
11,SIAgent6,MALE_OLD_LOW_INCOME,3,3.1149249663678553,3,3.1149249663678553
11,SIAgent3,MALE_LOW_INCOME,6,5.762961319982869,7,5.664089091513354
11,SIAgent4,FEMALE_HIGH_INCOME,1,1.1266420216719188,1,1.0762420609102845
11,SIAgent1,FEMALE_YOUNG,4,4.0941030565204715,4,3.4619402126123973
11,SIAgent2,FEMALE_HIGH_INCOME,1,0.9435751141889444,1,0.8091555845019077
11,SIAgent0,FEMALE_OLD_LOW_INCOME,4,4.353769111007948,4,4.340515718934235
12,SIAgent10,YOUNG_LOW_INCOME,6,6.424129645361372,6,5.858286630502794
12,SIAgent11,MALE_LOW_INCOME,6,5.726612703880205,6,5.364249052084608
12,SIAgent12,FEMALE_OLD,5,4.52441862985154,5,3.9558577200722764
12,WEAgent18,MALE_HIGH_INCOME,2,1.5827134569608177,2,1.5827134569608177
12,SIAgent13,MALE_HIGH_INCOME,2,2.015431560368233,2,1.989758853128805
12,WEAgent19,OLD_HIGH_INCOME,2,2.257861944531927,3,2.254339629716519
12,SIAgent14,FEMALE_YOUNG_HIGH_INCOME,1,0.9517688827507941,1,0.7514465432388395
12,WEAgent16,OLD_HIGH_INCOME,2,1.502893086477679,80,0.7514465432388395
12,WEAgent17,MALE_YOUNG_LOW_INCOME,3,2.9758611172321086,344,0.0
12,WEAgent14,FEMALE_OLD_HIGH_INCOME,1,0.9661070686520705,1,0.7514465432388395
12,WEAgent15,MALE_LOW_INCOME,6,6.3463262245471315,7,5.9553133162451495
12,WEAgent12,FEMALE_OLD_LOW_INCOME,4,3.99943943654359,4,3.673160305263619
12,WEAgent13,FEMALE_LOW_INCOME,7,7.425391814601039,399,6.850728537057427
12,WEAgent9,FEMALE_HIGH_INCOME,1,0.8882355399350473,1,0.7514465432388395
12,WEAgent10,MALE_HIGH_INCOME,2,1.8606536434178398,78,0.7913567284804088
12,WEAgent11,FEMALE_LOW_INCOME,7,5.994387469925249,7,5.994387469925249
12,WEAgent7,FEMALE_OLD_LOW_INCOME,4,3.8340365094107827,4,3.8340365094107827
12,WEAgent8,FEMALE_YOUNG_LOW_INCOME,3,2.784525498550817,3,2.5690232013965346
12,WEAgent1,FEMALE_OLD_HIGH_INCOME,1,0.8926758835147175,1,0.7514465432388395
12,WEAgent2,OLD_LOW_INCOME,6,7.015407916460841,311,6.806072361423028
12,WEAgent0,FEMALE_YOUNG_LOW_INCOME,3,3.093374388669257,3,2.5690232013965346
12,SIAgent9,OLD_LOW_INCOME,6,5.104554271067272,12,5.104554271067271
12,WEAgent5,FEMALE_YOUNG_HIGH_INCOME,1,0.9638149932635208,51,0.7514465432388395
12,WEAgent6,FEMALE_YOUNG_LOW_INCOME,3,2.9481149950003807,3,2.5690232013965346
12,SIAgent7,MALE_YOUNG_LOW_INCOME,3,2.6821245260423034,3,2.5989930353979895
12,WEAgent3,YOUNG_HIGH_INCOME,2,2.097330376481686,2,1.502893086477679
12,SIAgent8,MALE_OLD,4,3.97951770625761,7,3.506712586180337
12,WEAgent4,MALE_YOUNG,4,3.4912964879660984,4,3.1654269139216353
12,SIAgent5,OLD_LOW_INCOME,6,5.971793395705707,6,5.969276559386415
12,SIAgent6,MALE_YOUNG_HIGH_INCOME,1,0.9920629058509516,1,0.8974087668636042
12,SIAgent3,YOUNG_LOW_INCOME,6,6.901015437196193,6,6.424129645361371
12,SIAgent4,FEMALE_OLD_LOW_INCOME,4,4.200864794071178,4,4.08108965583198
12,SIAgent1,MALE_YOUNG,4,3.4653240471973192,4,3.3603799298769435
12,SIAgent2,FEMALE_LOW_INCOME,7,7.141906897705966,7,6.689176630685779
12,SIAgent0,MALE_YOUNG_HIGH_INCOME,1,0.8974087668636042,1,0.8663310117993298
13,SIAgent10,FEMALE_HIGH_INCOME,1,1.1842935737945346,1,0.9897444005994501
13,SIAgent11,FEMALE_OLD_HIGH_INCOME,1,0.8812215387777034,1,0.7612076853233406
13,SIAgent12,FEMALE_HIGH_INCOME,1,0.9897444005994501,1,0.8812215387777034
13,WEAgent18,FEMALE_YOUNG_HIGH_INCOME,1,1.0415293577302638,1,0.7490322281728957
13,SIAgent13,MALE_OLD,4,4.340116850873182,5,4.258387201888806
13,WEAgent19,FEMALE_OLD,5,4.800935884024237,65,1.5224153706466812
13,SIAgent14,MALE_YOUNG_HIGH_INCOME,1,1.06065896017559,1,0.941198524612319
13,WEAgent16,MALE_LOW_INCOME,6,4.995426886719398,6,4.567246111940044
13,WEAgent17,MALE_YOUNG,4,4.031059679436357,106,0.7612076853233406
13,WEAgent14,YOUNG_HIGH_INCOME,2,2.054068453629148,33,0.7490322281728957
13,WEAgent15,MALE_YOUNG_LOW_INCOME,3,3.084315641270418,334,0.0
13,WEAgent12,FEMALE_YOUNG_HIGH_INCOME,1,0.7490322281728957,1,0.7490322281728957
13,WEAgent13,MALE_LOW_INCOME,6,4.967279742423582,351,3.806038426616703
13,WEAgent9,FEMALE_OLD_LOW_INCOME,4,4.44143050674116,472,3.806038426616703
13,WEAgent10,FEMALE_HIGH_INCOME,1,0.9331327575444113,1,0.7490322281728957
13,WEAgent11,FEMALE_OLD_LOW_INCOME,4,3.0448307412933624,4,3.0448307412933624
13,WEAgent7,MALE_YOUNG_HIGH_INCOME,1,0.8896844296832381,1,0.7612076853233406
13,WEAgent8,FEMALE_OLD_LOW_INCOME,4,3.1007869398390535,4,3.0448307412933624
13,WEAgent1,OLD_LOW_INCOME,6,5.341853850071808,7,5.328453797263385
13,WEAgent2,FEMALE_OLD_HIGH_INCOME,1,0.8460967093441035,1,0.7612076853233406
13,WEAgent0,MALE_OLD_LOW_INCOME,3,2.615796870153433,3,2.283623055970022
13,SIAgent9,MALE_YOUNG,4,3.764794098449276,4,3.647756093569174
13,WEAgent5,FEMALE_YOUNG_LOW_INCOME,3,2.793593094304313,3,2.490904008432911
13,WEAgent6,FEMALE_YOUNG_LOW_INCOME,3,3.370638921644618,388,1.6606026722886071
13,SIAgent7,MALE_YOUNG_LOW_INCOME,3,3.3623680957111484,3,3.2249371805004836
13,WEAgent3,MALE_HIGH_INCOME,2,2.00730736875896,2,1.5224153706466812
13,SIAgent8,MALE_OLD,4,3.4067097615110447,4,3.0448307412933624
13,WEAgent4,FEMALE_YOUNG,4,4.160257695820767,5,3.7451611408644787
13,SIAgent5,MALE_YOUNG,4,3.647756093569174,4,3.2521116937562513
13,SIAgent6,FEMALE_YOUNG_LOW_INCOME,3,2.490904008432911,3,2.490904008432911
13,SIAgent3,FEMALE_OLD,5,5.602640783686516,7,5.328453797263385
13,SIAgent4,YOUNG_LOW_INCOME,6,6.449874361000967,6,6.41181700067563
13,SIAgent1,YOUNG_LOW_INCOME,6,6.411817000675629,6,5.979293714985456
13,SIAgent2,FEMALE_YOUNG_LOW_INCOME,3,3.155698141148499,3,2.490904008432911
13,SIAgent0,FEMALE_YOUNG_HIGH_INCOME,1,0.8829918347794763,1,0.7490322281728957
14,SIAgent10,OLD_LOW_INCOME,6,5.741387733544777,6,5.703088736443716
14,SIAgent11,OLD_LOW_INCOME,6,5.566242568756767,6,5.132572915987762
14,SIAgent12,FEMALE_OLD_LOW_INCOME,4,4.116162412414968,4,3.808442323812654
14,WEAgent18,FEMALE_OLD_HIGH_INCOME,1,0.9802309300798886,1,0.8554288193312937
14,SIAgent13,FEMALE_OLD,5,5.452835036190932,5,4.971591231746262
14,WEAgent19,FEMALE_YOUNG_HIGH_INCOME,1,1.1084546330714105,1,0.8554288193312937
14,SIAgent14,MALE_HIGH_INCOME,2,2.2295292172214953,4,2.0615673066965465
14,WEAgent16,MALE_LOW_INCOME,6,6.016284929219857,7,5.988001735319055
14,WEAgent17,OLD_LOW_INCOME,6,7.059960000177952,321,6.843430554650348
14,WEAgent14,FEMALE_YOUNG,4,3.893343314241496,53,0.0
14,WEAgent15,MALE_LOW_INCOME,6,5.183579369276122,6,5.132572915987762
14,WEAgent12,MALE_OLD_LOW_INCOME,3,2.756649714248087,3,2.566286457993881
14,WEAgent13,FEMALE_OLD,5,5.309491068277114,6,5.132572915987762
14,WEAgent9,MALE_YOUNG_HIGH_INCOME,1,0.917418120236565,1,0.8889173215203051
14,WEAgent10,MALE_YOUNG,4,4.14558089479667,101,2.6667519645609152
14,WEAgent11,OLD_LOW_INCOME,6,5.328872443949702,6,5.132572915987762
14,WEAgent7,FEMALE_OLD_HIGH_INCOME,1,1.0808927322287403,1,0.8554288193312937
14,WEAgent8,FEMALE_HIGH_INCOME,1,0.9046884259892063,1,0.8554288193312937
14,WEAgent1,YOUNG_LOW_INCOME,6,5.863421041429381,340,3.6431138532227427
14,WEAgent2,MALE_YOUNG_HIGH_INCOME,1,0.8889173215203051,1,0.8889173215203051
14,WEAgent0,FEMALE_OLD,5,4.683331052018597,65,4.277144096656468
14,SIAgent9,MALE_YOUNG,4,4.229990225908978,4,4.016279000877209
14,WEAgent5,FEMALE_YOUNG_LOW_INCOME,3,2.7323353899170573,385,0.0
14,WEAgent6,MALE_YOUNG_LOW_INCOME,3,3.3832993227178028,3,2.732335389917057
14,SIAgent7,MALE_OLD_LOW_INCOME,3,3.1372764048331234,3,2.8706938667723887
14,WEAgent3,FEMALE_OLD_LOW_INCOME,4,4.188907509769764,470,0.8554288193312937
14,SIAgent8,FEMALE_YOUNG_LOW_INCOME,3,2.7884304541555522,3,2.732335389917057
14,WEAgent4,MALE_YOUNG_HIGH_INCOME,1,1.0361665318801956,1,0.8889173215203051
14,SIAgent5,FEMALE_YOUNG_LOW_INCOME,3,3.2840781048572802,3,2.7884304541555522
14,SIAgent6,OLD_LOW_INCOME,6,5.703088736443716,6,5.566242568756767
14,SIAgent3,MALE_YOUNG_HIGH_INCOME,1,0.9484933546384551,1,0.8889173215203051
14,SIAgent4,FEMALE_YOUNG_HIGH_INCOME,1,1.175229387626087,1,0.8554288193312937
14,SIAgent1,FEMALE_OLD_LOW_INCOME,4,3.4217152773251747,4,3.4217152773251747
14,SIAgent2,FEMALE_OLD,5,5.551518107275425,5,5.452835036190933
14,SIAgent0,MALE_YOUNG,4,4.016279000877209,4,3.6431138532227427
15,SIAgent10,OLD_HIGH_INCOME,2,2.1740362903787394,2,2.0323597642128894
15,SIAgent11,MALE_HIGH_INCOME,2,1.6549539676485283,7,1.5702379581688264
15,SIAgent12,FEMALE_OLD_LOW_INCOME,4,4.214576137309647,4,3.7313150217767554
15,WEAgent18,FEMALE_YOUNG_HIGH_INCOME,1,0.9917332711027155,1,0.8352688580907387
15,SIAgent13,FEMALE_LOW_INCOME,7,8.152296604267153,7,7.376017674952973
15,WEAgent19,FEMALE_HIGH_INCOME,1,1.2626921242204292,1,0.8352688580907387
15,SIAgent14,FEMALE_HIGH_INCOME,1,1.0063036046916527,1,1.0010192957227115
15,WEAgent16,FEMALE_OLD,5,5.698368074928425,71,3.341075432362955
15,WEAgent17,MALE_HIGH_INCOME,2,1.5702379581688264,2,1.5702379581688264
15,WEAgent14,FEMALE_LOW_INCOME,7,8.291413371941767,9,7.686121531049815
15,WEAgent15,FEMALE_OLD,5,5.24372120439825,6,5.011613148544432
15,WEAgent12,MALE_LOW_INCOME,6,5.097713885544804,6,5.011613148544432
15,WEAgent13,FEMALE_OLD_LOW_INCOME,4,3.664321374750496,473,0.0
15,WEAgent9,MALE_YOUNG_HIGH_INCOME,1,1.0783895191771546,1,0.7851189790844132
15,WEAgent10,YOUNG_LOW_INCOME,6,5.77548272649875,6,5.124081020699876
15,WEAgent11,MALE_LOW_INCOME,6,5.871744465474921,7,5.846882006635171
15,WEAgent7,OLD_LOW_INCOME,6,5.011613148544432,6,5.011613148544432
15,WEAgent8,YOUNG_LOW_INCOME,6,5.412228661543358,6,5.124081020699876
15,WEAgent1,MALE_OLD_HIGH_INCOME,2,2.138828476613445,2,1.6549539676485283
15,WEAgent2,MALE_LOW_INCOME,6,6.098257954667522,7,5.846882006635171
15,WEAgent0,FEMALE_YOUNG,4,4.3566639839544,42,1.6705377161814774
15,SIAgent9,FEMALE_OLD_HIGH_INCOME,1,1.0010192957227115,1,0.8352688580907387
15,WEAgent5,MALE_YOUNG_LOW_INCOME,3,2.668032611066893,3,2.562040510349938
15,WEAgent6,MALE_LOW_INCOME,6,5.8960909389865845,326,5.846882006635171
15,SIAgent7,FEMALE_YOUNG,4,3.9779190492927587,4,3.7775277185572897
15,WEAgent3,MALE_YOUNG,4,3.8858271115130236,93,1.5702379581688264
15,SIAgent8,FEMALE_YOUNG,4,4.2155950066318235,4,3.9779190492927587
15,WEAgent4,MALE_OLD,4,3.749092761548286,4,3.341075432362955
15,SIAgent5,FEMALE_YOUNG_LOW_INCOME,3,2.8331457889179674,3,2.7984862663325667
15,SIAgent6,MALE_YOUNG,4,4.90548928160439,5,4.372809954756682
15,SIAgent3,FEMALE_LOW_INCOME,7,6.529801288109322,7,6.412562405813368
15,SIAgent4,YOUNG_LOW_INCOME,6,5.124081020699876,715,4.270067517249896
15,SIAgent1,MALE_OLD,4,4.064719528425779,4,3.341075432362955
15,SIAgent2,MALE_YOUNG_LOW_INCOME,3,3.1887060583788758,3,3.1021466309081047
15,SIAgent0,MALE_YOUNG_LOW_INCOME,3,3.1021466309081047,3,2.562040510349938
16,SIAgent10,FEMALE_OLD_HIGH_INCOME,1,0.9661307380137796,1,0.8488469895673676
16,SIAgent11,MALE_YOUNG_HIGH_INCOME,1,1.029678721454272,1,0.9258294062003775
16,SIAgent12,FEMALE_YOUNG_LOW_INCOME,3,3.2781451642708017,3,2.7945276566101187
16,WEAgent18,FEMALE_YOUNG_LOW_INCOME,3,3.208785167010386,362,2.8908133808816587
16,SIAgent13,MALE_LOW_INCOME,6,6.426214308485426,6,5.652651659623089
16,WEAgent19,FEMALE_OLD,5,5.032812623508905,63,1.6976939791347352
16,SIAgent14,MALE_YOUNG,4,4.218535997440617,4,4.007722080810712
16,WEAgent16,FEMALE_YOUNG,4,4.5180927673992315,30,2.168110035661244
16,WEAgent17,MALE_YOUNG_LOW_INCOME,3,2.6465210627193705,3,2.168110035661244
16,WEAgent14,FEMALE_OLD,5,4.668537380271072,5,4.244234947836838
16,WEAgent15,MALE_YOUNG,4,4.737752684086032,6,4.336220071322488
16,WEAgent12,FEMALE_YOUNG,4,4.24754592760106,5,3.6135167261020733
16,WEAgent13,MALE_YOUNG,4,4.2017770519665065,5,3.6135167261020733
16,WEAgent9,MALE_HIGH_INCOME,2,2.039917368098892,104,1.4454066904408294
16,WEAgent10,MALE_YOUNG_LOW_INCOME,3,2.7770334584975696,3,2.168110035661244
16,WEAgent11,FEMALE_YOUNG_HIGH_INCOME,1,0.98013278301516,1,0.7227033452204147
16,WEAgent7,FEMALE_YOUNG_LOW_INCOME,3,2.9643658242794895,4,2.8908133808816587
16,WEAgent8,MALE_YOUNG_HIGH_INCOME,1,1.1148681676226828,1,0.7227033452204147
16,WEAgent1,FEMALE_YOUNG_LOW_INCOME,3,2.926803029787931,4,2.8908133808816587
16,WEAgent2,MALE_OLD_LOW_INCOME,3,2.8295518932441195,336,0.0
16,WEAgent0,FEMALE_HIGH_INCOME,1,1.1239570030390909,1,0.7227033452204147
16,SIAgent9,MALE_YOUNG_HIGH_INCOME,1,0.9258294062003775,1,0.7227033452204147
16,WEAgent5,FEMALE_OLD_LOW_INCOME,4,3.3953879582694704,494,0.0
16,WEAgent6,MALE_HIGH_INCOME,2,1.995009058777954,2,1.4454066904408294
16,SIAgent7,MALE_YOUNG,4,4.316825245910463,4,4.284142872323618
16,WEAgent3,MALE_OLD_HIGH_INCOME,2,1.8488424145649642,159,0.0
16,SIAgent8,FEMALE_HIGH_INCOME,1,1.1381391735185509,1,1.1101715813465016
16,WEAgent4,YOUNG_LOW_INCOME,6,6.011082568978542,362,2.168110035661244
16,SIAgent5,FEMALE_YOUNG,4,3.7260368754801583,5,3.6135167261020733
16,SIAgent6,FEMALE_YOUNG_LOW_INCOME,3,2.168110035661244,3,2.168110035661244
16,SIAgent3,MALE_YOUNG_LOW_INCOME,3,2.9225469568532523,3,2.758810596157761
16,SIAgent4,MALE_OLD,4,3.499741502036327,4,2.8908133808816587
16,SIAgent1,FEMALE_HIGH_INCOME,1,1.0317857922452554,1,0.9315092188700396
16,SIAgent2,MALE_LOW_INCOME,6,5.517621192315522,7,5.058923416542903
16,SIAgent0,FEMALE_OLD,5,5.550857906732508,6,5.276020740082093
17,SIAgent10,OLD_LOW_INCOME,6,7.5396433085723995,6,6.571114665946307
17,SIAgent11,OLD_HIGH_INCOME,2,2.067310194151261,2,2.0659042023286207
17,SIAgent12,MALE_LOW_INCOME,6,5.345846527592797,672,5.345846527592797
17,WEAgent18,MALE_LOW_INCOME,6,6.513713660302248,7,6.236820948858263
17,SIAgent13,OLD_HIGH_INCOME,2,2.1069354917585956,2,2.067310194151261
17,WEAgent19,FEMALE_OLD_LOW_INCOME,4,3.8918370655566195,486,0.0
17,SIAgent14,FEMALE_YOUNG,4,4.205922212033047,4,4.141278589108918
17,WEAgent16,YOUNG_HIGH_INCOME,2,1.892607922435447,2,1.7167209052176153
17,WEAgent17,FEMALE_HIGH_INCOME,1,0.9929777965616745,40,0.8583604526088077
17,WEAgent14,YOUNG_HIGH_INCOME,2,1.7167209052176153,2,1.7167209052176153
17,WEAgent15,YOUNG_LOW_INCOME,6,6.003226483625763,6,5.580712875241082
17,WEAgent12,MALE_YOUNG,4,4.151842273898586,90,0.0
17,WEAgent13,FEMALE_LOW_INCOME,7,7.424829495469592,8,7.386788050145064
17,WEAgent9,YOUNG_HIGH_INCOME,2,1.9802060167587396,2,1.7167209052176153
17,WEAgent10,MALE_LOW_INCOME,6,6.055420576628269,6,5.345846527592797
17,WEAgent11,MALE_OLD_HIGH_INCOME,2,1.7772083607924158,2,1.7772083607924158
17,WEAgent7,FEMALE_OLD_HIGH_INCOME,1,0.9576203478590516,1,0.8886041803962079
17,WEAgent8,MALE_YOUNG_LOW_INCOME,3,2.9035962574655136,3,2.790356437620541
17,WEAgent1,FEMALE_LOW_INCOME,7,6.7639385716470555,7,6.510831687781263
17,WEAgent2,FEMALE_OLD,5,5.053944689036203,5,4.44302090198104
17,WEAgent0,FEMALE_YOUNG_HIGH_INCOME,1,1.008377650697758,1,0.8583604526088077
17,SIAgent9,MALE_OLD_HIGH_INCOME,2,2.1300111438929807,2,2.1069354917585956
17,WEAgent5,FEMALE_OLD,5,5.331070078179174,64,4.44302090198104
17,WEAgent6,MALE_OLD_LOW_INCOME,3,3.0853751945257297,3,2.6729232637963984
17,SIAgent7,FEMALE_YOUNG,4,4.141278589108918,4,3.7508696268394957
17,WEAgent3,MALE_OLD_HIGH_INCOME,2,1.7826155595130342,141,0.0
17,SIAgent8,YOUNG_HIGH_INCOME,2,1.8906320017591352,2,1.8602376250803607
17,WEAgent4,MALE_YOUNG_HIGH_INCOME,1,0.9828026029507136,1,0.9301188125401804
17,SIAgent5,FEMALE_YOUNG,4,3.5038254494552046,19,3.4334418104352307
17,SIAgent6,FEMALE_HIGH_INCOME,1,0.9219539059218683,1,0.8886041803962079
17,SIAgent3,OLD_LOW_INCOME,6,6.5711146659463076,6,5.85938140953596
17,SIAgent4,MALE_OLD,4,3.978340310360744,4,3.5638976850618644
17,SIAgent1,MALE_OLD_HIGH_INCOME,2,2.0659042023286207,2,1.7772083607924158
17,SIAgent2,OLD_HIGH_INCOME,2,2.2204651517811427,2,2.118473317825788
17,SIAgent0,FEMALE_YOUNG_LOW_INCOME,3,2.790356437620541,3,2.790356437620541
18,SIAgent10,MALE_YOUNG_LOW_INCOME,3,3.0382667949057462,3,2.800914184959551
18,SIAgent11,MALE_OLD_LOW_INCOME,3,2.957816323630808,3,2.4495235261748105
18,SIAgent12,OLD_HIGH_INCOME,2,1.7612935635956943,2,1.5968174326246913
18,WEAgent18,MALE_OLD,4,4.084839415971391,181,4.08253921029135
18,SIAgent13,MALE_YOUNG_HIGH_INCOME,1,0.984901878659094,1,0.8033974408217294
18,WEAgent19,MALE_YOUNG_HIGH_INCOME,1,1.1271636881784284,1,0.8033974408217294
18,SIAgent14,OLD_LOW_INCOME,6,6.943357880417492,6,6.1425326471349955
18,WEAgent16,FEMALE_OLD_HIGH_INCOME,1,0.9345095567093943,1,0.7803095905664211
18,WEAgent17,MALE_HIGH_INCOME,2,1.675527050751026,2,1.6067948816434587
18,WEAgent14,FEMALE_YOUNG_HIGH_INCOME,1,1.0305996949127734,1,0.8033974408217294
18,WEAgent15,MALE_OLD_HIGH_INCOME,2,2.0307439574369366,2,1.6330156841165402
18,WEAgent12,FEMALE_LOW_INCOME,7,6.534620713436083,387,6.401674264932589
18,WEAgent13,FEMALE_YOUNG_HIGH_INCOME,1,1.1008854964445456,1,0.8033974408217294
18,WEAgent9,MALE_HIGH_INCOME,2,2.066976047656208,2,1.6067948816434587
18,WEAgent10,FEMALE_OLD,5,4.637778567893074,5,3.9015479528321055
18,WEAgent11,MALE_LOW_INCOME,6,4.899047052349621,378,1.6330156841165402
18,WEAgent7,MALE_YOUNG,4,4.187765632936346,81,1.6067948816434587
18,WEAgent8,OLD_LOW_INCOME,6,6.220639722148282,7,5.71555489440789
18,WEAgent1,FEMALE_OLD,5,5.020933453261706,55,3.9015479528321055
18,WEAgent2,FEMALE_YOUNG_LOW_INCOME,3,3.2219687535248083,3,2.7435746849711093
18,WEAgent0,FEMALE_OLD,5,4.28682214361036,5,3.9015479528321055
18,SIAgent9,MALE_YOUNG_HIGH_INCOME,1,0.8033974408217294,1,0.8033974408217294
18,WEAgent5,OLD_HIGH_INCOME,2,2.2862711984676842,2,1.5606191811328423
18,WEAgent6,FEMALE_OLD_LOW_INCOME,4,3.6580995799614793,454,0.0
18,SIAgent7,YOUNG_HIGH_INCOME,2,2.0110884706364422,2,1.969803757318188
18,WEAgent3,YOUNG_HIGH_INCOME,2,1.9687806584743903,46,0.0
18,SIAgent8,MALE_OLD_HIGH_INCOME,2,1.7812191608816224,2,1.7612935635956943
18,WEAgent4,MALE_YOUNG,4,4.34900842208267,5,4.016987204108647
18,SIAgent5,MALE_OLD_LOW_INCOME,3,2.991429315180806,3,2.957816323630808
18,SIAgent6,FEMALE_YOUNG_LOW_INCOME,3,3.181295523588674,3,2.7435746849711093
18,SIAgent3,MALE_YOUNG_LOW_INCOME,3,2.800914184959551,346,0.0
18,SIAgent4,MALE_YOUNG_HIGH_INCOME,1,1.0663052907919535,1,1.0055442353182211
18,SIAgent1,FEMALE_YOUNG_HIGH_INCOME,1,1.202534929408908,1,1.0055442353182211
18,SIAgent2,FEMALE_OLD_HIGH_INCOME,1,0.7803095905664211,1,0.7803095905664211
18,SIAgent0,MALE_LOW_INCOME,6,6.470224285731383,6,6.045308603328198
19,SIAgent10,YOUNG_LOW_INCOME,6,6.313026510429708,6,5.703442914542393
19,SIAgent11,FEMALE_YOUNG_LOW_INCOME,3,2.3288035931763105,3,2.3288035931763105
19,SIAgent12,FEMALE_YOUNG_HIGH_INCOME,1,1.0469812571015318,1,0.9957636326687813
19,WEAgent18,FEMALE_HIGH_INCOME,1,0.9108441614865671,34,0.0
19,SIAgent13,FEMALE_OLD_HIGH_INCOME,1,0.9944264268241377,1,0.8413515231212396
19,WEAgent19,MALE_LOW_INCOME,6,5.63724662353229,7,5.433875050744724
19,SIAgent14,MALE_OLD,4,4.2626478283895235,4,3.7207059786512326
19,WEAgent16,FEMALE_OLD,5,5.029294917340932,67,0.8413515231212396
19,WEAgent17,MALE_OLD,4,3.7173067883706037,4,3.607917444900531
19,WEAgent14,FEMALE_OLD,5,4.206757615606198,4,3.3654060924849585
19,WEAgent15,MALE_OLD_LOW_INCOME,3,2.969770065373335,3,2.7059380836753983
19,WEAgent12,MALE_OLD_HIGH_INCOME,2,2.2916319511200656,142,1.8039587224502656
19,WEAgent13,YOUNG_LOW_INCOME,6,6.985387389651073,8,6.210142915136828
19,WEAgent9,MALE_YOUNG_HIGH_INCOME,1,0.8033051668982671,104,0.0
19,WEAgent10,MALE_LOW_INCOME,6,5.649867969722426,336,4.657607186352621
19,WEAgent11,FEMALE_OLD_LOW_INCOME,4,4.294020961142159,4,3.791972176285123
19,WEAgent7,FEMALE_OLD_LOW_INCOME,4,4.582156995337071,4,3.742634512842547
19,WEAgent8,MALE_OLD_LOW_INCOME,3,2.9531196763447722,3,2.7059380836753983
19,WEAgent1,FEMALE_YOUNG_LOW_INCOME,3,2.631972566506873,3,2.3288035931763105
19,WEAgent2,YOUNG_HIGH_INCOME,2,2.1338051119342847,2,1.552535728784207
19,WEAgent0,FEMALE_LOW_INCOME,7,7.42631065683819,368,6.210142915136828
19,SIAgent9,FEMALE_YOUNG_HIGH_INCOME,1,0.9957636326687813,1,0.7762678643921035
19,WEAgent5,FEMALE_HIGH_INCOME,1,0.8621455001497189,1,0.7762678643921035
19,WEAgent6,FEMALE_YOUNG_LOW_INCOME,3,3.0282394878177996,3,2.3288035931763105
19,SIAgent7,MALE_YOUNG,4,4.257452951715709,4,4.208684340286472
19,WEAgent3,FEMALE_OLD_HIGH_INCOME,1,1.0066941955919475,1,0.8413515231212396
19,SIAgent8,OLD_LOW_INCOME,6,5.539945274099956,6,5.411876167350796
19,WEAgent4,YOUNG_HIGH_INCOME,2,2.127801169554085,2,1.552535728784207
19,SIAgent5,OLD_LOW_INCOME,6,5.411876167350797,858,2.7059380836753983
19,SIAgent6,FEMALE_YOUNG,4,3.7391212024988305,4,3.105071457568414
19,SIAgent3,MALE_HIGH_INCOME,2,1.9014666832025093,2,1.6782472256172363
19,SIAgent4,FEMALE_OLD_HIGH_INCOME,1,1.1901551831354271,1,0.9944264268241377
19,SIAgent1,FEMALE_OLD_LOW_INCOME,4,3.791972176285123,4,3.791972176285123
19,SIAgent2,FEMALE_YOUNG_HIGH_INCOME,1,1.0604577257765673,1,1.0469812571015318
19,SIAgent0,FEMALE_YOUNG,4,3.8022952763615954,4,3.7391212024988305
20,SIAgent10,OLD_HIGH_INCOME,2,2.0400239965590856,2,1.7689834558957642
20,SIAgent11,MALE_OLD_HIGH_INCOME,2,2.209531126083812,2,2.0400239965590856
20,SIAgent12,FEMALE_OLD,5,4.8717680364831635,29,4.059897555785131
20,WEAgent18,FEMALE_OLD_LOW_INCOME,4,4.5154175777708385,4,3.980060858440107
20,SIAgent13,MALE_LOW_INCOME,6,7.4175595866544874,7,7.060687711812545
20,WEAgent19,YOUNG_HIGH_INCOME,2,1.8697781174695964,2,1.4260378278672665
20,SIAgent14,FEMALE_YOUNG_LOW_INCOME,3,2.6982823111529726,3,2.1390567418009
20,WEAgent16,MALE_YOUNG_HIGH_INCOME,1,1.113121909390851,96,0.0
20,WEAgent17,FEMALE_YOUNG,4,4.135791704350191,39,3.565094569668166
20,WEAgent14,MALE_YOUNG_LOW_INCOME,3,2.8881230619264904,3,2.8597260739901946
20,WEAgent15,FEMALE_HIGH_INCOME,1,0.9971485640617851,1,0.7130189139336333
20,WEAgent12,MALE_OLD,4,4.038203474881014,5,3.8828202405868466
20,WEAgent13,MALE_OLD_LOW_INCOME,3,3.2018727055555902,3,2.541570415694503
20,WEAgent9,OLD_HIGH_INCOME,2,1.8012740235504197,64,0.0
20,WEAgent10,MALE_OLD,4,3.1062561924694774,140,1.5531280962347387
20,WEAgent11,MALE_OLD_HIGH_INCOME,2,1.8837700401388768,2,1.5531280962347387
20,WEAgent7,MALE_LOW_INCOME,6,7.057147664219148,343,2.541570415694503
20,WEAgent8,MALE_OLD,4,4.410405808993145,5,3.8828202405868466
20,WEAgent1,FEMALE_OLD_LOW_INCOME,4,4.2852262166694794,4,3.980060858440107
20,WEAgent2,FEMALE_YOUNG_HIGH_INCOME,1,0.9236835199086024,1,0.7130189139336333
20,WEAgent0,FEMALE_YOUNG_HIGH_INCOME,1,0.9083956104582045,1,0.7130189139336333
20,SIAgent9,MALE_YOUNG,4,3.8129680986535925,4,3.8085112011430504
20,WEAgent5,FEMALE_OLD_LOW_INCOME,4,4.469060303207474,4,3.980060858440107
20,WEAgent6,FEMALE_OLD_HIGH_INCOME,1,0.8715075420090656,1,0.7765640481173693
20,SIAgent7,MALE_LOW_INCOME,6,5.083140831389006,20,5.083140831389006
20,WEAgent3,YOUNG_HIGH_INCOME,2,1.563383261995748,2,1.4260378278672665
20,SIAgent8,FEMALE_OLD_LOW_INCOME,4,3.980060858440107,4,3.980060858440107
20,WEAgent4,MALE_OLD_HIGH_INCOME,2,1.8104915129200136,2,1.5531280962347387
20,SIAgent5,OLD_LOW_INCOME,6,6.419713925154448,6,5.877631112745819
20,SIAgent6,MALE_LOW_INCOME,6,5.692710762917136,6,5.083140831389006
20,SIAgent3,FEMALE_OLD_HIGH_INCOME,1,0.8119795111570263,1,0.7765640481173693
20,SIAgent4,OLD_HIGH_INCOME,2,1.7689834558957642,2,1.5531280962347387
20,SIAgent1,FEMALE_YOUNG_HIGH_INCOME,1,0.8895137382224029,1,0.7130189139336333
20,SIAgent2,FEMALE_YOUNG,4,2.852075655734533,97,2.852075655734533
20,SIAgent0,FEMALE_YOUNG_LOW_INCOME,3,3.0860640082957427,3,2.6982823111529726
21,SIAgent10,FEMALE_OLD_HIGH_INCOME,1,0.894351487615844,1,0.8349856794502654
21,SIAgent11,FEMALE_YOUNG,4,3.845078668366762,4,3.5917768213257997
21,SIAgent12,FEMALE_HIGH_INCOME,1,1.0860131541494966,1,1.022231411913683
21,WEAgent18,MALE_YOUNG_HIGH_INCOME,1,0.8829088454635463,1,0.8829088454635463
21,SIAgent13,MALE_YOUNG_LOW_INCOME,3,3.6825882054823844,3,3.1119912494784145
21,WEAgent19,FEMALE_HIGH_INCOME,1,0.9609536958784851,1,0.7298262140628211
21,SIAgent14,MALE_YOUNG,4,3.796700674075647,4,3.5380073208752436
21,WEAgent16,YOUNG_LOW_INCOME,6,5.9066841519594515,342,3.5401313005489294
21,WEAgent17,YOUNG_LOW_INCOME,6,5.420464921004149,6,5.310196950823394
21,WEAgent14,OLD_LOW_INCOME,6,5.781431700269818,348,0.0
21,WEAgent15,MALE_OLD_HIGH_INCOME,2,1.7944944200212518,2,1.7700656502744647
21,WEAgent12,YOUNG_HIGH_INCOME,2,1.4596524281256422,2,1.4596524281256422
21,WEAgent13,OLD_HIGH_INCOME,2,2.0117935389509816,2,1.6699713589005307
21,WEAgent9,FEMALE_OLD_LOW_INCOME,4,3.5401313005489294,507,0.0
21,WEAgent10,YOUNG_HIGH_INCOME,2,1.8621410377294232,32,1.4596524281256422
21,WEAgent11,OLD_HIGH_INCOME,2,1.896249679766562,2,1.6699713589005307
21,WEAgent7,FEMALE_LOW_INCOME,7,6.840881021817803,390,0.0
21,WEAgent8,FEMALE_OLD,5,4.1749283972513265,5,4.1749283972513265
21,WEAgent1,MALE_OLD_HIGH_INCOME,2,2.076158804332405,2,1.7700656502744647
21,WEAgent2,MALE_HIGH_INCOME,2,1.8639727080908237,83,0.0
21,WEAgent0,FEMALE_OLD,5,4.999191894995441,69,4.1749283972513265
21,SIAgent9,FEMALE_OLD,5,5.41232482513098,5,4.546739754296099
21,WEAgent5,FEMALE_YOUNG_HIGH_INCOME,1,0.9566916505842002,1,0.7298262140628211
21,WEAgent6,FEMALE_YOUNG,4,4.108834214300056,5,3.6491310703141053
21,SIAgent7,MALE_OLD,4,3.9697812870590257,4,3.6373918034368793
21,WEAgent3,MALE_OLD,4,4.179308631651924,4,3.5401313005489294
21,SIAgent8,YOUNG_LOW_INCOME,6,6.223982498956829,6,5.731334506831807
21,WEAgent4,MALE_OLD_HIGH_INCOME,2,2.0026681243498152,152,0.0
21,SIAgent5,FEMALE_YOUNG_HIGH_INCOME,1,0.9348311784316179,1,0.7298262140628211
21,SIAgent6,FEMALE_HIGH_INCOME,1,1.022231411913683,1,0.9468746480239199
21,SIAgent3,FEMALE_HIGH_INCOME,1,0.9468746480239199,1,0.9348311784316179
21,SIAgent4,OLD_LOW_INCOME,6,5.456087705155319,6,5.310196950823394
21,SIAgent1,YOUNG_HIGH_INCOME,2,2.1910999037186745,2,2.035188322668408
21,SIAgent2,MALE_OLD_HIGH_INCOME,2,2.124104006131524,2,1.9848906435295128
21,SIAgent0,FEMALE_YOUNG_LOW_INCOME,3,2.6938326159943498,3,2.6550984754116973
22,SIAgent10,FEMALE_YOUNG,4,3.0963662934692864,20,2.798910956528399
22,SIAgent11,FEMALE_HIGH_INCOME,1,1.1598061061440146,1,0.7740915733673216
22,SIAgent12,MALE_LOW_INCOME,6,7.0237357476872795,6,6.437191259217222
22,WEAgent18,YOUNG_LOW_INCOME,6,7.278898292614392,346,1.7074113958675827
22,SIAgent13,MALE_YOUNG,4,3.8446134842398227,4,3.33568998604539
22,WEAgent19,YOUNG_LOW_INCOME,6,6.305015909665094,7,5.9759398855365395
22,SIAgent14,OLD_LOW_INCOME,6,6.362971572887263,6,5.686189205188379
22,WEAgent16,FEMALE_OLD,5,6.610716007591618,80,1.8691723093146713
22,WEAgent17,FEMALE_YOUNG,4,3.6593829327129654,5,3.4986386956604987
22,WEAgent14,MALE_YOUNG_HIGH_INCOME,1,1.0792462967437009,1,0.7745728922440159
22,WEAgent15,YOUNG_HIGH_INCOME,2,1.9601333327244994,2,1.3994554782641995
22,WEAgent12,YOUNG_HIGH_INCOME,2,1.3994554782641995,2,1.3994554782641995
22,WEAgent13,MALE_YOUNG_LOW_INCOME,3,2.8395417141941155,3,2.561117093801374
22,WEAgent9,MALE_YOUNG_LOW_INCOME,3,3.0562295666605075,3,2.561117093801374
22,WEAgent10,MALE_LOW_INCOME,6,6.27146992675347,7,5.9759398855365395
22,WEAgent11,MALE_YOUNG_LOW_INCOME,3,2.6678506544753207,3,2.561117093801374
22,WEAgent7,FEMALE_YOUNG,4,4.299122256903539,53,1.3994554782641995
22,WEAgent8,MALE_LOW_INCOME,6,6.795428013822771,315,4.268528489668957
22,WEAgent1,YOUNG_LOW_INCOME,6,5.723073074352822,6,5.122234187602748
22,WEAgent2,FEMALE_YOUNG_HIGH_INCOME,1,1.1078334535867949,1,0.6997277391320997
22,WEAgent0,FEMALE_OLD_HIGH_INCOME,1,1.030954114735573,1,0.9345861546573356
22,SIAgent9,MALE_LOW_INCOME,6,6.437191259217222,6,6.16428779071142
22,WEAgent5,MALE_YOUNG_HIGH_INCOME,1,0.7745728922440159,1,0.7745728922440159
22,WEAgent6,OLD_HIGH_INCOME,2,2.058875477036817,2,1.8691723093146713
22,SIAgent7,FEMALE_YOUNG_LOW_INCOME,3,3.312812281372872,3,2.561117093801374
22,WEAgent3,MALE_YOUNG_HIGH_INCOME,1,0.8150660270052349,95,0.7745728922440159
22,SIAgent8,MALE_OLD_HIGH_INCOME,2,1.9047767682983532,2,1.894625492902893
22,WEAgent4,FEMALE_YOUNG_HIGH_INCOME,1,1.008499317725909,1,0.6997277391320997
22,SIAgent5,MALE_OLD_LOW_INCOME,3,2.991593908323551,3,2.561117093801374
22,SIAgent6,MALE_OLD_HIGH_INCOME,2,1.9201773296281188,2,1.9047767682983532
22,SIAgent3,OLD_HIGH_INCOME,2,1.8691723093146713,15,1.8691723093146713
22,SIAgent4,FEMALE_OLD_LOW_INCOME,4,3.751192988597756,509,0.0
22,SIAgent1,FEMALE_OLD_HIGH_INCOME,1,1.1494704657706611,1,0.9473127464514465
22,SIAgent2,OLD_HIGH_INCOME,2,1.894625492902893,2,1.8691723093146713
22,SIAgent0,YOUNG_LOW_INCOME,6,5.122234187602748,6,4.64454944020393
23,SIAgent10,YOUNG_HIGH_INCOME,2,2.256063871912304,2,2.2502803538944347
23,SIAgent11,MALE_YOUNG_HIGH_INCOME,1,1.1251401769472174,1,0.9417782614056327
23,SIAgent12,MALE_LOW_INCOME,6,6.175339856385214,6,5.211322588183353
23,WEAgent18,OLD_LOW_INCOME,6,4.813102257544501,6,4.54850415013289
23,SIAgent13,MALE_HIGH_INCOME,2,1.8835565228112654,2,1.6481707664344016
23,WEAgent19,MALE_HIGH_INCOME,2,2.113591169746782,2,1.5161680500442967
23,SIAgent14,FEMALE_OLD_LOW_INCOME,4,3.7513432810324376,4,3.518022036254956
23,WEAgent16,FEMALE_OLD_LOW_INCOME,4,3.518022036254956,487,0.879505509063739
23,WEAgent17,YOUNG_LOW_INCOME,6,5.367781674710423,355,0.0
23,WEAgent14,MALE_OLD_HIGH_INCOME,2,1.5523593858120384,2,1.5161680500442967
23,WEAgent15,MALE_OLD_LOW_INCOME,3,2.666106691515812,3,2.2742520750664452
23,WEAgent12,MALE_OLD,4,4.009284326545112,149,2.2742520750664452
23,WEAgent13,OLD_HIGH_INCOME,2,1.9639592438489433,2,1.5161680500442967
23,WEAgent9,MALE_HIGH_INCOME,2,1.7786243406115627,2,1.5161680500442967
23,WEAgent10,MALE_OLD_HIGH_INCOME,2,2.4078424473482998,3,2.2742520750664452
23,WEAgent11,MALE_YOUNG_HIGH_INCOME,1,1.116523218921273,1,0.7580840250221483
23,WEAgent7,OLD_HIGH_INCOME,2,2.153180841480072,88,0.7580840250221483
23,WEAgent8,YOUNG_HIGH_INCOME,2,2.0971391554998724,2,1.5161680500442967
23,WEAgent1,MALE_YOUNG,4,3.9408168157728247,111,3.0323361000885933
23,WEAgent2,FEMALE_YOUNG_LOW_INCOME,3,2.86532937405477,3,2.638516527191217
23,WEAgent0,MALE_YOUNG_HIGH_INCOME,1,1.087089059075947,1,0.7580840250221483
23,SIAgent9,MALE_OLD_LOW_INCOME,3,2.6116653031750054,3,2.2742520750664452
23,WEAgent5,FEMALE_LOW_INCOME,7,8.332444189028472,388,4.397527545318695
23,WEAgent6,FEMALE_YOUNG_HIGH_INCOME,1,0.9405513229679658,40,0.0
23,SIAgent7,MALE_OLD_HIGH_INCOME,2,1.7801734828245068,2,1.5161680500442967
23,WEAgent3,OLD_LOW_INCOME,6,6.20807706383404,301,3.7904201251107414
23,SIAgent8,OLD_LOW_INCOME,6,5.839362533027936,6,5.425172763949333
23,WEAgent4,FEMALE_OLD_LOW_INCOME,4,4.036565920266286,4,3.518022036254956
23,SIAgent5,FEMALE_HIGH_INCOME,1,1.0392672943050334,1,0.7580840250221483
23,SIAgent6,MALE_YOUNG_LOW_INCOME,3,2.2742520750664452,3,2.2742520750664452
23,SIAgent3,OLD_LOW_INCOME,6,6.125082259788449,6,5.839362533027936
23,SIAgent4,YOUNG_LOW_INCOME,6,5.372258559124545,6,5.277033054382434
23,SIAgent1,FEMALE_YOUNG_HIGH_INCOME,1,1.1779877485754349,1,1.128031935956152
23,SIAgent2,OLD_LOW_INCOME,6,6.622795512774569,6,6.141834791987372
23,SIAgent0,FEMALE_YOUNG_HIGH_INCOME,1,0.9948861469488158,1,0.7580840250221483
24,SIAgent10,FEMALE_YOUNG_LOW_INCOME,3,3.5268334608270075,3,3.177371271649183
24,SIAgent11,FEMALE_YOUNG,4,3.0809489250573483,104,3.0809489250573483
24,SIAgent12,FEMALE_OLD,5,5.66417532446922,5,5.357630183663248
24,WEAgent18,MALE_HIGH_INCOME,2,2.225245327874552,97,0.8773813028719286
24,SIAgent13,MALE_LOW_INCOME,6,6.075020353028857,6,5.332905934566418
24,WEAgent19,MALE_OLD_LOW_INCOME,3,2.8279517885057643,3,2.6664529672832087
24,SIAgent14,MALE_YOUNG,4,4.537402593222581,4,4.236495028865577
24,WEAgent16,MALE_OLD,4,3.986674948599997,4,3.5552706230442785
24,WEAgent17,MALE_OLD_HIGH_INCOME,2,2.105840911077667,2,1.7776353115221393
24,WEAgent14,FEMALE_LOW_INCOME,7,6.4031215486832025,7,6.403121548683202
24,WEAgent15,FEMALE_HIGH_INCOME,1,1.1276514406532434,1,0.7702372312643371
24,WEAgent12,YOUNG_HIGH_INCOME,2,1.9591553498218537,33,0.0
24,WEAgent13,MALE_OLD_LOW_INCOME,3,2.8761633810636003,3,2.6664529672832087
24,WEAgent9,FEMALE_YOUNG,4,3.550178261593247,4,3.0809489250573483
24,WEAgent10,FEMALE_LOW_INCOME,7,7.566148448556506,8,7.270467613331954
24,WEAgent11,FEMALE_LOW_INCOME,7,7.270074406789711,7,6.403121548683202
24,WEAgent7,FEMALE_LOW_INCOME,7,6.509198911334381,7,6.403121548683202
24,WEAgent8,OLD_HIGH_INCOME,2,1.9886940261620483,2,1.7776353115221393
24,WEAgent1,FEMALE_OLD_LOW_INCOME,4,3.7436048896625294,480,0.0
24,WEAgent2,FEMALE_HIGH_INCOME,1,0.9222049387393465,1,0.7702372312643371
24,WEAgent0,OLD_LOW_INCOME,6,5.458893027387969,307,3.5552706230442785
24,SIAgent9,OLD_HIGH_INCOME,2,2.087002478749289,2,2.0765263219794914
24,WEAgent5,MALE_YOUNG_HIGH_INCOME,1,1.0670702725812962,1,0.8773813028719286
24,WEAgent6,MALE_OLD_HIGH_INCOME,2,2.0685158243556723,167,1.7776353115221393
24,SIAgent7,FEMALE_YOUNG,4,3.46938425859501,4,3.0809489250573483
24,WEAgent3,FEMALE_OLD,5,4.744130633596143,87,3.5552706230442785
24,SIAgent8,MALE_LOW_INCOME,6,5.332905934566418,16,5.332905934566418
24,WEAgent4,FEMALE_YOUNG_HIGH_INCOME,1,0.9557563412472599,1,0.7702372312643371
24,SIAgent5,MALE_HIGH_INCOME,2,1.9013261627651195,2,1.7547626057438572
24,SIAgent6,OLD_LOW_INCOME,6,6.429156220395897,6,6.1272170273643605
24,SIAgent3,YOUNG_LOW_INCOME,6,6.354742543298366,6,6.329119102178495
24,SIAgent4,MALE_OLD,4,4.153052643958983,4,3.9263329471080715
24,SIAgent1,YOUNG_LOW_INCOME,6,6.329119102178495,6,5.879476868309676
24,SIAgent2,MALE_HIGH_INCOME,2,1.7547626057438572,2,1.7547626057438572
24,SIAgent0,FEMALE_YOUNG_HIGH_INCOME,1,0.9414767323217286,1,0.8673460646487525
25,SIAgent10,MALE_YOUNG_LOW_INCOME,3,2.5992448766550647,346,2.5992448766550647
25,SIAgent11,FEMALE_OLD_LOW_INCOME,4,3.5650310086567463,475,0.0
25,SIAgent12,FEMALE_OLD_LOW_INCOME,4,4.940163806612786,4,4.210442621381593
25,WEAgent18,YOUNG_HIGH_INCOME,2,2.3738721943333148,3,2.1630360140626905
25,SIAgent13,FEMALE_OLD,5,5.040741457197923,5,4.563345857546327
25,WEAgent19,MALE_YOUNG_HIGH_INCOME,1,1.050117723089657,1,0.8664149588850215
25,SIAgent14,MALE_OLD_HIGH_INCOME,2,2.014401869198665,2,1.9966296977791629
25,WEAgent16,MALE_YOUNG_HIGH_INCOME,1,0.9821325759700373,1,0.8664149588850215
25,WEAgent17,FEMALE_YOUNG_HIGH_INCOME,1,0.9993545683505275,31,0.7210120046875634
25,WEAgent14,MALE_YOUNG,4,4.147593291833009,105,2.5992448766550647
25,WEAgent15,YOUNG_HIGH_INCOME,2,1.4420240093751269,2,1.4420240093751269
25,WEAgent12,MALE_LOW_INCOME,6,5.515566743775006,6,5.198489753310129
25,WEAgent13,MALE_YOUNG_HIGH_INCOME,1,0.9144345895310472,1,0.8664149588850215
25,WEAgent9,FEMALE_OLD_HIGH_INCOME,1,1.1163841146675704,1,0.8664149588850215
25,WEAgent10,FEMALE_OLD_LOW_INCOME,4,3.8488715750725957,4,3.5650310086567463
25,WEAgent11,OLD_HIGH_INCOME,2,1.875256420323848,79,0.8664149588850215
25,WEAgent7,OLD_LOW_INCOME,6,6.616090500439665,7,6.064904712195151
25,WEAgent8,FEMALE_YOUNG_HIGH_INCOME,1,1.0328307939904438,1,0.7210120046875634
25,WEAgent1,MALE_OLD,4,3.7894208369987252,4,3.465659835540086
25,WEAgent2,YOUNG_LOW_INCOME,6,5.923070696348542,6,5.198489753310129
25,WEAgent0,YOUNG_HIGH_INCOME,2,2.019814392165683,2,1.4420240093751269
25,SIAgent9,MALE_YOUNG_LOW_INCOME,3,3.160976043871619,3,3.0331009874525856
25,WEAgent5,MALE_OLD,4,3.8894854254522726,150,2.5992448766550647
25,WEAgent6,MALE_LOW_INCOME,6,6.248122521842347,341,3.465659835540086
25,SIAgent7,OLD_HIGH_INCOME,2,1.9966296977791629,2,1.8050502135147009
25,WEAgent3,FEMALE_YOUNG_HIGH_INCOME,1,0.951757449168738,1,0.7210120046875634
25,SIAgent8,MALE_OLD,4,4.351497930212381,4,4.215398793656783
25,WEAgent4,OLD_LOW_INCOME,6,6.740688595782469,7,6.064904712195151
25,SIAgent5,FEMALE_HIGH_INCOME,1,0.8805197201483347,1,0.7210120046875634
25,SIAgent6,MALE_OLD,4,4.505550787697494,4,4.351497930212381
25,SIAgent3,MALE_OLD,4,3.7545410185187174,4,3.465659835540086
25,SIAgent4,MALE_OLD,4,4.215398793656783,4,3.8916723784580234
25,SIAgent1,FEMALE_OLD_HIGH_INCOME,1,0.9218495542373799,1,0.8664149588850215
25,SIAgent2,FEMALE_LOW_INCOME,7,7.368274587417787,20,7.057038040077092
25,SIAgent0,MALE_YOUNG,4,4.0441346499367805,4,3.465659835540086
26,SIAgent10,FEMALE_OLD,5,5.257629368130833,22,4.86055680462035
26,SIAgent11,YOUNG_LOW_INCOME,6,6.214428382704561,6,6.1370759808967215
26,SIAgent12,MALE_YOUNG_LOW_INCOME,3,2.7793748557371334,3,2.7205094584269696
26,WEAgent18,MALE_YOUNG_HIGH_INCOME,1,1.0896427090816339,1,0.8231973150509689
26,SIAgent13,FEMALE_YOUNG_LOW_INCOME,3,3.0292066391471995,3,2.778642273519229
26,WEAgent19,FEMALE_YOUNG,4,3.6246704541854617,43,0.0
26,SIAgent14,MALE_LOW_INCOME,6,6.152808521417185,7,6.03016294322523
26,WEAgent16,MALE_OLD,4,3.676084399888743,4,3.2927892602038757
26,WEAgent17,YOUNG_LOW_INCOME,6,4.939183890305814,356,3.2927892602038757
26,WEAgent14,OLD_HIGH_INCOME,2,2.132444659984519,69,1.6463946301019379
26,WEAgent15,FEMALE_OLD_HIGH_INCOME,1,1.1294807749546358,1,0.8231973150509689
26,WEAgent12,MALE_HIGH_INCOME,2,1.883969210882956,93,0.0
26,WEAgent13,OLD_HIGH_INCOME,2,2.050523597749214,2,1.6463946301019379
26,WEAgent9,FEMALE_OLD_HIGH_INCOME,1,0.9846808770291355,1,0.8231973150509689
26,WEAgent10,FEMALE_HIGH_INCOME,1,1.1911522797566314,1,0.8231973150509689
26,WEAgent11,FEMALE_YOUNG_HIGH_INCOME,1,0.897445415626819,1,0.8231973150509689
26,WEAgent7,OLD_HIGH_INCOME,2,1.8227590769850444,2,1.6463946301019379
26,WEAgent8,MALE_LOW_INCOME,6,5.71985866518966,372,4.115986575254845
26,WEAgent1,MALE_YOUNG_HIGH_INCOME,1,1.035489667336288,1,0.8231973150509689
26,WEAgent2,MALE_OLD,4,3.855818565817848,157,3.2927892602038757
26,WEAgent0,YOUNG_LOW_INCOME,6,5.775717246656604,7,5.762381205356783
26,SIAgent9,FEMALE_YOUNG_LOW_INCOME,3,3.198077240734354,3,3.1072141913522806
26,WEAgent5,MALE_OLD_LOW_INCOME,3,2.8892939074212634,3,2.469591945152907
26,WEAgent6,MALE_OLD_LOW_INCOME,3,2.818850580327642,3,2.469591945152907
26,SIAgent7,FEMALE_HIGH_INCOME,1,0.97211136092407,1,0.8231973150509689
26,WEAgent3,FEMALE_LOW_INCOME,7,7.4728349967202625,351,0.0
26,SIAgent8,MALE_YOUNG_LOW_INCOME,3,2.871264551955578,3,2.84687366081884
26,WEAgent4,MALE_OLD_HIGH_INCOME,2,2.0283611276510034,2,1.6463946301019379
26,SIAgent5,MALE_YOUNG_LOW_INCOME,3,2.640710866523575,3,2.469591945152907
26,SIAgent6,FEMALE_YOUNG_LOW_INCOME,3,2.778642273519229,3,2.778642273519229
26,SIAgent3,MALE_YOUNG,4,3.7958315477584534,4,3.6665514194909363
26,SIAgent4,FEMALE_YOUNG_HIGH_INCOME,1,1.058189620944762,1,0.97211136092407
26,SIAgent1,FEMALE_YOUNG_HIGH_INCOME,1,0.9703823293348023,1,0.906817424499757
26,SIAgent2,MALE_YOUNG_LOW_INCOME,3,2.7205094584269696,3,2.640710866523575
26,SIAgent0,YOUNG_HIGH_INCOME,2,1.813634848999514,2,1.6463946301019379
27,SIAgent10,OLD_LOW_INCOME,6,5.755616824100756,6,5.049527440197824
27,SIAgent11,FEMALE_OLD_LOW_INCOME,4,3.3663516267985494,447,0.0
27,SIAgent12,MALE_HIGH_INCOME,2,2.275421586509596,2,2.2134550094978183
27,WEAgent18,MALE_YOUNG,4,4.120189729127359,5,4.109751038566539
27,SIAgent13,FEMALE_YOUNG_HIGH_INCOME,1,1.0754441295730666,1,0.8410523787728823
27,WEAgent19,FEMALE_OLD,5,5.592135387459207,66,2.524763720098912
27,SIAgent14,OLD_LOW_INCOME,6,6.9004483162909205,6,6.158025098743881
27,WEAgent16,MALE_OLD,4,4.091993538522571,137,3.3663516267985494
27,WEAgent17,FEMALE_YOUNG,4,3.364209515091529,37,2.523157136318647
27,WEAgent14,MALE_YOUNG_HIGH_INCOME,1,0.8219502077133077,1,0.8219502077133077
27,WEAgent15,YOUNG_LOW_INCOME,6,5.575266688891409,6,5.222496900592218
27,WEAgent12,MALE_OLD_LOW_INCOME,3,3.0654888708892734,349,0.0
27,WEAgent13,MALE_YOUNG,4,4.354487490319658,89,3.287800830853231
27,WEAgent9,MALE_OLD_HIGH_INCOME,2,2.183736659503917,2,1.6831758133992747
27,WEAgent10,MALE_OLD_HIGH_INCOME,2,2.127606795474224,2,1.6831758133992747
27,WEAgent11,FEMALE_YOUNG_HIGH_INCOME,1,1.1348022998570242,1,0.8410523787728823
27,WEAgent7,FEMALE_OLD_HIGH_INCOME,1,0.9698703323207075,1,0.8415879066996373
27,WEAgent8,YOUNG_LOW_INCOME,6,5.74914898028158,352,3.481664600394812
27,WEAgent1,FEMALE_YOUNG,4,3.877444442753836,4,3.364209515091529
27,WEAgent2,MALE_YOUNG,4,4.1756868913239735,5,4.109751038566539
27,WEAgent0,FEMALE_YOUNG_LOW_INCOME,3,2.611248450296109,434,0.0
27,SIAgent9,MALE_OLD_LOW_INCOME,3,3.2449652077443067,3,3.154843690533353
27,WEAgent5,FEMALE_YOUNG,4,4.378468359776438,5,4.205261893864412
27,WEAgent6,OLD_HIGH_INCOME,2,2.0392502291182395,2,1.6831758133992747
27,SIAgent7,MALE_OLD_LOW_INCOME,3,3.2790523624596934,3,3.2449652077443067
27,WEAgent3,FEMALE_HIGH_INCOME,1,0.9683968445129706,1,0.8410523787728823
27,SIAgent8,MALE_LOW_INCOME,6,6.313050027476176,6,6.302962088247768
27,WEAgent4,MALE_YOUNG_HIGH_INCOME,1,1.0234068644479455,1,0.8219502077133077
27,SIAgent5,MALE_OLD,4,4.177693090612716,4,3.47434314239863
27,SIAgent6,MALE_YOUNG_HIGH_INCOME,1,1.1067275047489091,1,0.8219502077133077
27,SIAgent3,MALE_LOW_INCOME,6,6.302962088247768,6,5.918525390810123
27,SIAgent4,MALE_OLD_HIGH_INCOME,2,1.7551701571326617,2,1.6831758133992747
27,SIAgent1,FEMALE_OLD_LOW_INCOME,4,3.838630315045583,4,3.8370778827338374
27,SIAgent2,YOUNG_LOW_INCOME,6,7.686727190964063,7,7.001707323094219
27,SIAgent0,MALE_OLD_HIGH_INCOME,2,2.291991468326109,2,2.275421586509596
28,SIAgent10,MALE_HIGH_INCOME,2,1.901761521657255,2,1.6107994555369383
28,SIAgent11,YOUNG_HIGH_INCOME,2,1.9727870705154917,2,1.8181679139328657
28,SIAgent12,OLD_HIGH_INCOME,2,2.245803915314124,2,1.7498048448296364
28,WEAgent18,FEMALE_YOUNG_LOW_INCOME,3,3.002578233928702,3,2.396772252003027
28,SIAgent13,OLD_LOW_INCOME,6,5.08459429278814,6,4.793544504006054
28,WEAgent19,FEMALE_YOUNG_LOW_INCOME,3,3.2475995767713273,4,3.1956963360040356
28,SIAgent14,MALE_OLD,4,3.2215989110738765,4,3.1956963360040356
28,WEAgent16,OLD_LOW_INCOME,6,6.940967092107119,333,5.592468588007063
28,WEAgent17,FEMALE_OLD_HIGH_INCOME,1,1.0725715082372014,82,0.0
28,WEAgent14,MALE_YOUNG,4,4.335921328607625,90,0.7989240840010089
28,WEAgent15,FEMALE_YOUNG_HIGH_INCOME,1,1.1472185173296943,1,0.7989240840010089
28,WEAgent12,OLD_LOW_INCOME,6,6.159727525086981,7,5.592468588007063
28,WEAgent13,MALE_OLD_LOW_INCOME,3,3.133238569254841,3,2.396772252003027
28,WEAgent9,FEMALE_YOUNG_HIGH_INCOME,1,1.0249215252871444,40,0.0
28,WEAgent10,MALE_YOUNG,4,3.841770983688411,4,3.1956963360040356
28,WEAgent11,MALE_LOW_INCOME,6,6.068562797008559,7,5.592468588007063
28,WEAgent7,MALE_OLD,4,4.548147525087321,146,3.1956963360040356
28,WEAgent8,MALE_OLD,4,4.569166436836195,5,3.9946204200050444
28,WEAgent1,YOUNG_LOW_INCOME,6,6.517395133464066,334,0.0
28,WEAgent2,FEMALE_LOW_INCOME,7,6.7629325421295,383,6.391392672008072
28,WEAgent0,MALE_YOUNG,4,4.491874181404294,5,3.9946204200050444
28,SIAgent9,MALE_YOUNG,4,3.196848220534816,4,3.1956963360040356
28,WEAgent5,MALE_OLD_LOW_INCOME,3,2.946528373414021,3,2.396772252003027
28,WEAgent6,OLD_LOW_INCOME,6,6.352782201504727,7,5.592468588007063
28,SIAgent7,MALE_OLD_LOW_INCOME,3,3.383251554241242,3,2.994263532880778
28,WEAgent3,OLD_LOW_INCOME,6,5.168030067007031,6,4.793544504006054
28,SIAgent8,MALE_OLD_LOW_INCOME,3,2.664903228700393,3,2.4161991833054075
28,WEAgent4,MALE_YOUNG,4,4.05126170842461,5,3.9946204200050444
28,SIAgent5,FEMALE_LOW_INCOME,7,7.515572682574678,7,7.089192762368064
28,SIAgent6,FEMALE_OLD_LOW_INCOME,4,3.1956963360040356,480,0.0
28,SIAgent3,MALE_LOW_INCOME,6,5.988527065761556,7,5.7726624281354475
28,SIAgent4,MALE_YOUNG_HIGH_INCOME,1,0.9090839569664328,1,0.799212055133704
28,SIAgent1,YOUNG_HIGH_INCOME,2,2.0439212749702875,2,1.9727870705154917
28,SIAgent2,FEMALE_YOUNG_LOW_INCOME,3,3.075596441960693,3,2.396772252003027
28,SIAgent0,YOUNG_LOW_INCOME,6,6.241760380236707,6,6.069859974841472
29,SIAgent10,MALE_LOW_INCOME,6,6.994433293309957,6,6.227543478713123
29,SIAgent11,OLD_LOW_INCOME,6,7.136929798500448,6,6.630360134812426
29,SIAgent12,MALE_HIGH_INCOME,2,2.0113878774529743,2,1.9700670384856767
29,WEAgent18,FEMALE_OLD_LOW_INCOME,4,4.271080298904128,4,4.271080298904128
29,SIAgent13,OLD_HIGH_INCOME,2,1.8303804275592535,2,1.8103623746424011
29,WEAgent19,FEMALE_YOUNG_HIGH_INCOME,1,0.9812300982061674,1,0.7487511316394221
29,SIAgent14,MALE_YOUNG_HIGH_INCOME,1,0.89102609370933,1,0.7487511316394221
29,WEAgent16,MALE_OLD_HIGH_INCOME,2,2.327326637895463,2,1.6502869131751563
29,WEAgent17,MALE_HIGH_INCOME,2,1.4975022632788442,2,1.4975022632788442
29,WEAgent14,FEMALE_YOUNG_HIGH_INCOME,1,0.9756468897370596,1,0.7487511316394221
29,WEAgent15,OLD_HIGH_INCOME,2,2.228703260961911,2,1.6502869131751563
29,WEAgent12,FEMALE_YOUNG_HIGH_INCOME,1,0.9655272924956844,1,0.7487511316394221
29,WEAgent13,MALE_YOUNG_HIGH_INCOME,1,1.0209814346907249,1,0.7487511316394221
29,WEAgent9,FEMALE_YOUNG_HIGH_INCOME,1,0.7917002253923248,1,0.7487511316394221
29,WEAgent10,MALE_HIGH_INCOME,2,1.9606740071059048,2,1.4975022632788442
29,WEAgent11,FEMALE_YOUNG,4,3.3385337653951477,4,2.9950045265576883
29,WEAgent7,MALE_LOW_INCOME,6,7.185442681328704,348,3.3005738263503126
29,WEAgent8,OLD_LOW_INCOME,6,4.950860739525469,6,4.950860739525469
29,WEAgent1,FEMALE_OLD,5,4.661578560547336,80,1.6502869131751563
29,WEAgent2,FEMALE_YOUNG,4,3.543812083327587,41,2.2462533949182664
29,WEAgent0,MALE_OLD_HIGH_INCOME,2,1.9182310715091966,144,1.6502869131751563
29,SIAgent9,MALE_YOUNG_HIGH_INCOME,1,0.980206898716271,1,0.89102609370933
29,WEAgent5,FEMALE_OLD_LOW_INCOME,4,4.296546550967782,4,4.271080298904128
29,WEAgent6,MALE_YOUNG,4,3.527609051419864,91,0.0
29,SIAgent7,OLD_LOW_INCOME,6,5.927369694003407,28,5.776004196113047
29,WEAgent3,FEMALE_LOW_INCOME,7,6.3265417513265145,370,0.0
29,SIAgent8,MALE_OLD,4,4.62434722668948,4,4.069369142724204
29,WEAgent4,YOUNG_HIGH_INCOME,2,2.1255112274961783,2,1.4975022632788442
29,SIAgent5,FEMALE_YOUNG_HIGH_INCOME,1,0.9821816231410452,1,0.7487511316394221
29,SIAgent6,FEMALE_YOUNG_HIGH_INCOME,1,1.047300685624962,1,0.9821816231410452
29,SIAgent3,OLD_HIGH_INCOME,2,1.9797202795388116,2,1.8303804275592535
29,SIAgent4,OLD_HIGH_INCOME,2,1.8103623746424011,2,1.6502869131751563
29,SIAgent1,FEMALE_OLD_LOW_INCOME,4,4.37169700207528,4,4.271080298904128
29,SIAgent2,YOUNG_LOW_INCOME,6,5.873054798052575,9,5.422750072565583
29,SIAgent0,MALE_OLD_LOW_INCOME,3,3.1568619796342263,3,2.9636848470017036
30,SIAgent10,MALE_LOW_INCOME,6,5.275664480593734,6,5.100729646445015
30,SIAgent11,MALE_OLD_LOW_INCOME,3,2.9095436274366864,3,2.637832240296867
30,SIAgent12,FEMALE_HIGH_INCOME,1,1.0178492244294133,1,0.7881252191521643
30,WEAgent18,MALE_LOW_INCOME,6,6.665999157078351,7,5.950851254185851
30,SIAgent13,MALE_OLD_HIGH_INCOME,2,1.9675279015102034,2,1.6780786976418551
30,WEAgent19,FEMALE_HIGH_INCOME,1,1.0152820147786745,1,0.7843219510150332
30,SIAgent14,FEMALE_LOW_INCOME,7,6.363084504488568,7,5.950851254185851
30,WEAgent16,MALE_YOUNG_HIGH_INCOME,1,0.8271905589167297,1,0.7843219510150332
30,WEAgent17,FEMALE_LOW_INCOME,7,7.541375556648163,417,0.0
30,WEAgent14,MALE_LOW_INCOME,6,5.5136091857208465,335,1.7002432154816718
30,WEAgent15,YOUNG_HIGH_INCOME,2,1.723687719624867,2,1.5686439020300664
30,WEAgent12,FEMALE_OLD_LOW_INCOME,4,3.4004864309633436,4,3.4004864309633436
30,WEAgent13,FEMALE_OLD_LOW_INCOME,4,3.607627761141385,468,3.4004864309633436
30,WEAgent9,OLD_HIGH_INCOME,2,2.049348334693287,65,0.0
30,WEAgent10,OLD_LOW_INCOME,6,6.238522771244757,7,5.950851254185851
30,WEAgent11,MALE_YOUNG_LOW_INCOME,3,3.2150833646415595,3,2.5503648232225076
30,WEAgent7,FEMALE_YOUNG_HIGH_INCOME,1,1.125675991253293,43,0.0
30,WEAgent8,OLD_LOW_INCOME,6,6.279301237541506,7,5.950851254185851
30,WEAgent1,MALE_OLD_HIGH_INCOME,2,1.5686439020300664,161,0.0
30,WEAgent2,MALE_YOUNG,4,3.933436742739399,110,3.137287804060133
30,WEAgent0,MALE_YOUNG,4,3.8762203010758305,4,3.137287804060133
30,SIAgent9,OLD_HIGH_INCOME,2,2.173216796906192,2,2.0624221120342234
30,WEAgent5,FEMALE_YOUNG_HIGH_INCOME,1,0.8487279104000037,1,0.7843219510150332
30,WEAgent6,FEMALE_HIGH_INCOME,1,1.0914180404220224,1,0.7843219510150332
30,SIAgent7,FEMALE_YOUNG_LOW_INCOME,3,3.40618334223812,3,3.1206390688275754
30,WEAgent3,YOUNG_LOW_INCOME,6,6.1210956238064105,313,0.8501216077408359
30,SIAgent8,MALE_HIGH_INCOME,2,2.0891457752096207,2,1.768085901770135
30,WEAgent4,MALE_YOUNG_HIGH_INCOME,1,1.0165611138388513,1,0.7843219510150332
30,SIAgent5,FEMALE_HIGH_INCOME,1,0.7881252191521643,1,0.7843219510150332
30,SIAgent6,FEMALE_YOUNG_HIGH_INCOME,1,1.1518558031083241,1,0.7843219510150332
30,SIAgent3,MALE_OLD_HIGH_INCOME,2,2.187534918383939,2,2.173216796906192
30,SIAgent4,MALE_OLD_HIGH_INCOME,2,1.6780786976418551,2,1.5686439020300664
30,SIAgent1,FEMALE_LOW_INCOME,7,7.043152305696201,7,6.423056378135663
30,SIAgent2,FEMALE_YOUNG,4,3.7559920355733727,4,3.6360482882791816
30,SIAgent0,YOUNG_LOW_INCOME,6,6.241278137655151,6,5.656326085595239
31,SIAgent10,MALE_OLD_LOW_INCOME,3,3.001344108922857,3,2.5102744423264123
31,SIAgent11,MALE_YOUNG_LOW_INCOME,3,3.025873511956037,3,2.7255309524215283
31,SIAgent12,MALE_YOUNG_HIGH_INCOME,1,1.0129390913662633,1,0.928848412026644
31,WEAgent18,MALE_OLD_HIGH_INCOME,2,2.1555763242877397,2,1.6735162948842748
31,SIAgent13,FEMALE_YOUNG,4,3.601117825845177,40,3.3470325897685496
31,WEAgent19,YOUNG_HIGH_INCOME,2,2.3228523213667094,2,1.6735162948842748
31,SIAgent14,FEMALE_OLD_LOW_INCOME,4,3.941063456172621,4,3.835762326683656
31,WEAgent16,FEMALE_HIGH_INCOME,1,0.9272144259059647,1,0.8367581474421374
31,WEAgent17,MALE_OLD,4,4.261500315861537,156,4.183790737210687
31,WEAgent14,OLD_LOW_INCOME,6,6.564380305093429,349,4.183790737210687
31,WEAgent15,FEMALE_OLD_HIGH_INCOME,1,1.0154567155173586,1,0.8367581474421374
31,WEAgent12,FEMALE_HIGH_INCOME,1,0.9280114720337843,1,0.8367581474421374
31,WEAgent13,FEMALE_OLD_HIGH_INCOME,1,0.9416745219047147,1,0.8367581474421374
31,WEAgent9,FEMALE_YOUNG_LOW_INCOME,3,2.972813342305334,3,2.7173000914089798
31,WEAgent10,FEMALE_YOUNG,4,3.5612726217623885,4,3.3470325897685496
31,WEAgent11,FEMALE_OLD_HIGH_INCOME,1,0.9637415742690458,1,0.8367581474421374
31,WEAgent7,OLD_LOW_INCOME,6,7.16295990385821,8,6.694065179537099
31,WEAgent8,FEMALE_YOUNG,4,3.5346117877796694,43,0.8367581474421374
31,WEAgent1,FEMALE_YOUNG_HIGH_INCOME,1,1.0298143199867118,1,0.8367581474421374
31,WEAgent2,YOUNG_LOW_INCOME,6,5.882049414373673,342,4.183790737210687
31,WEAgent0,MALE_OLD,4,4.4075116186584875,5,4.183790737210687
31,SIAgent9,MALE_OLD_HIGH_INCOME,2,2.6239732537445364,3,2.5102744423264123
31,WEAgent5,FEMALE_OLD,5,5.073765080776441,65,5.020548884652825
31,WEAgent6,FEMALE_YOUNG_LOW_INCOME,3,3.2771255114560542,3,2.7255309524215283
31,SIAgent7,FEMALE_HIGH_INCOME,1,1.267866397550142,1,1.2239176424343206
31,WEAgent3,OLD_HIGH_INCOME,2,1.974734006445164,2,1.6735162948842748
31,SIAgent8,FEMALE_OLD_HIGH_INCOME,1,1.0582944402068548,1,0.8367581474421374
31,WEAgent4,FEMALE_OLD_LOW_INCOME,4,3.777254609819501,4,3.634041269895371
31,SIAgent5,MALE_YOUNG_HIGH_INCOME,1,0.928848412026644,104,0.0
31,SIAgent6,FEMALE_OLD_HIGH_INCOME,1,1.2239176424343206,1,1.0582944402068548
31,SIAgent3,MALE_YOUNG_LOW_INCOME,3,3.3352345575483917,3,3.1242441340948224
31,SIAgent4,FEMALE_OLD,5,4.79470290835457,5,4.721568262274376
31,SIAgent1,MALE_LOW_INCOME,6,5.020548884652825,6,5.020548884652825
31,SIAgent2,YOUNG_LOW_INCOME,6,6.248488268189645,6,5.651290277866062
31,SIAgent0,FEMALE_LOW_INCOME,7,6.359572222316899,14,6.359572222316898
32,SIAgent10,FEMALE_YOUNG,4,4.064914839024213,4,3.8803601635101295
32,SIAgent11,MALE_HIGH_INCOME,2,1.6510185280039371,5,1.6510185280039371
32,SIAgent12,FEMALE_YOUNG_LOW_INCOME,3,2.910270122632597,3,2.7621751666719074
32,WEAgent18,OLD_HIGH_INCOME,2,1.8246438219889618,2,1.7066534392937263
32,SIAgent13,MALE_LOW_INCOME,6,5.883146824746889,6,5.119960317881179
32,WEAgent19,MALE_LOW_INCOME,6,6.326180327389519,7,5.973287037528042
32,SIAgent14,FEMALE_OLD_LOW_INCOME,4,4.18626390951187,4,3.7497848948725414
32,WEAgent16,FEMALE_LOW_INCOME,7,7.439112499671632,368,3.320819088496364
32,WEAgent17,FEMALE_OLD_LOW_INCOME,4,3.9179775145964566,4,3.7497848948725414
32,WEAgent14,MALE_OLD,4,3.9755885997755884,4,3.385489422942558
32,WEAgent15,FEMALE_HIGH_INCOME,1,0.7838330491696716,1,0.7838330491696716
32,WEAgent12,FEMALE_YOUNG_HIGH_INCOME,1,1.1262070785726297,44,0.7838330491696716
32,WEAgent13,MALE_OLD_LOW_INCOME,3,2.9140398237112968,3,2.5599801589405895
32,WEAgent9,FEMALE_OLD_HIGH_INCOME,1,1.0477056206492268,1,0.8533267196468631
32,WEAgent10,OLD_LOW_INCOME,6,5.708060340213179,334,5.119960317881179
32,WEAgent11,MALE_YOUNG_LOW_INCOME,3,2.5599801589405895,352,0.0
32,WEAgent7,MALE_OLD_LOW_INCOME,3,3.3702735630302474,3,2.5599801589405895
32,WEAgent8,OLD_HIGH_INCOME,2,2.0295376829991216,77,1.7066534392937263
32,WEAgent1,MALE_OLD_LOW_INCOME,3,3.392073296652928,3,2.5599801589405895
32,WEAgent2,MALE_HIGH_INCOME,2,1.8342126724123717,89,1.6510185280039371
32,WEAgent0,MALE_OLD_HIGH_INCOME,2,1.9362317228308892,2,1.7066534392937263
32,SIAgent9,FEMALE_YOUNG_LOW_INCOME,3,3.2351246251564074,3,3.0486861292681597
32,WEAgent5,FEMALE_YOUNG_HIGH_INCOME,1,0.9993788576662033,1,0.7838330491696716
32,WEAgent6,FEMALE_YOUNG_HIGH_INCOME,1,1.1127187167319825,1,0.7838330491696716
32,SIAgent7,MALE_LOW_INCOME,6,6.141132594242092,6,5.883146824746889
32,WEAgent3,FEMALE_HIGH_INCOME,1,0.918828186716119,1,0.7838330491696716
32,SIAgent8,MALE_HIGH_INCOME,2,1.7083608973640074,2,1.7066534392937263
32,WEAgent4,FEMALE_OLD_LOW_INCOME,4,3.7497848948725414,4,3.535301991684453
32,SIAgent5,FEMALE_YOUNG,4,3.6829002222292098,4,3.228075642587525
32,SIAgent6,FEMALE_LOW_INCOME,7,7.896166611876728,7,7.406194987461607
32,SIAgent3,FEMALE_LOW_INCOME,7,5.811433404868637,31,5.811433404868637
32,SIAgent4,MALE_OLD,4,4.388357420814541,4,4.182032692935852
32,SIAgent1,FEMALE_YOUNG_LOW_INCOME,3,3.260047650857656,3,3.2351246251564074
32,SIAgent2,MALE_HIGH_INCOME,2,2.134988494855155,2,1.7083608973640074
32,SIAgent0,FEMALE_HIGH_INCOME,1,1.0489741700391062,1,1.0162287097560532
33,SIAgent10,FEMALE_HIGH_INCOME,1,0.9417001319199388,1,0.8952560619557015
33,SIAgent11,MALE_OLD,4,3.977324796261935,4,3.7526123428254494
33,SIAgent12,MALE_OLD,4,4.038359836579377,4,3.977324796261935
33,WEAgent18,FEMALE_OLD_LOW_INCOME,4,4.105372302254004,4,4.105372302254004
33,SIAgent13,YOUNG_LOW_INCOME,6,6.480548569334042,6,5.817711377996479
33,WEAgent19,MALE_YOUNG_LOW_INCOME,3,2.571114125665872,336,0.857038041888624
33,SIAgent14,YOUNG_HIGH_INCOME,2,2.077499988930881,2,1.8834002638398777
33,WEAgent16,FEMALE_YOUNG,4,4.407984028157147,48,1.714076083777248
33,WEAgent17,FEMALE_OLD,5,4.310649632886285,65,1.714076083777248
33,WEAgent14,MALE_OLD,4,4.089485032378887,4,3.428152167554496
33,WEAgent15,FEMALE_HIGH_INCOME,1,1.0653507630555719,1,0.857038041888624
33,WEAgent12,FEMALE_OLD,5,4.9880275349021375,5,4.28519020944312
33,WEAgent13,MALE_HIGH_INCOME,2,1.8219342615036587,101,1.714076083777248
33,WEAgent9,FEMALE_OLD_HIGH_INCOME,1,0.8908748504882131,1,0.857038041888624
33,WEAgent10,OLD_HIGH_INCOME,2,1.8573826228435395,2,1.714076083777248
33,WEAgent11,MALE_HIGH_INCOME,2,2.1514078207747613,2,1.714076083777248
33,WEAgent7,FEMALE_HIGH_INCOME,1,0.950965408445175,1,0.857038041888624
33,WEAgent8,MALE_LOW_INCOME,6,5.215249397347633,350,4.28519020944312
33,WEAgent1,FEMALE_YOUNG_HIGH_INCOME,1,1.0196857780016173,1,0.857038041888624
33,WEAgent2,FEMALE_LOW_INCOME,7,6.3191519978834005,408,0.0
33,WEAgent0,MALE_OLD,4,3.9932852278528532,140,3.428152167554496
33,SIAgent9,OLD_LOW_INCOME,6,6.4612417968125495,6,6.107799104125037
33,WEAgent5,MALE_OLD_HIGH_INCOME,2,1.880595476939943,2,1.714076083777248
33,WEAgent6,MALE_YOUNG_LOW_INCOME,3,3.0296120154219435,3,2.571114125665872
33,SIAgent7,MALE_YOUNG_HIGH_INCOME,1,0.9738525786657345,1,0.8790687740411275
33,WEAgent3,FEMALE_OLD_LOW_INCOME,4,4.478203973709576,4,3.9289923225397265
33,SIAgent8,OLD_LOW_INCOME,6,5.628918514238174,19,5.142228251331744
33,WEAgent4,MALE_OLD_LOW_INCOME,3,2.800699122280085,3,2.571114125665872
33,SIAgent5,MALE_YOUNG_LOW_INCOME,3,2.968896952696992,3,2.571114125665872
33,SIAgent6,OLD_HIGH_INCOME,2,2.214190350075559,2,1.8834002638398777
33,SIAgent3,MALE_YOUNG,4,4.904252115216415,4,4.3203657128893616
33,SIAgent4,MALE_YOUNG,4,4.1460045052047905,4,3.9585292702626558
33,SIAgent1,YOUNG_HIGH_INCOME,2,1.758137548082255,2,1.714076083777248
33,SIAgent2,FEMALE_YOUNG,4,4.938559548242461,4,4.237682845375562
33,SIAgent0,FEMALE_HIGH_INCOME,1,0.8952560619557015,1,0.857038041888624
34,SIAgent10,MALE_YOUNG_HIGH_INCOME,1,0.9958364697406629,1,0.894913144476645
34,SIAgent11,MALE_YOUNG_LOW_INCOME,3,3.302955872500075,3,3.263420572961671
34,SIAgent12,FEMALE_LOW_INCOME,7,8.592339097280405,8,8.308615939691572
34,WEAgent18,YOUNG_HIGH_INCOME,2,1.7958247198725523,2,1.5475539415711752
34,SIAgent13,FEMALE_YOUNG_LOW_INCOME,3,2.637133916349799,3,2.637133916349799
34,WEAgent19,MALE_OLD_LOW_INCOME,3,2.8389926065707614,3,2.631766284877145
34,SIAgent14,MALE_YOUNG,4,3.493424267358096,35,3.0951078831423504
34,WEAgent16,MALE_YOUNG,4,4.2876871285232365,81,3.868884853927938
34,WEAgent17,MALE_HIGH_INCOME,2,1.992381465538064,2,1.5475539415711752
34,WEAgent14,MALE_HIGH_INCOME,2,2.345184614468269,3,2.3213309123567627
34,WEAgent15,YOUNG_HIGH_INCOME,2,1.560737999666125,2,1.5475539415711752
34,WEAgent12,OLD_HIGH_INCOME,2,1.6585045585236728,2,1.5475539415711752
34,WEAgent13,FEMALE_OLD,5,4.790701106879361,73,0.0
34,WEAgent9,MALE_YOUNG,4,4.277369080798575,5,3.868884853927938
34,WEAgent10,MALE_OLD,4,4.755798397922271,154,4.642661824713525
34,WEAgent11,MALE_HIGH_INCOME,2,1.8502676978126535,2,1.5475539415711752
34,WEAgent7,FEMALE_LOW_INCOME,7,8.09462090602516,385,0.0
34,WEAgent8,FEMALE_YOUNG,4,3.751337730074735,4,3.0951078831423504
34,WEAgent1,FEMALE_YOUNG_HIGH_INCOME,1,1.1405219583515527,1,0.7737769707855876
34,WEAgent2,MALE_OLD,4,4.060289398916539,5,3.868884853927938
34,WEAgent0,MALE_LOW_INCOME,6,5.2635325697542905,6,5.2635325697542905
34,SIAgent9,FEMALE_OLD_LOW_INCOME,4,3.95738850907601,4,3.556706479014164
34,WEAgent5,FEMALE_HIGH_INCOME,1,1.2695214335635523,1,0.7737769707855876
34,WEAgent6,FEMALE_YOUNG_HIGH_INCOME,1,0.9898869976775083,26,0.7737769707855876
34,SIAgent7,YOUNG_LOW_INCOME,6,6.526841145923342,6,5.922756636989843
34,WEAgent3,FEMALE_OLD_LOW_INCOME,4,4.004877142764962,4,3.95738850907601
34,SIAgent8,FEMALE_OLD,5,3.9450305611903973,40,3.868884853927938
34,WEAgent4,MALE_LOW_INCOME,6,6.047855120171878,389,4.386277141461909
34,SIAgent5,YOUNG_LOW_INCOME,6,5.922756636989843,6,5.501070084213604
34,SIAgent6,YOUNG_HIGH_INCOME,2,1.78982628895329,2,1.6471330376251117
34,SIAgent3,FEMALE_OLD_HIGH_INCOME,1,1.0929818910653148,1,0.7890061122380795
34,SIAgent4,MALE_HIGH_INCOME,2,2.0015762976049247,2,1.9916729394813257
34,SIAgent1,FEMALE_YOUNG_HIGH_INCOME,1,0.9781362291795694,1,0.894913144476645
34,SIAgent2,MALE_YOUNG_LOW_INCOME,3,2.8639361678638044,3,2.6200682005185723
34,SIAgent0,MALE_OLD_HIGH_INCOME,2,1.5475539415711752,2,1.5475539415711752
35,SIAgent10,MALE_OLD_LOW_INCOME,3,3.0040461976544752,3,2.936995228833209
35,SIAgent11,YOUNG_HIGH_INCOME,2,1.8889608502153006,9,1.6577511368838065
35,SIAgent12,MALE_LOW_INCOME,6,5.920827220620783,6,5.664968958487922
35,WEAgent18,MALE_YOUNG_HIGH_INCOME,1,1.1142037834824654,1,0.9659666404671668
35,SIAgent13,MALE_YOUNG_LOW_INCOME,3,2.832484479243961,3,2.8070457480618916
35,WEAgent19,YOUNG_LOW_INCOME,6,5.736630216161581,328,4.308612534583112
35,SIAgent14,MALE_OLD_HIGH_INCOME,2,1.6007480504647285,2,1.6007480504647285
35,WEAgent16,MALE_OLD,4,3.454494336588492,137,3.201496100929457
35,WEAgent17,FEMALE_YOUNG,4,3.962464328251973,43,2.4866267053257096
35,WEAgent14,FEMALE_LOW_INCOME,7,6.032057548416358,7,6.032057548416358
35,WEAgent15,OLD_HIGH_INCOME,2,1.8844712553149907,76,1.6007480504647285
35,WEAgent12,MALE_OLD_LOW_INCOME,3,3.1118558163840344,3,2.5851675207498674
35,WEAgent13,FEMALE_LOW_INCOME,7,7.6014180913940566,8,6.89378005533298
35,WEAgent9,YOUNG_HIGH_INCOME,2,1.833130388814828,2,1.6577511368838065
35,WEAgent10,MALE_OLD,4,3.5512275353045593,4,3.201496100929457
35,WEAgent11,MALE_LOW_INCOME,6,5.475424612619711,361,2.5851675207498674
35,WEAgent7,MALE_OLD_HIGH_INCOME,2,1.6713917875671283,2,1.6007480504647285
35,WEAgent8,FEMALE_YOUNG,4,3.315502273767613,4,3.315502273767613
35,WEAgent1,FEMALE_OLD_LOW_INCOME,4,4.560846318226507,466,4.150378337791653
35,WEAgent2,FEMALE_YOUNG_HIGH_INCOME,1,1.0317513357858237,1,0.8288755684419032
35,WEAgent0,MALE_OLD,4,3.998653733961167,4,3.201496100929457
35,SIAgent9,FEMALE_LOW_INCOME,7,7.5052553463818406,7,6.7535987489989795
35,WEAgent5,OLD_HIGH_INCOME,2,1.9909797955799966,2,1.6007480504647285
35,WEAgent6,FEMALE_YOUNG,4,3.743691738347848,4,3.315502273767613
35,SIAgent7,YOUNG_LOW_INCOME,6,5.614091496123783,6,5.170335041499735
35,WEAgent3,MALE_YOUNG_LOW_INCOME,3,2.883663732630218,3,2.5851675207498674
35,SIAgent8,FEMALE_OLD_LOW_INCOME,4,4.150378337791653,4,4.150378337791653
35,WEAgent4,FEMALE_LOW_INCOME,7,6.23726132648312,392,2.5851675207498674
35,SIAgent5,OLD_HIGH_INCOME,2,1.6638629472618924,2,1.6007480504647285
35,SIAgent6,OLD_LOW_INCOME,6,6.843092298077552,6,6.220584203246694
35,SIAgent3,MALE_YOUNG_LOW_INCOME,3,3.1710570618450986,3,2.9604136103103915
35,SIAgent4,YOUNG_HIGH_INCOME,2,1.9319332809343337,2,1.9037308033869644
35,SIAgent1,FEMALE_YOUNG_HIGH_INCOME,1,0.9592503782793141,1,0.9444804251076503
35,SIAgent2,MALE_OLD_HIGH_INCOME,2,2.207442439467962,2,1.9267723105858954
35,SIAgent0,MALE_OLD,4,3.8535446211717908,4,3.357516927809461
36,SIAgent10,MALE_HIGH_INCOME,2,1.7705602055896295,2,1.6563311563314091
36,SIAgent11,FEMALE_OLD_HIGH_INCOME,1,0.9133305244275157,1,0.8281655781657046
36,SIAgent12,MALE_OLD_LOW_INCOME,3,2.484496734497114,3,2.484496734497114
36,WEAgent18,MALE_YOUNG_HIGH_INCOME,1,0.9821458539658866,1,0.8281655781657046
36,SIAgent13,FEMALE_YOUNG_LOW_INCOME,3,2.8972339470130293,3,2.7783137783486778
36,WEAgent19,MALE_YOUNG_LOW_INCOME,3,2.7916736348287126,3,2.7019975491573076
36,SIAgent14,YOUNG_LOW_INCOME,6,5.5566275566973555,6,5.450318272103845
36,WEAgent16,OLD_LOW_INCOME,6,6.240034177541309,318,4.968993468994228
36,WEAgent17,FEMALE_YOUNG_LOW_INCOME,3,2.9259428080515115,3,2.706077518019587
36,WEAgent14,FEMALE_LOW_INCOME,7,6.703220306310683,370,4.510129196699312
36,WEAgent15,OLD_LOW_INCOME,6,6.249869196296734,7,5.797159047159933
36,WEAgent12,OLD_LOW_INCOME,6,5.7062109826127845,6,4.968993468994228
36,WEAgent13,MALE_YOUNG,4,3.4987237167762433,94,0.8281655781657046
36,WEAgent9,MALE_OLD_HIGH_INCOME,2,2.022644967154222,160,0.0
36,WEAgent10,MALE_LOW_INCOME,6,5.856964255274421,7,5.797159047159933
36,WEAgent11,FEMALE_YOUNG_LOW_INCOME,3,3.0462200679083646,3,2.706077518019587
36,WEAgent7,FEMALE_HIGH_INCOME,1,0.9151261485864283,1,0.8281655781657046
36,WEAgent8,YOUNG_LOW_INCOME,6,6.656162423774222,347,5.403995098314614
36,WEAgent1,OLD_HIGH_INCOME,2,1.8659058627251779,66,0.0
36,WEAgent2,MALE_LOW_INCOME,6,5.757299787137067,6,4.968993468994228
36,WEAgent0,YOUNG_LOW_INCOME,6,5.939225623754071,6,5.403995098314614
36,SIAgent9,FEMALE_HIGH_INCOME,1,0.9830536990808293,1,0.9224270055268906
36,WEAgent5,FEMALE_YOUNG,4,4.014995532670308,48,0.8281655781657046
36,WEAgent6,MALE_YOUNG_HIGH_INCOME,1,0.9102565927860217,1,0.8281655781657046
36,SIAgent7,YOUNG_HIGH_INCOME,2,2.043474055951031,2,1.9301008280671035
36,WEAgent3,OLD_LOW_INCOME,6,6.495040604299782,7,5.797159047159933
36,SIAgent8,FEMALE_YOUNG,4,4.366527943657585,4,3.8629785960173724
36,WEAgent4,MALE_LOW_INCOME,6,6.454203022119101,7,5.797159047159933
36,SIAgent5,MALE_YOUNG_LOW_INCOME,3,2.7019975491573076,3,2.7019975491573076
36,SIAgent6,MALE_OLD,4,3.991609497370277,4,3.3697768372919286
36,SIAgent3,YOUNG_HIGH_INCOME,2,1.9301008280671035,2,1.8077071083217053
36,SIAgent4,FEMALE_LOW_INCOME,7,6.314180875379037,21,6.314180875379037
36,SIAgent1,MALE_YOUNG_LOW_INCOME,3,3.400591415548032,3,2.7783137783486778
36,SIAgent2,FEMALE_HIGH_INCOME,1,0.9224270055268906,1,0.9133305244275157
36,SIAgent0,YOUNG_LOW_INCOME,6,5.450318272103845,6,5.4080750671768945
37,SIAgent10,YOUNG_LOW_INCOME,6,4.800552995359711,15,4.791847809413422
37,SIAgent11,MALE_YOUNG_LOW_INCOME,3,3.157003078633868,3,3.137992897097789
37,SIAgent12,FEMALE_OLD_HIGH_INCOME,1,1.0089109991898766,1,0.9394602475182768
37,WEAgent18,MALE_YOUNG_LOW_INCOME,3,2.9785441228403453,3,2.4002764976798554
37,SIAgent13,YOUNG_LOW_INCOME,6,5.894564182319423,7,5.600645161252996
37,WEAgent19,MALE_OLD,4,4.785380538715045,143,1.6001843317865703
37,SIAgent14,MALE_OLD_HIGH_INCOME,2,2.1708683366868278,2,2.0419546379611067
37,WEAgent16,MALE_HIGH_INCOME,2,1.8545825682923456,2,1.5827739598939925
37,WEAgent17,OLD_LOW_INCOME,6,5.219384105815812,6,4.800552995359711
37,WEAgent14,MALE_OLD,4,4.407555629018828,5,4.000460829466426
37,WEAgent15,MALE_YOUNG,4,3.989518072884625,5,3.956934899734981
37,WEAgent12,MALE_YOUNG_HIGH_INCOME,1,1.09883392804665,1,0.7913869799469962
37,WEAgent13,MALE_OLD_HIGH_INCOME,2,1.734196922656737,2,1.6001843317865703
37,WEAgent9,MALE_YOUNG,4,3.6547509461565344,4,3.165547919787985
37,WEAgent10,MALE_LOW_INCOME,6,5.506086442578126,338,4.000460829466426
37,WEAgent11,OLD_LOW_INCOME,6,5.1656874475754035,6,4.800552995359711
37,WEAgent7,MALE_YOUNG_HIGH_INCOME,1,0.9953603983304475,1,0.7913869799469962
37,WEAgent8,MALE_HIGH_INCOME,2,1.8336181577365478,2,1.5827739598939925
37,WEAgent1,MALE_YOUNG,4,3.9736899614471968,86,2.374160939840989
37,WEAgent2,FEMALE_OLD,5,4.258558642880426,77,1.6001843317865703
37,WEAgent0,MALE_YOUNG,4,3.7070141914929615,4,3.165547919787985
37,SIAgent9,FEMALE_OLD_LOW_INCOME,4,3.818128330062816,468,0.0
37,WEAgent5,FEMALE_YOUNG_LOW_INCOME,3,3.168513348092472,3,3.039797775887049
37,WEAgent6,FEMALE_OLD,5,4.828227196274684,6,4.800552995359711
37,SIAgent7,FEMALE_HIGH_INCOME,1,0.9394602475182768,1,0.8848361336812377
37,WEAgent3,MALE_YOUNG_HIGH_INCOME,1,0.9581588985287298,1,0.7913869799469962
37,SIAgent8,YOUNG_LOW_INCOME,6,6.079595551774098,6,5.894564182319423
37,WEAgent4,FEMALE_OLD_HIGH_INCOME,1,0.9990977694696995,1,0.8000921658932851
37,SIAgent5,MALE_YOUNG_LOW_INCOME,3,3.137992897097789,3,3.039797775887049
37,SIAgent6,OLD_HIGH_INCOME,2,2.0419546379611067,2,1.6001843317865703
37,SIAgent3,FEMALE_YOUNG_LOW_INCOME,3,3.194960722068966,3,3.168513348092472
37,SIAgent4,FEMALE_HIGH_INCOME,1,0.8848361336812377,5,0.8000921658932851
37,SIAgent1,FEMALE_YOUNG_LOW_INCOME,3,3.278786799870221,3,3.1949607220689664
37,SIAgent2,OLD_LOW_INCOME,6,6.133594244231948,7,5.909524994497834
37,SIAgent0,MALE_YOUNG,4,3.165547919787985,53,3.165547919787985
38,SIAgent10,MALE_HIGH_INCOME,2,1.873460199666852,2,1.7191326772308237
38,SIAgent11,YOUNG_HIGH_INCOME,2,1.876661248244438,2,1.873460199666852
38,SIAgent12,YOUNG_LOW_INCOME,6,6.591607713819892,6,6.13268105364272
38,WEAgent18,MALE_OLD_HIGH_INCOME,2,2.2849485577274833,2,1.7191326772308237
38,SIAgent13,MALE_LOW_INCOME,6,6.918572265858657,6,6.415834819511198
38,WEAgent19,MALE_LOW_INCOME,6,5.1573980316924715,6,5.1573980316924715
38,SIAgent14,MALE_OLD_HIGH_INCOME,2,1.980980471284487,2,1.8974141840502046
38,WEAgent16,FEMALE_LOW_INCOME,7,6.287283118083373,382,6.287283118083373
38,WEAgent17,MALE_OLD,4,3.8435453554839296,138,2.5786990158462357
38,WEAgent14,YOUNG_LOW_INCOME,6,6.214660905353846,7,6.016964370307884
38,WEAgent15,FEMALE_OLD,5,4.999469120032215,68,1.7191326772308237
38,WEAgent12,MALE_YOUNG,4,4.199101603113416,97,0.8595663386154119
38,WEAgent13,FEMALE_OLD_HIGH_INCOME,1,0.959461344243183,1,0.8595663386154119
38,WEAgent9,FEMALE_HIGH_INCOME,1,1.1965924877456877,1,0.8595663386154119
38,WEAgent10,MALE_HIGH_INCOME,2,1.945521717289618,2,1.7191326772308237
38,WEAgent11,YOUNG_HIGH_INCOME,2,2.231716330392505,2,1.7191326772308237
38,WEAgent7,FEMALE_LOW_INCOME,7,6.817558341410982,7,6.287283118083373
38,WEAgent8,YOUNG_LOW_INCOME,6,5.981214123310883,6,5.1573980316924715
38,WEAgent1,FEMALE_YOUNG,4,3.919571463778428,56,0.0
38,WEAgent2,OLD_HIGH_INCOME,2,1.8195839052933187,2,1.7191326772308237
38,WEAgent0,YOUNG_LOW_INCOME,6,6.013913133591231,6,5.1573980316924715
38,SIAgent9,MALE_OLD,4,3.794828368100409,4,3.675341905389506
38,WEAgent5,FEMALE_HIGH_INCOME,1,1.1458906015345702,1,0.8595663386154119
38,WEAgent6,YOUNG_LOW_INCOME,6,6.023375215895122,321,4.297831693077059
38,SIAgent7,MALE_LOW_INCOME,6,5.7952084456720385,6,5.548943834659288
38,WEAgent3,MALE_OLD,4,4.464957751457308,5,4.297831693077059
38,SIAgent8,MALE_LOW_INCOME,6,6.240061925202503,6,5.7952084456720385
38,WEAgent4,YOUNG_LOW_INCOME,6,5.5628896163669594,6,5.1573980316924715
38,SIAgent5,MALE_LOW_INCOME,6,5.405645117167963,10,5.1573980316924715
38,SIAgent6,MALE_HIGH_INCOME,2,2.0179304475549,2,1.876661248244438
38,SIAgent3,FEMALE_HIGH_INCOME,1,1.3127686322533862,1,1.0832273683488778
38,SIAgent4,OLD_HIGH_INCOME,2,2.0109096068387418,2,1.7575319513798193
38,SIAgent1,FEMALE_LOW_INCOME,7,7.154794562583174,13,6.287283118083373
38,SIAgent2,FEMALE_YOUNG_HIGH_INCOME,1,1.0832273683488778,1,0.8595663386154119
38,SIAgent0,OLD_HIGH_INCOME,2,1.7575319513798193,2,1.7191326772308237
39,SIAgent10,OLD_LOW_INCOME,6,6.313293095213674,6,6.113557483038957
39,SIAgent11,OLD_LOW_INCOME,6,5.748964945157949,6,5.112993630115299
39,SIAgent12,FEMALE_YOUNG_LOW_INCOME,3,2.657730248567809,3,2.5949043432754157
39,WEAgent18,MALE_OLD_HIGH_INCOME,2,1.6901001653239127,2,1.6901001653239127
39,SIAgent13,MALE_YOUNG,4,4.318819814230667,4,4.018842887870051
39,WEAgent19,FEMALE_YOUNG_LOW_INCOME,3,2.5949043432754157,362,1.729936228850277
39,SIAgent14,FEMALE_YOUNG_LOW_INCOME,3,2.9448767145789434,3,2.9037848942552467
39,WEAgent16,FEMALE_YOUNG_LOW_INCOME,3,2.6385693799341534,3,2.5949043432754157
39,WEAgent17,FEMALE_OLD_LOW_INCOME,4,4.367704972184504,470,0.0
39,WEAgent14,MALE_YOUNG_LOW_INCOME,3,2.7052357134650915,3,2.5949043432754157
39,WEAgent15,MALE_OLD,4,3.731025476023215,4,3.3802003306478254
39,WEAgent12,MALE_YOUNG_HIGH_INCOME,1,1.0215409567875842,1,0.8649681144251385
39,WEAgent13,FEMALE_OLD_LOW_INCOME,4,3.408662420076866,4,3.408662420076866
39,WEAgent9,MALE_LOW_INCOME,6,6.503670015717894,355,0.0
39,WEAgent10,FEMALE_OLD_HIGH_INCOME,1,0.8152052108644798,1,0.8152052108644798
39,WEAgent11,MALE_OLD_HIGH_INCOME,2,1.8901463245702106,2,1.6901001653239127
39,WEAgent7,YOUNG_HIGH_INCOME,2,2.2736639928215805,40,0.0
39,WEAgent8,MALE_OLD,4,4.3933006594617865,143,1.6901001653239127
39,WEAgent1,OLD_HIGH_INCOME,2,1.809151908442222,2,1.6304104217289597
39,WEAgent2,MALE_YOUNG,4,3.9504391719868397,4,3.459872457700554
39,WEAgent0,OLD_HIGH_INCOME,2,2.5297548167501653,75,0.8152052108644798
39,SIAgent9,OLD_HIGH_INCOME,2,1.7498521899314807,2,1.6602552935264363
39,WEAgent5,YOUNG_LOW_INCOME,6,5.626398484904743,358,0.0
39,WEAgent6,YOUNG_HIGH_INCOME,2,2.346923275448822,2,1.729936228850277
39,SIAgent7,YOUNG_LOW_INCOME,6,6.028264331805076,6,5.876056155716655
39,WEAgent3,FEMALE_YOUNG_HIGH_INCOME,1,1.0389071966253742,1,0.8649681144251385
39,SIAgent8,MALE_YOUNG_HIGH_INCOME,1,0.9151684571285427,1,0.8849530950697478
39,WEAgent4,MALE_YOUNG_HIGH_INCOME,1,1.093106769884967,111,0.8649681144251385
39,SIAgent5,MALE_YOUNG,4,3.5398123802789914,4,3.459872457700554
39,SIAgent6,MALE_OLD,4,3.953572054864208,4,3.7731611903871722
39,SIAgent3,OLD_HIGH_INCOME,2,1.8766669107961205,2,1.7498521899314807
39,SIAgent4,FEMALE_YOUNG_HIGH_INCOME,1,1.0964939652080128,1,0.8649681144251385
39,SIAgent1,YOUNG_LOW_INCOME,6,5.807569788510493,6,5.311632545990864
39,SIAgent2,FEMALE_OLD,5,5.247297403151338,5,4.828200498134697
39,SIAgent0,FEMALE_OLD_LOW_INCOME,4,3.8625603985077572,4,3.832643296771966
40,SIAgent10,FEMALE_OLD_HIGH_INCOME,1,0.8664399721077254,1,0.7968087101092607
40,SIAgent11,MALE_YOUNG_HIGH_INCOME,1,0.9985870135846722,1,0.864728002202717
40,SIAgent12,FEMALE_YOUNG_LOW_INCOME,3,3.3444662556175406,3,3.2924044930798613
40,WEAgent18,MALE_OLD_HIGH_INCOME,2,2.051840073911217,152,1.5936174202185214
40,SIAgent13,FEMALE_LOW_INCOME,7,7.682277150519677,7,7.412271711352484
40,WEAgent19,MALE_OLD,4,3.4823458646837993,4,3.1872348404370427
40,SIAgent14,MALE_YOUNG,4,3.458912008810868,4,3.1872348404370427
40,WEAgent16,MALE_HIGH_INCOME,2,1.774219895402007,2,1.5936174202185214
40,WEAgent17,FEMALE_HIGH_INCOME,1,0.8309538711740825,1,0.7968087101092607
40,WEAgent14,MALE_YOUNG,4,3.8074052939739933,4,3.1872348404370427
40,WEAgent15,FEMALE_LOW_INCOME,7,7.064793028726049,8,6.3744696808740855
40,WEAgent12,FEMALE_OLD,5,4.130453271610886,5,3.9840435505463034
40,WEAgent13,MALE_LOW_INCOME,6,6.161192534018023,381,2.390426130327782
40,WEAgent9,MALE_HIGH_INCOME,2,2.013026465704731,2,1.5936174202185214
40,WEAgent10,MALE_YOUNG,4,4.027278338301188,78,0.0
40,WEAgent11,OLD_HIGH_INCOME,2,2.107965635267559,70,1.5936174202185214
40,WEAgent7,FEMALE_YOUNG,4,3.8728449539951213,46,3.1872348404370427
40,WEAgent8,MALE_OLD_LOW_INCOME,3,3.3909495332244486,4,3.1872348404370427
40,WEAgent1,FEMALE_OLD_HIGH_INCOME,1,0.9250471995042926,1,0.7968087101092607
40,WEAgent2,FEMALE_YOUNG_LOW_INCOME,3,3.1440856341569097,3,2.390426130327782
40,WEAgent0,FEMALE_LOW_INCOME,7,5.577660970764825,369,3.9840435505463034
40,SIAgent9,FEMALE_LOW_INCOME,7,7.378424048000328,7,6.780640245589635
40,WEAgent5,FEMALE_OLD,5,5.583688697376189,7,5.577660970764825
40,WEAgent6,MALE_OLD,4,3.7857041250350596,4,3.1872348404370427
40,SIAgent7,FEMALE_HIGH_INCOME,1,1.0689151785914115,1,0.8979297746265197
40,WEAgent3,YOUNG_LOW_INCOME,6,5.872713263811583,360,0.0
40,SIAgent8,OLD_HIGH_INCOME,2,1.7958595492530394,2,1.663248682216986
40,WEAgent4,YOUNG_HIGH_INCOME,2,2.2327236205082306,2,1.5936174202185214
40,SIAgent5,FEMALE_OLD_LOW_INCOME,4,3.8746515689083627,444,0.0
40,SIAgent6,FEMALE_YOUNG_LOW_INCOME,3,2.681542321292649,3,2.390426130327782
40,SIAgent3,YOUNG_LOW_INCOME,6,5.861171890244282,6,5.1883680132163015
40,SIAgent4,FEMALE_YOUNG,4,3.826323966274909,4,3.5753897617235317
40,SIAgent1,MALE_YOUNG_HIGH_INCOME,1,1.075628091292053,1,0.9985870135846722
40,SIAgent2,YOUNG_LOW_INCOME,6,5.9898649495428025,6,5.861171890244282
40,SIAgent0,FEMALE_LOW_INCOME,7,7.412271711352484,7,7.378424048000328
41,SIAgent10,OLD_HIGH_INCOME,2,1.5791676653532682,9,1.5791676653532682
41,SIAgent11,FEMALE_OLD_HIGH_INCOME,1,0.9575660838563108,1,0.8332867269706199
41,SIAgent12,FEMALE_YOUNG_HIGH_INCOME,1,0.9030059340481413,1,0.8558333275932635
41,WEAgent18,MALE_HIGH_INCOME,2,2.1581924269443857,2,1.7079943414424907
41,SIAgent13,FEMALE_OLD_LOW_INCOME,4,3.795239232740574,4,3.741489502588591
41,WEAgent19,MALE_YOUNG_LOW_INCOME,3,3.1475985825167854,3,2.561991512163736
41,SIAgent14,YOUNG_LOW_INCOME,6,5.71728707572429,6,5.440009175385136
41,WEAgent16,FEMALE_LOW_INCOME,7,8.02849620619578,8,7.222328964421025
41,WEAgent17,FEMALE_YOUNG_LOW_INCOME,3,2.708373361657885,3,2.708373361657885
41,WEAgent14,MALE_HIGH_INCOME,2,2.2656713579189502,2,1.7079943414424907
41,WEAgent15,FEMALE_YOUNG_HIGH_INCOME,1,1.1944458002177518,1,0.8558333275932635
41,WEAgent12,FEMALE_LOW_INCOME,7,6.393852617605365,332,6.319537843868397
41,WEAgent13,FEMALE_YOUNG,4,3.4598501304081273,48,2.5674999827797906
41,WEAgent9,MALE_YOUNG_LOW_INCOME,3,3.255097964155011,3,2.561991512163736
41,WEAgent10,MALE_YOUNG_HIGH_INCOME,1,1.2023858774801028,1,0.8539971707212454
41,WEAgent11,FEMALE_LOW_INCOME,7,7.303991810654026,8,7.222328964421025
41,WEAgent7,MALE_YOUNG_LOW_INCOME,3,3.000141141661275,3,2.561991512163736
41,WEAgent8,MALE_YOUNG,4,3.9286525979963214,84,0.8539971707212454
41,WEAgent1,MALE_YOUNG_LOW_INCOME,3,2.669791023257255,3,2.561991512163736
41,WEAgent2,FEMALE_OLD,5,5.625311879940407,69,0.0
41,WEAgent0,YOUNG_LOW_INCOME,6,5.123983024327472,358,5.123983024327472
41,SIAgent9,FEMALE_OLD_HIGH_INCOME,1,0.8332867269706199,1,0.7895838326766341
41,WEAgent5,MALE_OLD,4,4.311570967833158,5,3.9479191633831707
41,WEAgent6,OLD_HIGH_INCOME,2,1.7879230059023914,2,1.5791676653532682
41,SIAgent7,MALE_HIGH_INCOME,2,2.1783456379025097,2,2.0901138532268
41,WEAgent3,OLD_HIGH_INCOME,2,2.139300642965289,2,1.5791676653532682
41,SIAgent8,FEMALE_LOW_INCOME,7,6.745756694387799,7,6.64981139950048
41,WEAgent4,FEMALE_YOUNG,4,3.423333310373054,4,3.423333310373054
41,SIAgent5,FEMALE_OLD_LOW_INCOME,4,3.741489502588591,500,0.0
41,SIAgent6,MALE_HIGH_INCOME,2,2.0139226366103933,2,1.7079943414424907
41,SIAgent3,MALE_OLD,4,4.493729287925731,4,4.407937950916575
41,SIAgent4,YOUNG_LOW_INCOME,6,5.440009175385136,6,5.270364873821621
41,SIAgent1,OLD_LOW_INCOME,6,7.356451077912841,6,6.261335549253356
41,SIAgent2,OLD_HIGH_INCOME,2,2.166305069843207,2,1.9645274021615076
41,SIAgent0,MALE_LOW_INCOME,6,6.637530263930641,10,5.71728707572429
42,SIAgent10,FEMALE_HIGH_INCOME,1,0.9325831594732736,1,0.8133187429642655
42,SIAgent11,MALE_OLD,4,4.12663969266641,4,3.799273562182613
42,SIAgent12,FEMALE_LOW_INCOME,7,6.996475921896854,7,6.967227911509477
42,WEAgent18,FEMALE_HIGH_INCOME,1,0.9093947091522097,1,0.8133187429642655
42,SIAgent13,FEMALE_YOUNG_LOW_INCOME,3,3.1841382474562008,3,3.0924007231502375
42,WEAgent19,YOUNG_LOW_INCOME,6,5.751352187977462,6,5.282351705072321
42,SIAgent14,FEMALE_YOUNG_LOW_INCOME,3,3.3036559647503614,3,3.1841382474562003
42,WEAgent16,YOUNG_LOW_INCOME,6,5.282351705072321,342,4.401959754226934
42,WEAgent17,FEMALE_HIGH_INCOME,1,1.0745317728971986,1,0.8133187429642655
42,WEAgent14,MALE_OLD,4,3.907598069156472,4,3.253274971857062
42,WEAgent15,FEMALE_HIGH_INCOME,1,0.9033050096717521,1,0.8133187429642655
42,WEAgent12,OLD_LOW_INCOME,6,5.990779216822978,7,5.810937325324464
42,WEAgent13,OLD_LOW_INCOME,6,5.961930632414062,7,5.810937325324464
42,WEAgent9,MALE_OLD_HIGH_INCOME,2,1.626637485928531,2,1.626637485928531
42,WEAgent10,MALE_HIGH_INCOME,2,2.066831426046704,106,0.0
42,WEAgent11,FEMALE_YOUNG,4,4.399393565217165,51,1.626637485928531
42,WEAgent7,OLD_HIGH_INCOME,2,2.0280874699845355,67,1.626637485928531
42,WEAgent8,OLD_LOW_INCOME,6,6.907326533326861,8,6.641071228942245
42,WEAgent1,OLD_LOW_INCOME,6,4.980803421706684,6,4.980803421706684
42,WEAgent2,MALE_LOW_INCOME,6,5.934092575026562,329,5.810937325324464
42,WEAgent0,FEMALE_YOUNG_HIGH_INCOME,1,1.0232518918074112,1,0.8133187429642655
42,SIAgent9,FEMALE_OLD_HIGH_INCOME,1,1.1317101094902595,1,0.9325831594732736
42,WEAgent5,OLD_HIGH_INCOME,2,1.8821648027617905,2,1.626637485928531
42,WEAgent6,FEMALE_LOW_INCOME,7,6.84185957695662,389,0.0
42,SIAgent7,FEMALE_YOUNG,4,4.123200964200317,4,4.06448678547846
42,WEAgent3,MALE_OLD,4,3.977807231406926,141,0.8133187429642655
42,SIAgent8,YOUNG_LOW_INCOME,6,6.090682261334062,6,5.282351705072321
42,WEAgent4,YOUNG_HIGH_INCOME,2,2.0185994147037603,2,1.626637485928531
42,SIAgent5,MALE_OLD_LOW_INCOME,3,2.969976775528604,3,2.490401710853342
42,SIAgent6,FEMALE_LOW_INCOME,7,6.462166543190679,21,6.462166543190679
42,SIAgent3,MALE_YOUNG_HIGH_INCOME,1,0.9829043081960191,1,0.8133187429642655
42,SIAgent4,MALE_OLD,4,4.3816115199974845,4,4.12663969266641
42,SIAgent1,FEMALE_YOUNG,4,4.06448678547846,4,3.7020831065549933
42,SIAgent2,FEMALE_LOW_INCOME,7,7.911756803204593,7,7.301642205834278
42,SIAgent0,OLD_LOW_INCOME,6,5.971909638436695,6,5.806302332092619
43,SIAgent10,MALE_OLD_LOW_INCOME,3,2.87255542939808,3,2.5627017709944413
43,SIAgent11,FEMALE_OLD_LOW_INCOME,4,3.650910137140249,4,3.650910137140249
43,SIAgent12,MALE_LOW_INCOME,6,6.225299724752264,6,6.141803567869421
43,WEAgent18,MALE_YOUNG_HIGH_INCOME,1,0.8236472565664603,1,0.8236472565664603
43,SIAgent13,FEMALE_OLD_HIGH_INCOME,1,0.9894516333237915,1,0.8554110234192829
43,WEAgent19,OLD_HIGH_INCOME,2,2.117127821187356,2,1.6848865136639166
43,SIAgent14,OLD_HIGH_INCOME,2,1.7108220468385658,2,1.6848865136639166
43,WEAgent16,FEMALE_YOUNG_LOW_INCOME,3,3.4016503374362306,389,1.726983163588622
43,WEAgent17,OLD_LOW_INCOME,6,7.07712824373769,302,5.897102797823709
43,WEAgent14,MALE_YOUNG_HIGH_INCOME,1,1.0319410974007917,1,0.8236472565664603
43,WEAgent15,MALE_HIGH_INCOME,2,2.1132233169768933,2,1.6472945131329206
43,WEAgent12,MALE_LOW_INCOME,6,5.767514889365924,6,5.05465954099175
43,WEAgent13,OLD_HIGH_INCOME,2,1.7788879613041466,2,1.6848865136639166
43,WEAgent9,YOUNG_HIGH_INCOME,2,2.060321388364497,48,0.0
43,WEAgent10,MALE_LOW_INCOME,6,5.6131815471883275,6,5.05465954099175
43,WEAgent11,OLD_LOW_INCOME,6,5.225265207241618,6,5.05465954099175
43,WEAgent7,OLD_HIGH_INCOME,2,1.9978387721735398,65,1.6848865136639166
43,WEAgent8,MALE_OLD,4,4.3630720676872174,5,4.212216284159791
43,WEAgent1,OLD_HIGH_INCOME,2,2.0539011120103075,2,1.6848865136639166
43,WEAgent2,FEMALE_OLD_LOW_INCOME,4,3.916781353013876,4,3.650910137140249
43,WEAgent0,MALE_YOUNG_HIGH_INCOME,1,1.149604750030533,1,0.8236472565664603
43,SIAgent9,MALE_OLD,4,4.094535711912948,4,3.625858999770619
43,WEAgent5,MALE_OLD,4,4.436412431902812,154,3.3697730273278332
43,WEAgent6,MALE_YOUNG,4,3.9175222671794327,104,0.8236472565664603
43,SIAgent7,MALE_YOUNG_LOW_INCOME,3,3.062608720116926,384,0.0
43,WEAgent3,FEMALE_YOUNG_LOW_INCOME,3,3.0901155811309904,3,2.5904747453829327
43,SIAgent8,MALE_YOUNG_LOW_INCOME,3,3.576369048495577,3,3.238761083431581
43,WEAgent4,MALE_OLD_LOW_INCOME,3,2.527329770495875,3,2.527329770495875
43,SIAgent5,YOUNG_LOW_INCOME,6,6.477522166863162,6,6.1752585824930595
43,SIAgent6,FEMALE_YOUNG,4,4.621454311117333,4,4.062408339998042
43,SIAgent3,OLD_LOW_INCOME,6,5.539419192920418,6,5.476365205710374
43,SIAgent4,MALE_OLD_LOW_INCOME,3,2.5627017709944413,3,2.527329770495875
43,SIAgent1,FEMALE_LOW_INCOME,7,8.85956187209706,8,8.082273394105014
43,SIAgent2,FEMALE_LOW_INCOME,7,6.044441072560177,9,6.044441072560177
43,SIAgent0,MALE_YOUNG_HIGH_INCOME,1,0.8893982336266858,1,0.8236472565664603
44,SIAgent10,MALE_HIGH_INCOME,2,1.9293054448833948,2,1.9205773709356644
44,SIAgent11,FEMALE_HIGH_INCOME,1,1.0328030853056374,1,0.9793229319026255
44,SIAgent12,FEMALE_YOUNG_LOW_INCOME,3,3.3153504336554156,3,3.1727393911717754
44,WEAgent18,FEMALE_YOUNG_HIGH_INCOME,1,0.9332990273060072,1,0.8004445305967502
44,SIAgent13,FEMALE_OLD_HIGH_INCOME,1,0.8921917365536163,1,0.8004445305967502
44,WEAgent19,FEMALE_OLD_HIGH_INCOME,1,0.8004445305967502,1,0.8004445305967502
44,SIAgent14,FEMALE_HIGH_INCOME,1,0.9793229319026255,1,0.9719493634960191
44,WEAgent16,FEMALE_YOUNG,4,3.8678258913551713,43,1.6008890611935005
44,WEAgent17,MALE_OLD_LOW_INCOME,3,3.284232636979577,332,0.7367210077229636
44,WEAgent14,FEMALE_YOUNG_LOW_INCOME,3,3.05320365941035,3,2.6715230601683047
44,WEAgent15,MALE_YOUNG_LOW_INCOME,3,3.2529916593737016,3,2.6715230601683047
44,WEAgent12,OLD_HIGH_INCOME,2,2.19985962849147,2,1.6008890611935005
44,WEAgent13,OLD_HIGH_INCOME,2,1.9148278304475674,2,1.6008890611935005
44,WEAgent9,YOUNG_LOW_INCOME,6,6.5793698007608485,7,6.196555633079678
44,WEAgent10,FEMALE_LOW_INCOME,7,6.7752804590563604,7,6.233553807059376
44,WEAgent11,FEMALE_OLD,5,5.17576167883845,6,4.8026671835805015
44,WEAgent7,MALE_HIGH_INCOME,2,1.858235851499943,105,1.7440171994658362
44,WEAgent8,MALE_YOUNG,4,3.6151600343385537,4,3.4880343989316724
44,WEAgent1,FEMALE_LOW_INCOME,7,6.233553807059377,7,6.233553807059376
44,WEAgent2,MALE_YOUNG_LOW_INCOME,3,3.163120597304016,3,2.6715230601683047
44,WEAgent0,MALE_OLD_LOW_INCOME,3,3.5869490330142666,4,2.9468840308918542
44,SIAgent9,MALE_YOUNG_LOW_INCOME,3,3.3168910040081805,3,2.9121963358315375
44,WEAgent5,FEMALE_LOW_INCOME,7,7.541992879014878,332,6.233553807059376
44,WEAgent6,FEMALE_OLD,5,4.463167698340304,68,2.4013335917902507
44,SIAgent7,FEMALE_YOUNG_LOW_INCOME,3,3.407869754598397,3,3.315350433655416
44,WEAgent3,FEMALE_LOW_INCOME,7,6.6592293134959535,7,6.233553807059376
44,SIAgent8,FEMALE_YOUNG_LOW_INCOME,3,2.945020191128955,3,2.6715230601683047
44,WEAgent4,MALE_OLD_LOW_INCOME,3,2.210163023168891,3,2.2101630231688905
44,SIAgent5,FEMALE_OLD,5,4.8597468174800955,57,4.460958682768082
44,SIAgent6,MALE_YOUNG,4,3.882928447775383,4,3.710320818328931
44,SIAgent3,MALE_HIGH_INCOME,2,1.9205773709356644,3,1.7440171994658362
44,SIAgent4,FEMALE_YOUNG_LOW_INCOME,3,2.987836059222733,3,2.945020191128955
44,SIAgent1,MALE_YOUNG,4,3.4880343989316724,28,3.4880343989316724
44,SIAgent2,FEMALE_YOUNG_HIGH_INCOME,1,1.033744680563302,1,1.0328030853056374
44,SIAgent0,FEMALE_YOUNG,4,4.230319188229034,4,4.059380067275093
45,SIAgent10,OLD_HIGH_INCOME,2,2.1044136012568493,2,2.019519599579218
45,SIAgent11,OLD_LOW_INCOME,6,6.068511081348121,6,5.964278054499535
45,SIAgent12,YOUNG_LOW_INCOME,6,6.847066174016345,6,6.329239655773214
45,WEAgent18,FEMALE_OLD_HIGH_INCOME,1,0.9063528553460326,1,0.9063528553460326
45,SIAgent13,FEMALE_OLD,5,5.968270119323434,5,5.2644296928417935
45,WEAgent19,OLD_HIGH_INCOME,2,2.226583688526962,2,1.8127057106920652
45,SIAgent14,OLD_HIGH_INCOME,2,2.112317093347049,2,2.1044136012568493
45,WEAgent16,FEMALE_YOUNG_HIGH_INCOME,1,0.8903785491353997,1,0.7502665950792644
45,WEAgent17,FEMALE_HIGH_INCOME,1,1.1520312886597641,1,0.7502665950792644
45,WEAgent14,MALE_YOUNG,4,4.022430582909099,94,1.5005331901585288
45,WEAgent15,MALE_HIGH_INCOME,2,2.2498841125736915,2,1.5005331901585288
45,WEAgent12,FEMALE_LOW_INCOME,7,7.699007916290614,7,6.860992560891924
45,WEAgent13,OLD_HIGH_INCOME,2,1.9888256955305854,79,0.9063528553460326
45,WEAgent9,MALE_YOUNG_HIGH_INCOME,1,1.0238856649209989,1,0.7502665950792644
45,WEAgent10,YOUNG_LOW_INCOME,6,6.498080176788749,8,6.002132760634115
45,WEAgent11,MALE_YOUNG_LOW_INCOME,3,3.1491124456425723,4,3.0010663803170576
45,WEAgent7,YOUNG_LOW_INCOME,6,5.274994699109393,319,5.251866165554851
45,WEAgent8,MALE_OLD_HIGH_INCOME,2,2.019519599579218,157,0.0
45,WEAgent1,FEMALE_HIGH_INCOME,1,0.9291204477095564,1,0.7502665950792644
45,WEAgent2,MALE_LOW_INCOME,6,6.282809094163739,8,6.002132760634115
45,WEAgent0,MALE_YOUNG_LOW_INCOME,3,2.2507997852377932,3,2.2507997852377932
45,SIAgent9,FEMALE_YOUNG,4,3.920567177652528,5,3.8729700294556175
45,WEAgent5,FEMALE_HIGH_INCOME,1,0.9263365216639088,1,0.7502665950792644
45,WEAgent6,MALE_YOUNG_HIGH_INCOME,1,0.757428757509805,1,0.7502665950792644
45,SIAgent7,FEMALE_LOW_INCOME,7,7.364474505794471,7,7.16713307157542
45,WEAgent3,FEMALE_YOUNG,4,4.176621004982633,35,1.5005331901585288
45,SIAgent8,MALE_YOUNG_LOW_INCOME,3,3.173036296147012,4,3.0010663803170576
45,WEAgent4,MALE_YOUNG_LOW_INCOME,3,2.700674924113796,3,2.2507997852377932
45,SIAgent5,MALE_YOUNG_HIGH_INCOME,1,0.999017716859056,1,0.8340837912788303
45,SIAgent6,MALE_YOUNG_HIGH_INCOME,1,0.8340837912788303,1,0.7502665950792644
45,SIAgent3,FEMALE_YOUNG,4,3.098376023564494,27,3.0010663803170576
45,SIAgent4,MALE_YOUNG_LOW_INCOME,3,3.4583049874639014,3,3.4235330870081726
45,SIAgent1,OLD_LOW_INCOME,6,5.964278054499535,873,0.0
45,SIAgent2,FEMALE_HIGH_INCOME,1,1.1951660703866884,1,1.1936540238646869
45,SIAgent0,YOUNG_HIGH_INCOME,2,2.0138489872714076,2,1.979159511272188
46,SIAgent10,OLD_LOW_INCOME,6,7.130513687541139,6,6.365029718218581
46,SIAgent11,MALE_YOUNG_LOW_INCOME,3,2.66310783737768,3,2.48432481336497
46,SIAgent12,YOUNG_LOW_INCOME,6,6.132302961736335,6,5.806105838457214
46,WEAgent18,MALE_LOW_INCOME,6,6.603974821979966,356,3.3124330844866265
46,SIAgent13,FEMALE_YOUNG_HIGH_INCOME,1,0.9918492487490315,1,0.8281082711216566
46,WEAgent19,MALE_LOW_INCOME,6,6.754390665344761,8,6.624866168973254
46,SIAgent14,MALE_OLD_HIGH_INCOME,2,2.3817915729554398,2,2.101502615329629
46,WEAgent16,MALE_OLD_LOW_INCOME,3,2.984073252072967,3,2.48432481336497
46,WEAgent17,MALE_LOW_INCOME,6,5.966840082596977,7,5.796757897851597
46,WEAgent14,MALE_YOUNG_LOW_INCOME,3,2.9298843320608876,3,2.48432481336497
46,WEAgent15,FEMALE_YOUNG_LOW_INCOME,3,2.9712554415351007,3,2.7653920079133534
46,WEAgent12,OLD_HIGH_INCOME,2,2.180674902499334,2,1.6562165422433133
46,WEAgent13,YOUNG_LOW_INCOME,6,6.861660154771985,8,6.624866168973254
46,WEAgent9,FEMALE_OLD,5,4.603467505686247,52,4.140541355608283
46,WEAgent10,MALE_YOUNG_LOW_INCOME,3,3.139329256739758,3,2.48432481336497
46,WEAgent11,FEMALE_OLD_HIGH_INCOME,1,1.0755864712292684,1,0.8281082711216566
46,WEAgent7,YOUNG_HIGH_INCOME,2,2.0569949820559317,46,0.0
46,WEAgent8,MALE_OLD,4,4.464395064761404,142,0.0
46,WEAgent1,MALE_OLD_LOW_INCOME,3,2.6501992755118406,3,2.48432481336497
46,WEAgent2,MALE_OLD_HIGH_INCOME,2,1.988052514572025,2,1.6562165422433133
46,WEAgent0,YOUNG_LOW_INCOME,6,4.96864962672994,346,4.96864962672994
46,SIAgent9,FEMALE_YOUNG,4,4.335070369483909,4,4.08820197449089
46,WEAgent5,FEMALE_OLD_HIGH_INCOME,1,0.9387061129467232,1,0.8281082711216566
46,WEAgent6,MALE_OLD,4,3.96719351776549,4,3.3124330844866265
46,SIAgent7,FEMALE_OLD,5,4.454575207992915,41,4.140541355608283
46,WEAgent3,FEMALE_YOUNG_LOW_INCOME,3,2.7653920079133534,402,1.8435946719422356
46,SIAgent8,MALE_OLD_HIGH_INCOME,2,2.0508877658496085,2,1.6562165422433133
46,WEAgent4,MALE_YOUNG,4,3.7853136890762293,108,0.0
46,SIAgent5,MALE_OLD_LOW_INCOME,3,3.0928009273707593,3,2.48432481336497
46,SIAgent6,FEMALE_OLD_LOW_INCOME,4,4.243202846309035,4,3.5636601663943317
46,SIAgent3,FEMALE_YOUNG_LOW_INCOME,3,3.0023274817970824,3,2.7653920079133534
46,SIAgent4,MALE_OLD_HIGH_INCOME,2,2.101502615329629,2,2.0508877658496085
46,SIAgent1,FEMALE_OLD_HIGH_INCOME,1,1.0001346192337386,1,0.8909150415985829
46,SIAgent2,MALE_YOUNG_LOW_INCOME,3,2.8037783566601324,3,2.66310783737768
46,SIAgent0,FEMALE_OLD_LOW_INCOME,4,4.303162433304743,4,4.243202846309035
47,SIAgent10,FEMALE_OLD,5,5.691608774629301,5,5.130916750060015
47,SIAgent11,MALE_LOW_INCOME,6,5.998731401181049,14,5.998731401181048
47,SIAgent12,MALE_YOUNG_HIGH_INCOME,1,0.8423035325014296,1,0.8423035325014296
47,WEAgent18,MALE_OLD_HIGH_INCOME,2,2.043691744532274,2,1.6197158139365102
47,SIAgent13,FEMALE_OLD,5,5.97471038625567,5,5.691608774629301
47,WEAgent19,FEMALE_OLD_LOW_INCOME,4,4.064508047242527,470,0.0
47,SIAgent14,FEMALE_HIGH_INCOME,1,1.0412678573140601,1,0.9695021987331656
47,WEAgent16,MALE_OLD_HIGH_INCOME,2,1.9094454198488235,2,1.6197158139365102
47,WEAgent17,FEMALE_YOUNG,4,4.083790186413886,4,3.3692141300057186
47,WEAgent14,MALE_OLD_HIGH_INCOME,2,2.12583786972149,2,1.6197158139365102
47,WEAgent15,FEMALE_OLD,5,4.561595692523361,4,3.649276554018689
47,WEAgent12,MALE_OLD,4,4.42102065696435,158,4.049289534841275
47,WEAgent13,YOUNG_HIGH_INCOME,2,2.08214367317345,2,1.6846070650028593
47,WEAgent9,MALE_OLD_LOW_INCOME,3,3.139167934522594,350,0.0
47,WEAgent10,FEMALE_YOUNG,4,3.827862810512315,35,0.0
47,WEAgent11,FEMALE_YOUNG_LOW_INCOME,3,2.6262237534777677,386,0.0
47,WEAgent7,MALE_YOUNG,4,4.3043512604631085,84,2.5269105975042887
47,WEAgent8,YOUNG_HIGH_INCOME,2,1.9579668561600303,2,1.6846070650028593
47,WEAgent1,MALE_YOUNG_HIGH_INCOME,1,1.0636848687343625,1,0.8423035325014296
47,WEAgent2,YOUNG_HIGH_INCOME,2,2.0882553557779246,2,1.6846070650028593
47,WEAgent0,MALE_OLD,4,3.2394316278730204,4,3.2394316278730204
47,SIAgent9,MALE_YOUNG_HIGH_INCOME,1,0.9695429142490523,1,0.9695021987331656
47,WEAgent5,MALE_YOUNG,4,3.709297885654533,4,3.3692141300057186
47,WEAgent6,FEMALE_YOUNG_HIGH_INCOME,1,1.0612754610084032,1,0.8423035325014296
47,SIAgent7,MALE_OLD_HIGH_INCOME,2,1.8062939043324011,2,1.6197158139365102
47,WEAgent3,MALE_YOUNG,4,4.570027456675986,5,4.211517662507148
47,SIAgent8,FEMALE_OLD_HIGH_INCOME,1,0.9346022802157286,1,0.9123191385046723
47,WEAgent4,FEMALE_OLD,5,4.784284493760267,58,3.649276554018689
47,SIAgent5,FEMALE_OLD_HIGH_INCOME,1,0.9856109732958549,1,0.9346022802157286
47,SIAgent6,MALE_OLD_LOW_INCOME,3,3.1064224990998013,3,2.9993657005905243
47,SIAgent3,YOUNG_HIGH_INCOME,2,1.9390043974663311,2,1.9020858695380802
47,SIAgent4,MALE_OLD_HIGH_INCOME,2,1.9039317899126933,2,1.8914631800426391
47,SIAgent1,MALE_YOUNG_LOW_INCOME,3,3.3345423391524194,3,2.9993657005905243
47,SIAgent2,MALE_OLD_HIGH_INCOME,2,1.8914631800426391,2,1.8062939043324011
47,SIAgent0,MALE_YOUNG_HIGH_INCOME,1,0.9510429347690401,1,0.8423035325014296
48,SIAgent10,OLD_LOW_INCOME,6,6.9285213535854435,7,6.49665138699261
48,SIAgent11,OLD_LOW_INCOME,6,5.371672735747012,6,5.120503913639218
48,SIAgent12,MALE_HIGH_INCOME,2,2.271599800315654,2,2.0202574405367675
48,WEAgent18,FEMALE_YOUNG,4,3.9105423453207817,51,0.0
48,SIAgent13,FEMALE_YOUNG_LOW_INCOME,3,2.7405751856226126,3,2.4703181703884827
48,WEAgent19,MALE_LOW_INCOME,6,6.499710673154116,7,5.764075730906461
48,SIAgent14,MALE_OLD,4,4.040514881073535,4,3.706086908307675
48,WEAgent16,MALE_YOUNG,4,4.413713006297451,90,1.6468787802589886
48,WEAgent17,FEMALE_HIGH_INCOME,1,1.1400293307406255,1,0.8234393901294943
48,WEAgent14,MALE_OLD,4,3.6412217370638853,160,2.4703181703884827
48,WEAgent15,FEMALE_OLD_LOW_INCOME,4,4.246702537884581,5,4.117196950647472
48,WEAgent12,FEMALE_OLD_LOW_INCOME,4,3.8760832302019272,4,3.293757560517977
48,WEAgent13,MALE_OLD_LOW_INCOME,3,2.9389136401727836,3,2.4703181703884827
48,WEAgent9,FEMALE_OLD,5,4.618496299563197,65,2.4703181703884827
48,WEAgent10,FEMALE_LOW_INCOME,7,6.08302478485267,7,5.764075730906461
48,WEAgent11,MALE_OLD,4,3.379946891104379,4,3.293757560517977
48,WEAgent7,FEMALE_OLD_LOW_INCOME,4,4.35151423268469,476,2.4703181703884827
48,WEAgent8,FEMALE_LOW_INCOME,7,6.886892259535715,8,6.587515121035955
48,WEAgent1,FEMALE_LOW_INCOME,7,7.681251967986513,371,4.117196950647472
48,WEAgent2,MALE_HIGH_INCOME,2,2.077383703153217,2,1.6468787802589886
48,WEAgent0,OLD_LOW_INCOME,6,6.206963375454331,7,5.764075730906461
48,SIAgent9,OLD_LOW_INCOME,6,7.091866070258307,6,6.9285213535854435
48,WEAgent5,MALE_YOUNG_HIGH_INCOME,1,1.129972751624692,1,0.8234393901294943
48,WEAgent6,OLD_LOW_INCOME,6,5.313094340223256,6,4.940636340776966
48,SIAgent7,MALE_YOUNG,4,4.17550735233568,4,3.9414132927824013
48,WEAgent3,FEMALE_OLD_HIGH_INCOME,1,1.0370939244631756,1,0.8234393901294943
48,SIAgent8,FEMALE_OLD_LOW_INCOME,4,3.293757560517977,4,3.293757560517977
48,WEAgent4,MALE_LOW_INCOME,6,5.508253445981843,318,4.117196950647472
48,SIAgent5,OLD_HIGH_INCOME,2,1.8139470521082397,2,1.7068346378797394
48,SIAgent6,MALE_YOUNG_HIGH_INCOME,1,0.9859143023464546,1,0.9509970482376506
48,SIAgent3,MALE_LOW_INCOME,6,5.572082765611404,12,4.940636340776966
48,SIAgent4,FEMALE_YOUNG_LOW_INCOME,3,3.3793455518207636,3,2.7405751856226126
48,SIAgent1,FEMALE_OLD,5,4.267086594699348,5,4.117196950647472
48,SIAgent2,MALE_YOUNG_HIGH_INCOME,1,0.9509970482376506,1,0.8234393901294943
48,SIAgent0,MALE_LOW_INCOME,6,5.910997980871893,6,5.572082765611404
49,SIAgent10,YOUNG_HIGH_INCOME,2,1.940592271754301,2,1.802702154117673
49,SIAgent11,FEMALE_YOUNG_HIGH_INCOME,1,0.9013510770588365,1,0.8211056284148366
49,SIAgent12,MALE_YOUNG,4,3.2844225136593463,413,3.2844225136593463
49,WEAgent18,FEMALE_OLD,5,6.021489110483171,60,3.3176946808114725
49,SIAgent13,FEMALE_HIGH_INCOME,1,1.012456013114594,1,0.8294236702028681
49,WEAgent19,FEMALE_YOUNG,4,3.875304116099588,36,2.4633168852445095
49,SIAgent14,MALE_OLD_LOW_INCOME,3,2.4882710106086043,3,2.4882710106086043
49,WEAgent16,FEMALE_HIGH_INCOME,1,0.9904159707785647,1,0.8211056284148366
49,WEAgent17,FEMALE_HIGH_INCOME,1,0.861334916307011,1,0.8211056284148366
49,WEAgent14,FEMALE_HIGH_INCOME,1,0.9640581165211259,1,0.8211056284148366
49,WEAgent15,MALE_YOUNG_HIGH_INCOME,1,1.0552339916595324,1,0.8211056284148366
49,WEAgent12,MALE_YOUNG_LOW_INCOME,3,2.802893205299161,3,2.565627583843045
49,WEAgent13,MALE_YOUNG,4,3.91718568239889,4,3.2844225136593463
49,WEAgent9,OLD_HIGH_INCOME,2,2.4158236050690673,2,1.6588473404057362
49,WEAgent10,FEMALE_OLD,5,5.487641458860526,6,4.976542021217208
49,WEAgent11,MALE_HIGH_INCOME,2,1.835977234994929,2,1.6422112568296732
49,WEAgent7,FEMALE_YOUNG_HIGH_INCOME,1,0.9735913976012063,1,0.8211056284148366
49,WEAgent8,OLD_HIGH_INCOME,2,1.8048448410422522,2,1.6588473404057362
49,WEAgent1,MALE_YOUNG_LOW_INCOME,3,3.4075375095998046,3,2.770248981040116
49,WEAgent2,MALE_OLD_HIGH_INCOME,2,1.8874305417178423,156,0.0
49,WEAgent0,MALE_HIGH_INCOME,2,1.7971177826550597,2,1.6422112568296732
49,SIAgent9,MALE_OLD,4,3.625989259363615,4,3.3725435744886005
49,WEAgent5,FEMALE_OLD,5,4.632449107171567,5,4.14711835101434
49,WEAgent6,OLD_HIGH_INCOME,2,2.2285119835579015,2,1.6588473404057362
49,SIAgent7,MALE_OLD_HIGH_INCOME,2,1.9291772319676188,2,1.8129946296818076
49,WEAgent3,OLD_HIGH_INCOME,2,2.108598644591775,2,1.6588473404057362
49,SIAgent8,MALE_YOUNG,4,4.212211930785808,4,3.910278198131325
49,WEAgent4,OLD_LOW_INCOME,6,5.336660140500915,363,3.3176946808114725
49,SIAgent5,FEMALE_LOW_INCOME,7,6.589372767488186,7,6.479422981815747
49,SIAgent6,FEMALE_LOW_INCOME,7,6.463914289093604,889,0.0
49,SIAgent3,OLD_LOW_INCOME,6,5.553791127270641,6,5.4559029012178915
49,SIAgent4,YOUNG_LOW_INCOME,6,6.429017489145533,6,5.648033800704159
49,SIAgent1,MALE_OLD,4,3.3725435744886005,4,3.3176946808114725
49,SIAgent2,YOUNG_HIGH_INCOME,2,1.76770288759995,2,1.6422112568296732
49,SIAgent0,MALE_YOUNG_LOW_INCOME,3,2.9545288895655357,3,2.770248981040116
50,SIAgent10,MALE_YOUNG,4,4.217695403288034,4,4.142884433647349
50,SIAgent11,FEMALE_LOW_INCOME,7,7.045967061886027,7,6.7248747230764465
50,SIAgent12,FEMALE_OLD_HIGH_INCOME,1,0.9867706629029128,1,0.9748069625819121
50,WEAgent18,FEMALE_YOUNG_HIGH_INCOME,1,1.05403838777679,1,0.8412977515448912
50,SIAgent13,FEMALE_LOW_INCOME,7,8.558714966858552,7,8.143180982869426
50,WEAgent19,MALE_OLD,4,4.148146908279221,4,3.3651910061795647
50,SIAgent14,FEMALE_LOW_INCOME,7,6.397530988256423,10,5.889084260814238
50,WEAgent16,YOUNG_LOW_INCOME,6,5.047786509269347,348,4.206488757724456
50,WEAgent17,MALE_OLD_HIGH_INCOME,2,2.025568621766889,161,1.6825955030897823
50,WEAgent14,FEMALE_OLD_LOW_INCOME,4,4.554180154893588,4,3.855557084046555
50,WEAgent15,FEMALE_YOUNG_HIGH_INCOME,1,0.9932683838077006,1,0.8412977515448912
50,WEAgent12,FEMALE_OLD_LOW_INCOME,4,3.918955632193621,4,3.855557084046555
50,WEAgent13,YOUNG_LOW_INCOME,6,7.510869721633758,343,0.0
50,WEAgent9,FEMALE_YOUNG_LOW_INCOME,3,3.0828440772692285,3,2.5238932546346735
50,WEAgent10,FEMALE_YOUNG_HIGH_INCOME,1,0.9394504872063371,36,0.0
50,WEAgent11,FEMALE_YOUNG_LOW_INCOME,3,3.2974555533553573,3,2.5238932546346735
50,WEAgent7,FEMALE_YOUNG,4,4.607006890954963,5,4.206488757724456
50,WEAgent8,MALE_HIGH_INCOME,2,2.1032975297434806,2,1.6825955030897823
50,WEAgent1,MALE_HIGH_INCOME,2,2.1901874007340663,2,1.6825955030897823
50,WEAgent2,MALE_HIGH_INCOME,2,2.020659933309815,84,0.8412977515448912
50,WEAgent0,FEMALE_OLD_LOW_INCOME,4,3.855557084046555,4,3.855557084046555
50,SIAgent9,MALE_YOUNG_LOW_INCOME,3,3.1071633252355113,3,3.081003002545943
50,WEAgent5,FEMALE_HIGH_INCOME,1,0.9816920222232697,1,0.8412977515448912
50,WEAgent6,FEMALE_OLD_LOW_INCOME,4,4.524244159608818,4,3.855557084046555
50,SIAgent7,FEMALE_HIGH_INCOME,1,1.1125328902873857,1,0.9867706629029128
50,WEAgent3,MALE_LOW_INCOME,6,6.214765765991636,370,5.047786509269347
50,SIAgent8,MALE_HIGH_INCOME,2,1.9070345844124952,2,1.7202252554011892
50,WEAgent4,OLD_LOW_INCOME,6,6.307274820462391,7,5.889084260814238
50,SIAgent5,MALE_YOUNG,4,4.108004003394591,4,3.3651910061795647
50,SIAgent6,FEMALE_YOUNG_HIGH_INCOME,1,1.0586012387447539,1,1.043725831108623
50,SIAgent3,FEMALE_LOW_INCOME,7,6.668999288063884,7,6.397530988256424
50,SIAgent4,YOUNG_HIGH_INCOME,2,2.087451662217246,2,2.0540020016972953
50,SIAgent1,FEMALE_OLD_HIGH_INCOME,1,0.9748069625819121,99,0.0
50,SIAgent2,MALE_OLD,4,3.5157100154251917,4,3.3651910061795647
50,SIAgent0,FEMALE_LOW_INCOME,7,8.143180982869426,8,8.052533785012601
51,SIAgent10,OLD_LOW_INCOME,6,5.891169324639224,6,5.6399935506721395
51,SIAgent11,MALE_OLD_LOW_INCOME,3,2.396241460562824,337,0.0
51,SIAgent12,FEMALE_OLD_HIGH_INCOME,1,0.9076742784471725,1,0.7987471535209414
51,WEAgent18,MALE_OLD,4,4.10089360130764,5,3.993735767604707
51,SIAgent13,MALE_OLD,4,4.4147951882294745,4,4.179351856298453
51,WEAgent19,YOUNG_LOW_INCOME,6,4.8467775106322994,343,3.2311850070881993
51,SIAgent14,FEMALE_YOUNG,4,4.07213010831082,4,3.590660870285933
51,WEAgent16,FEMALE_LOW_INCOME,7,7.874219212754915,388,4.026865968447997
51,WEAgent17,MALE_YOUNG,4,3.0332273241199137,4,3.0332273241199137
51,WEAgent14,YOUNG_LOW_INCOME,6,6.291814720088433,7,5.6545737624043495
51,WEAgent15,FEMALE_YOUNG_HIGH_INCOME,1,1.115473529426501,1,0.7886139430309672
51,WEAgent12,FEMALE_YOUNG_LOW_INCOME,3,3.020149476335998,3,3.020149476335998
51,WEAgent13,FEMALE_OLD,5,4.914120986905239,6,4.792482921125648
51,WEAgent9,FEMALE_YOUNG,4,4.857802727039256,52,0.7886139430309672
51,WEAgent10,FEMALE_OLD,5,4.850387685307392,80,0.7987471535209414
51,WEAgent11,FEMALE_HIGH_INCOME,1,0.9991666944658768,1,0.7886139430309672
51,WEAgent7,MALE_HIGH_INCOME,2,2.394536553244839,3,2.2749204930899354
51,WEAgent8,FEMALE_HIGH_INCOME,1,0.873394859353593,1,0.7886139430309672
51,WEAgent1,MALE_YOUNG_LOW_INCOME,3,3.449639957648695,4,3.2311850070881993
51,WEAgent2,MALE_OLD,4,3.5679870942302125,135,2.396241460562824
51,WEAgent0,FEMALE_OLD_HIGH_INCOME,1,1.059863157279548,1,0.7987471535209414
51,SIAgent9,FEMALE_YOUNG_HIGH_INCOME,1,0.7886139430309672,1,0.7886139430309672
51,WEAgent5,FEMALE_HIGH_INCOME,1,0.8496621643590663,1,0.7886139430309672
51,WEAgent6,MALE_OLD,4,4.415552813524036,5,3.993735767604707
51,SIAgent7,MALE_OLD_HIGH_INCOME,2,1.8335980579354794,2,1.5974943070418828
51,WEAgent3,MALE_YOUNG_HIGH_INCOME,1,0.9374684140842058,1,0.7583068310299784
51,SIAgent8,FEMALE_YOUNG,4,4.34765924662252,4,4.2421080429513225
51,WEAgent4,MALE_YOUNG,4,4.826078409208773,109,4.549840986179871
51,SIAgent5,MALE_OLD,4,3.9987413291128986,4,3.927446216426149
51,SIAgent6,OLD_HIGH_INCOME,2,2.179981191742004,2,1.9993706645564493
51,SIAgent3,FEMALE_OLD,5,5.113778994016275,5,4.909307770532687
51,SIAgent4,FEMALE_OLD,5,4.699994625560116,31,4.538371392235863
51,SIAgent1,YOUNG_LOW_INCOME,6,6.363162064426984,6,5.890199494347819
51,SIAgent2,MALE_YOUNG_LOW_INCOME,3,2.8361019131147036,3,2.4233887553161493
51,SIAgent0,MALE_YOUNG_HIGH_INCOME,1,0.9126532578400349,1,0.7583068310299784
52,SIAgent10,MALE_YOUNG_HIGH_INCOME,1,1.115302134997096,1,0.9720753445272685
52,SIAgent11,FEMALE_OLD,5,5.147535209188664,5,5.062007161860985
52,SIAgent12,MALE_LOW_INCOME,6,6.524772343887168,6,6.18587436188754
52,WEAgent18,OLD_LOW_INCOME,6,5.404144190563555,6,4.804176572101206
52,SIAgent13,FEMALE_HIGH_INCOME,1,0.9994247517727806,1,0.9179013703866747
52,WEAgent19,FEMALE_YOUNG_LOW_INCOME,3,3.1237375559645035,417,0.0
52,SIAgent14,MALE_LOW_INCOME,6,6.18587436188754,6,6.019607047098879
52,WEAgent16,MALE_OLD,4,4.452589509629314,153,2.4020882860506036
52,WEAgent17,YOUNG_LOW_INCOME,6,6.055153184585614,347,0.0
52,WEAgent14,MALE_OLD_HIGH_INCOME,2,2.1848130282121874,2,1.6013921907004023
52,WEAgent15,MALE_LOW_INCOME,6,5.48661448355518,6,4.804176572101206
52,WEAgent12,OLD_HIGH_INCOME,2,2.1235577698643233,73,1.6013921907004023
52,WEAgent13,FEMALE_OLD_HIGH_INCOME,1,0.9286667768905978,1,0.8006960953502011
52,WEAgent9,MALE_LOW_INCOME,6,6.01608065622444,321,4.804176572101206
52,WEAgent10,MALE_OLD_LOW_INCOME,3,2.5625150413457116,3,2.4020882860506036
52,WEAgent11,FEMALE_YOUNG,4,3.924725953784157,4,3.2027843814008046
52,WEAgent7,MALE_OLD_LOW_INCOME,3,3.2771092380382054,4,3.2027843814008046
52,WEAgent8,OLD_LOW_INCOME,6,5.713440909388974,7,5.604872667451407
52,WEAgent1,FEMALE_OLD_LOW_INCOME,4,3.6402934050753517,462,1.8201467025376759
52,WEAgent2,MALE_OLD,4,3.7479523401313024,4,3.2027843814008046
52,WEAgent0,OLD_HIGH_INCOME,2,2.1998699736434335,2,1.6013921907004023
52,SIAgent9,MALE_OLD_HIGH_INCOME,2,2.0956776881557833,2,2.049130323239767
52,WEAgent5,FEMALE_OLD_LOW_INCOME,4,4.174214741760012,4,3.6402934050753517
52,WEAgent6,FEMALE_YOUNG_HIGH_INCOME,1,1.1663946522816,49,0.8006960953502011
52,SIAgent7,FEMALE_YOUNG_LOW_INCOME,3,2.4020882860506036,3,2.4020882860506036
52,WEAgent3,FEMALE_YOUNG_HIGH_INCOME,1,1.0271276196781016,1,0.8006960953502011
52,SIAgent8,MALE_OLD,4,4.098260646479534,4,3.5455428797549393
52,WEAgent4,MALE_LOW_INCOME,6,5.7524271911512095,7,5.604872667451407
52,SIAgent5,MALE_YOUNG_LOW_INCOME,3,2.882019600929017,3,2.4020882860506036
52,SIAgent6,FEMALE_YOUNG_HIGH_INCOME,1,0.9343421591538812,1,0.8006960953502011
52,SIAgent3,MALE_HIGH_INCOME,2,1.944150689054537,2,1.696138419177493
52,SIAgent4,FEMALE_YOUNG_LOW_INCOME,3,2.8578705127285993,3,2.4020882860506036
52,SIAgent1,FEMALE_HIGH_INCOME,1,0.9179013703866747,1,0.8006960953502011
52,SIAgent2,MALE_YOUNG_HIGH_INCOME,1,0.895442323827292,83,0.0
52,SIAgent0,OLD_LOW_INCOME,6,6.093873615132307,6,5.460440107613027
53,SIAgent10,MALE_OLD,4,4.253950465439179,4,4.114116723649055
53,SIAgent11,MALE_YOUNG,4,4.12761644740509,4,3.6651558532415582
53,SIAgent12,MALE_HIGH_INCOME,2,2.086464625685973,2,2.063808223702545
53,WEAgent18,FEMALE_LOW_INCOME,7,6.737906141782497,340,6.484301977561557
53,SIAgent13,FEMALE_YOUNG,4,3.7618277797956945,4,3.532263824368427
53,WEAgent19,FEMALE_LOW_INCOME,7,7.701988070870968,8,7.410630831498922
53,SIAgent14,OLD_LOW_INCOME,6,5.7914223152000925,6,5.57658669974739
53,WEAgent16,FEMALE_LOW_INCOME,7,8.039004595467391,8,7.410630831498922
53,WEAgent17,MALE_HIGH_INCOME,2,1.9229847583622655,2,1.7537250067357277
53,WEAgent14,FEMALE_LOW_INCOME,7,7.427916399669509,8,7.410630831498922
53,WEAgent15,MALE_OLD,4,4.245037679029504,138,3.5074500134714555
53,WEAgent12,MALE_YOUNG,4,4.31467211652109,4,3.5074500134714555
53,WEAgent13,FEMALE_YOUNG_HIGH_INCOME,1,0.8398030582468479,1,0.8398030582468479
53,WEAgent9,MALE_OLD,4,4.080008111939939,4,3.5074500134714555
53,WEAgent10,FEMALE_OLD,5,4.369680533981325,78,0.0
53,WEAgent11,FEMALE_YOUNG_HIGH_INCOME,1,1.0879134848041971,1,0.8398030582468479
53,WEAgent7,FEMALE_YOUNG_LOW_INCOME,3,3.919813857020037,4,3.705315415749462
53,WEAgent8,MALE_YOUNG_LOW_INCOME,3,3.084790503177116,3,2.788293349873695
53,WEAgent1,MALE_YOUNG_LOW_INCOME,3,3.0666688255090575,3,2.788293349873695
53,WEAgent2,FEMALE_YOUNG,4,4.2367092712470305,47,3.3592122329873915
53,WEAgent0,FEMALE_OLD_HIGH_INCOME,1,1.0540521798658293,1,0.873936106796265
53,SIAgent9,FEMALE_OLD,5,4.711160142925569,5,4.5268587754046266
53,WEAgent5,MALE_HIGH_INCOME,2,2.097980193856181,79,1.7537250067357277
53,WEAgent6,OLD_LOW_INCOME,6,6.562278406440124,7,6.138037523575047
53,SIAgent7,FEMALE_LOW_INCOME,7,6.484301977561559,11,6.484301977561557
53,WEAgent3,FEMALE_YOUNG_HIGH_INCOME,1,0.9375454701776798,1,0.8398030582468479
53,SIAgent8,OLD_HIGH_INCOME,2,1.9149297960826575,2,1.8190945319529777
53,WEAgent4,YOUNG_HIGH_INCOME,2,1.7766041155153562,2,1.6796061164936957
53,SIAgent5,FEMALE_YOUNG_LOW_INCOME,3,3.1529132387198118,3,3.1072727643032523
53,SIAgent6,MALE_OLD,4,3.5074500134714555,25,3.5074500134714555
53,SIAgent3,FEMALE_LOW_INCOME,7,7.250303116707588,7,6.846975655669496
53,SIAgent4,MALE_LOW_INCOME,6,6.729772243075723,6,6.349342193650246
53,SIAgent1,MALE_YOUNG_LOW_INCOME,3,2.788293349873695,332,0.9294311166245649
53,SIAgent2,OLD_HIGH_INCOME,2,1.9504595900216901,2,1.9149297960826575
53,SIAgent0,OLD_LOW_INCOME,6,5.906518710720572,6,5.7914223152000925
54,SIAgent10,FEMALE_OLD_HIGH_INCOME,1,0.8979096136386024,1,0.8813906836075495
54,SIAgent11,FEMALE_YOUNG,4,3.6089671639651124,4,3.416765714627001
54,SIAgent12,MALE_OLD_LOW_INCOME,3,2.7519980047027346,3,2.725030598954393
54,WEAgent18,FEMALE_HIGH_INCOME,1,0.9593289334724158,1,0.8462578060031685
54,SIAgent13,MALE_LOW_INCOME,6,5.288344101645297,30,5.288344101645297
54,WEAgent19,FEMALE_LOW_INCOME,7,6.769622456894464,7,6.145946076322466
54,SIAgent14,MALE_HIGH_INCOME,2,2.056103444484674,2,1.9672560356281072
54,WEAgent16,MALE_OLD,4,3.576863332843665,4,3.525562734430198
54,WEAgent17,FEMALE_OLD_LOW_INCOME,4,4.32247876106947,4,4.32247876106947
54,WEAgent14,OLD_HIGH_INCOME,2,2.1659708890265965,81,0.0
54,WEAgent15,MALE_OLD,4,4.136081257616035,4,3.525562734430198
54,WEAgent12,MALE_YOUNG_HIGH_INCOME,1,1.1340944792746532,1,0.8536046576441317
54,WEAgent13,MALE_OLD,4,4.187144210336602,140,1.762781367215099
54,WEAgent9,OLD_LOW_INCOME,6,5.553192342646797,6,5.288344101645297
54,WEAgent10,MALE_YOUNG_LOW_INCOME,3,3.1087411896590194,3,2.8948181729951514
54,WEAgent11,MALE_OLD_HIGH_INCOME,2,1.773372451303762,2,1.762781367215099
54,WEAgent7,FEMALE_YOUNG,4,4.127649041147038,45,2.538773418009505
54,WEAgent8,MALE_YOUNG,4,4.286208482107538,95,1.7072093152882635
54,WEAgent1,MALE_OLD_LOW_INCOME,3,3.0298181090640623,3,2.6441720508226485
54,WEAgent2,MALE_OLD_LOW_INCOME,3,2.6861451774491094,3,2.6441720508226485
54,WEAgent0,FEMALE_LOW_INCOME,7,8.83815341447754,374,5.267953779704971
54,SIAgent9,MALE_OLD,4,4.0092665785188935,4,3.652655063185666
54,WEAgent5,FEMALE_OLD_LOW_INCOME,4,4.604133671950384,4,3.97792644650433
54,WEAgent6,FEMALE_LOW_INCOME,7,6.8316766862195335,7,6.145946076322466
54,SIAgent7,MALE_YOUNG_HIGH_INCOME,1,0.9563248790144047,1,0.8536046576441317
54,WEAgent3,MALE_LOW_INCOME,6,5.370817595752704,328,1.762781367215099
54,SIAgent8,MALE_OLD_LOW_INCOME,3,2.7712643795781164,3,2.7519980047027346
54,WEAgent4,YOUNG_HIGH_INCOME,2,1.692515612006337,2,1.692515612006337
54,SIAgent5,FEMALE_LOW_INCOME,7,6.145946076322467,25,6.145946076322466
54,SIAgent6,MALE_LOW_INCOME,6,6.694898738459674,6,6.055139766020374
54,SIAgent3,OLD_LOW_INCOME,6,5.450061197908786,6,5.267953779704971
54,SIAgent4,MALE_HIGH_INCOME,2,1.7072093152882635,2,1.7072093152882635
54,SIAgent1,MALE_YOUNG,4,3.8597575639935355,4,3.6754311252439082
54,SIAgent2,MALE_YOUNG_LOW_INCOME,3,3.130669628615271,3,3.108741189659019
54,SIAgent0,FEMALE_YOUNG_LOW_INCOME,3,2.94051988460607,3,2.7067253729738345
55,SIAgent10,MALE_YOUNG,4,3.8842639275234028,5,3.5179455633506684
55,SIAgent11,MALE_YOUNG,4,2.8143564506805347,46,2.8143564506805347
55,SIAgent12,FEMALE_YOUNG_HIGH_INCOME,1,0.9353458562598681,1,0.7035891126701337
55,WEAgent18,FEMALE_OLD_HIGH_INCOME,1,1.3139974648757256,1,0.8316166426730349
55,SIAgent13,MALE_OLD_HIGH_INCOME,2,1.688890480071831,2,1.688890480071831
55,WEAgent19,MALE_HIGH_INCOME,2,1.7327076613450274,74,1.4071782253402674
55,SIAgent14,FEMALE_HIGH_INCOME,1,0.9836719427829899,1,0.9736521757395309
55,WEAgent16,MALE_HIGH_INCOME,2,1.8915451483342445,2,1.4071782253402674
55,WEAgent17,MALE_OLD_HIGH_INCOME,2,2.2820143224877834,2,1.688890480071831
55,WEAgent14,MALE_YOUNG,4,4.20280345201188,5,3.5179455633506684
55,WEAgent15,MALE_HIGH_INCOME,2,2.1900721509140078,3,2.110767338010401
55,WEAgent12,MALE_OLD_HIGH_INCOME,2,1.9717051977309785,2,1.688890480071831
55,WEAgent13,MALE_OLD_HIGH_INCOME,2,2.290489888775035,141,0.8444452400359155
55,WEAgent9,MALE_HIGH_INCOME,2,1.9857190450425288,2,1.4071782253402674
55,WEAgent10,MALE_YOUNG_LOW_INCOME,3,3.3213561269862524,3,3.0132586701171937
55,WEAgent11,YOUNG_HIGH_INCOME,2,2.444590168512341,3,2.110767338010401
55,WEAgent7,MALE_YOUNG,4,4.137064310527153,5,3.5179455633506684
55,WEAgent8,FEMALE_HIGH_INCOME,1,1.0132359205658146,1,0.7035891126701337
55,WEAgent1,FEMALE_YOUNG,4,4.389133281325181,33,2.110767338010401
55,WEAgent2,MALE_YOUNG_HIGH_INCOME,1,0.9294726883641745,1,0.7035891126701337
55,WEAgent0,FEMALE_OLD,5,5.017505998028361,88,4.158083213365175
55,SIAgent9,OLD_HIGH_INCOME,2,2.0040402702265006,2,1.9473043514790618
55,WEAgent5,FEMALE_HIGH_INCOME,1,0.9368141221103314,1,0.7035891126701337
55,WEAgent6,FEMALE_YOUNG_LOW_INCOME,3,3.2077242988294663,3,2.819901553635246
55,SIAgent7,MALE_OLD_HIGH_INCOME,2,2.0930078272888917,2,2.0040402702265006
55,WEAgent3,FEMALE_YOUNG_HIGH_INCOME,1,0.897694976916519,1,0.7035891126701337
55,SIAgent8,MALE_LOW_INCOME,6,6.93950184146389,11,6.026517340234387
55,WEAgent4,MALE_YOUNG_LOW_INCOME,3,3.0132586701171937,3,2.9465515204674326
55,SIAgent5,FEMALE_OLD_LOW_INCOME,4,3.3264665706921397,487,0.0
55,SIAgent6,FEMALE_YOUNG,4,3.7598687381803275,56,3.7413834250394724
55,SIAgent3,FEMALE_OLD_HIGH_INCOME,1,1.0085481416298414,1,1.0020201351132503
55,SIAgent4,FEMALE_YOUNG_HIGH_INCOME,1,1.215197561336773,1,0.9399671845450819
55,SIAgent1,FEMALE_OLD,5,4.781004972199024,5,4.158083213365175
55,SIAgent2,FEMALE_HIGH_INCOME,1,1.2418913270816443,1,1.215197561336773
55,SIAgent0,OLD_HIGH_INCOME,2,1.9473043514790618,2,1.688890480071831
56,SIAgent10,YOUNG_HIGH_INCOME,2,1.8925510108273418,2,1.8347322417296983
56,SIAgent11,YOUNG_LOW_INCOME,6,5.3287150702123105,11,5.328278457714114
56,SIAgent12,FEMALE_OLD_LOW_INCOME,4,3.8866958868389183,4,3.8866958868389183
56,WEAgent18,FEMALE_HIGH_INCOME,1,1.3010373689406567,1,0.7688946094886479
56,SIAgent13,OLD_HIGH_INCOME,2,1.849761210401502,2,1.5377892189772957
56,WEAgent19,MALE_OLD_HIGH_INCOME,2,2.0042413514133113,2,2.0042413514133113
56,SIAgent14,FEMALE_YOUNG,4,4.0205997498315,4,4.018485527127739
56,WEAgent16,MALE_LOW_INCOME,6,5.634131462262357,332,2.664357535106155
56,WEAgent17,FEMALE_YOUNG_HIGH_INCOME,1,1.0749790582414334,1,0.7688946094886479
56,WEAgent14,FEMALE_YOUNG_HIGH_INCOME,1,1.036540143986633,1,0.7688946094886479
56,WEAgent15,FEMALE_YOUNG,4,4.399659541500669,37,3.0755784379545914
56,WEAgent12,FEMALE_OLD,5,5.681341798004896,7,5.382262266420534
56,WEAgent13,MALE_OLD_HIGH_INCOME,2,2.1130204712193,2,2.0042413514133113
56,WEAgent9,FEMALE_OLD,5,4.631792866056339,83,3.0755784379545914
56,WEAgent10,MALE_HIGH_INCOME,2,2.3659856874975325,2,1.7762383567374367
56,WEAgent11,OLD_LOW_INCOME,6,6.122068696399517,6,5.3287150702123105
56,WEAgent7,OLD_LOW_INCOME,6,5.4105640289823,6,5.3287150702123105
56,WEAgent8,FEMALE_HIGH_INCOME,1,0.9988454265853468,1,0.7688946094886479
56,WEAgent1,FEMALE_YOUNG_HIGH_INCOME,1,0.8350183753879273,1,0.7688946094886479
56,WEAgent2,MALE_YOUNG,4,3.9853986121529315,4,3.406221013632151
56,WEAgent0,FEMALE_OLD_HIGH_INCOME,1,0.7688946094886479,1,0.7688946094886479
56,SIAgent9,MALE_YOUNG_HIGH_INCOME,1,1.1601084892128943,1,0.9697455283131174
56,WEAgent5,FEMALE_OLD_HIGH_INCOME,1,0.9297315827079365,1,0.7688946094886479
56,WEAgent6,FEMALE_OLD_LOW_INCOME,4,4.218260283500917,460,3.8866958868389183
56,SIAgent7,YOUNG_HIGH_INCOME,2,1.6787345568422882,20,1.5377892189772957
56,WEAgent3,FEMALE_YOUNG_HIGH_INCOME,1,0.9230149628917147,1,0.7688946094886479
56,SIAgent8,FEMALE_YOUNG_LOW_INCOME,3,3.145811496196526,3,3.0154498123736246
56,WEAgent4,FEMALE_YOUNG_LOW_INCOME,3,2.9733021418778773,3,2.6643575351061553
56,SIAgent5,FEMALE_YOUNG_HIGH_INCOME,1,1.0184974649278506,1,0.888046409619019
56,SIAgent6,MALE_LOW_INCOME,6,6.092358071664035,6,5.501158766104342
56,SIAgent3,FEMALE_YOUNG,4,3.552185638476076,76,3.3574691136845765
56,SIAgent4,MALE_HIGH_INCOME,2,1.8347322417296983,3,1.7762383567374367
56,SIAgent1,FEMALE_YOUNG_LOW_INCOME,3,3.013864145345804,3,2.9733021418778773
56,SIAgent2,MALE_LOW_INCOME,6,5.501158766104342,6,5.3287150702123105
56,SIAgent0,MALE_YOUNG_HIGH_INCOME,1,0.9697455283131174,1,0.9462755054136709
57,SIAgent10,OLD_LOW_INCOME,6,5.906413144223439,6,5.766874203796431
57,SIAgent11,MALE_LOW_INCOME,6,6.166585210927678,6,5.906433637802627
57,SIAgent12,YOUNG_LOW_INCOME,6,5.906536105698568,6,5.760877375833318
57,WEAgent18,MALE_OLD_HIGH_INCOME,2,1.9249343693346683,2,1.4830994398249135
57,SIAgent13,FEMALE_LOW_INCOME,7,7.755966197677215,7,7.0708013751050816
57,WEAgent19,MALE_LOW_INCOME,6,4.449298319474741,6,4.449298319474741
57,SIAgent14,FEMALE_LOW_INCOME,7,7.070801375105081,7,6.890835828506534
57,WEAgent16,MALE_HIGH_INCOME,2,1.801681818569511,2,1.4830994398249135
57,WEAgent17,MALE_YOUNG,4,3.9659702559115058,98,1.4830994398249135
57,WEAgent14,MALE_OLD_LOW_INCOME,3,3.1395150161390704,4,2.966198879649827
57,WEAgent15,MALE_YOUNG_HIGH_INCOME,1,0.9374894074931419,1,0.7415497199124568
57,WEAgent12,MALE_OLD,4,3.806290560770719,137,2.966198879649827
57,WEAgent13,MALE_OLD,4,3.8174037111245562,5,3.707748599562284
57,WEAgent9,MALE_OLD_HIGH_INCOME,2,2.047052628083268,2,1.4830994398249135
57,WEAgent10,FEMALE_OLD_LOW_INCOME,4,3.8405849172222117,4,3.8405849172222117
57,WEAgent11,FEMALE_OLD_LOW_INCOME,4,3.999410592305335,455,2.8804386879166586
57,WEAgent7,OLD_HIGH_INCOME,2,1.861360377464062,2,1.4830994398249135
57,WEAgent8,MALE_OLD_HIGH_INCOME,2,2.1923621650737117,2,1.4830994398249135
57,WEAgent1,FEMALE_LOW_INCOME,7,6.777185660144577,7,6.721023605138871
57,WEAgent2,FEMALE_LOW_INCOME,7,7.850738029885787,391,7.681169834444424
57,WEAgent0,FEMALE_HIGH_INCOME,1,0.9779270774172433,60,0.0
57,SIAgent9,FEMALE_OLD_HIGH_INCOME,1,1.1383968332490917,1,1.0260110302309935
57,WEAgent5,YOUNG_LOW_INCOME,6,5.841772731260063,6,5.717929900749673
57,WEAgent6,FEMALE_OLD,5,4.884643409993917,67,2.2246491597373703
57,SIAgent7,MALE_LOW_INCOME,6,6.3626715184146585,6,6.166585210927679
57,WEAgent3,YOUNG_LOW_INCOME,6,6.381761253663016,6,5.760877375833318
57,SIAgent8,MALE_OLD_HIGH_INCOME,2,1.6329405456465342,2,1.4830994398249135
57,WEAgent4,MALE_OLD_LOW_INCOME,3,2.697928273205711,330,2.2246491597373703
57,SIAgent5,MALE_OLD_HIGH_INCOME,2,1.9770894520827837,2,1.9322861145373325
57,SIAgent6,MALE_OLD,4,4.418145209222643,4,4.13847834376209
57,SIAgent3,MALE_LOW_INCOME,6,5.674982425666029,12,5.190848039387197
57,SIAgent4,OLD_HIGH_INCOME,2,2.052022060461987,2,1.7300944459538488
57,SIAgent1,MALE_HIGH_INCOME,2,1.657093893853695,2,1.4830994398249135
57,SIAgent2,MALE_OLD_LOW_INCOME,3,3.8038627890501155,3,3.313608906916982
57,SIAgent0,MALE_OLD,4,3.864572229074665,4,3.395241222747473
58,SIAgent10,FEMALE_OLD_LOW_INCOME,4,3.5908825676373297,4,3.5908825676373297
58,SIAgent11,FEMALE_LOW_INCOME,7,7.737000400934393,8,7.468572585427524
58,SIAgent12,MALE_YOUNG_LOW_INCOME,3,3.526206385770138,3,3.2541383578575442
58,WEAgent18,YOUNG_LOW_INCOME,6,6.25374332525995,344,4.92572569303486
58,SIAgent13,MALE_OLD,4,3.3707379083520914,4,3.3135167329029462
58,WEAgent19,MALE_OLD,4,4.258702690416865,164,2.1965766661267083
58,SIAgent14,MALE_OLD_LOW_INCOME,3,3.4055928107060973,3,3.2541383578575442
58,WEAgent16,YOUNG_HIGH_INCOME,2,2.012454648241284,2,1.4643844440844722
58,WEAgent17,MALE_YOUNG_LOW_INCOME,3,3.074504210730963,3,2.46286284651743
58,WEAgent14,MALE_YOUNG_HIGH_INCOME,1,0.9291687598003294,1,0.7321922220422361
58,WEAgent15,FEMALE_YOUNG_HIGH_INCOME,1,1.0018313772478917,1,0.7321922220422361
58,WEAgent12,MALE_YOUNG,4,4.033364508792194,97,2.1965766661267083
58,WEAgent13,FEMALE_YOUNG,4,3.4746509270180366,4,2.9287688881689444
58,WEAgent9,MALE_YOUNG_LOW_INCOME,3,2.46286284651743,3,2.46286284651743
58,WEAgent10,FEMALE_OLD,5,4.963984014821721,82,3.6609611102111805
58,WEAgent11,FEMALE_HIGH_INCOME,1,0.8992756298818614,45,0.0
58,WEAgent7,MALE_HIGH_INCOME,2,2.0973881500084266,2,1.4643844440844722
58,WEAgent8,FEMALE_OLD_LOW_INCOME,4,3.9839247155711464,459,2.6931619257279973
58,WEAgent1,FEMALE_OLD_HIGH_INCOME,1,0.8420898306476547,1,0.7321922220422361
58,WEAgent2,FEMALE_LOW_INCOME,7,6.919548938782789,8,6.7729348723295075
58,WEAgent0,OLD_HIGH_INCOME,2,2.108583925889173,2,1.4643844440844722
58,SIAgent9,MALE_YOUNG_HIGH_INCOME,1,0.9041899881550859,1,0.7321922220422361
58,WEAgent5,MALE_LOW_INCOME,6,6.5603256045017995,355,0.0
58,WEAgent6,FEMALE_OLD,5,5.041031221031766,6,4.393153332253417
58,SIAgent7,MALE_LOW_INCOME,6,6.5082767157150885,6,5.9456898872103245
58,WEAgent3,FEMALE_YOUNG_LOW_INCOME,3,2.6443971434677325,3,2.6443971434677325
58,SIAgent8,YOUNG_LOW_INCOME,6,4.954245274634131,7,4.92572569303486
58,WEAgent4,OLD_HIGH_INCOME,2,2.086476646570665,2,1.4643844440844722
58,SIAgent5,FEMALE_LOW_INCOME,7,6.535001012249084,7,6.235279711105062
58,SIAgent6,MALE_HIGH_INCOME,2,1.9688328855047144,2,1.7468744652431087
58,SIAgent3,MALE_OLD_LOW_INCOME,3,3.015149752824185,3,2.528053431264069
58,SIAgent4,MALE_OLD_HIGH_INCOME,2,1.4643844440844722,2,1.4643844440844722
58,SIAgent1,FEMALE_HIGH_INCOME,1,1.1360067381185184,1,0.7321922220422361
58,SIAgent2,MALE_YOUNG_LOW_INCOME,3,2.9305401343861393,3,2.4771226373170654
58,SIAgent0,MALE_OLD_HIGH_INCOME,2,1.6716081685579933,2,1.4643844440844722
59,SIAgent10,MALE_LOW_INCOME,6,6.490764064985877,6,5.9393758212775545
59,SIAgent11,FEMALE_YOUNG,4,3.718619659491824,4,3.6607026133136378
59,SIAgent12,OLD_LOW_INCOME,6,5.9393758212775545,18,5.706592413009734
59,WEAgent18,OLD_LOW_INCOME,6,5.081872595893151,373,0.0
59,SIAgent13,FEMALE_YOUNG_HIGH_INCOME,1,0.9645214420030761,1,0.929654914872956
59,WEAgent19,FEMALE_YOUNG_LOW_INCOME,3,2.7455269599852286,3,2.745526959985228
59,SIAgent14,OLD_HIGH_INCOME,2,1.8778898934999013,2,1.666412886870454
59,WEAgent16,OLD_HIGH_INCOME,2,1.9376294887634442,70,0.0
59,WEAgent17,MALE_YOUNG_HIGH_INCOME,1,0.6469248998516467,1,0.6469248998516467
59,WEAgent14,MALE_OLD_HIGH_INCOME,2,1.666412886870454,2,1.666412886870454
59,WEAgent15,MALE_OLD,4,3.765530642239226,139,3.332825773740908
59,WEAgent12,FEMALE_YOUNG,4,4.036286656018696,34,2.587699599406587
59,WEAgent13,FEMALE_YOUNG_HIGH_INCOME,1,1.1336871007436886,1,0.6469248998516467
59,WEAgent9,MALE_YOUNG_HIGH_INCOME,1,1.0347290065009074,1,0.6469248998516467
59,WEAgent10,MALE_OLD_HIGH_INCOME,2,2.1076961328589183,2,1.666412886870454
59,WEAgent11,MALE_OLD,4,3.9666966368010472,4,3.332825773740908
59,WEAgent7,MALE_OLD_HIGH_INCOME,2,2.010037883388145,2,1.666412886870454
59,WEAgent8,FEMALE_LOW_INCOME,7,7.190507314548332,7,6.406229573298867
59,WEAgent1,FEMALE_LOW_INCOME,7,7.6697996136870294,8,7.321405226627276
59,WEAgent2,FEMALE_LOW_INCOME,7,7.54859317463746,328,5.491053919970457
59,WEAgent0,MALE_OLD,4,3.890038436941403,4,3.332825773740908
59,SIAgent9,MALE_YOUNG_LOW_INCOME,3,2.5519144015052375,397,0.0
59,WEAgent5,FEMALE_YOUNG_HIGH_INCOME,1,1.0110890235065308,1,0.6469248998516467
59,WEAgent6,FEMALE_YOUNG,4,4.149200207175843,6,3.8815493991098804
59,SIAgent7,MALE_HIGH_INCOME,2,1.7301884512789558,2,1.4801313432868737
59,WEAgent3,MALE_HIGH_INCOME,2,2.0562443334778204,69,0.0
59,SIAgent8,MALE_OLD,4,3.804394942006489,4,3.4060305235860535
59,WEAgent4,MALE_OLD_HIGH_INCOME,2,1.9559384762451173,2,1.666412886870454
59,SIAgent5,FEMALE_YOUNG_LOW_INCOME,3,2.8571443336324167,3,2.788964744618868
59,SIAgent6,FEMALE_YOUNG,4,4.300186880441884,4,3.8095257781765555
59,SIAgent3,YOUNG_LOW_INCOME,6,7.174389735889445,6,6.594491793813767
59,SIAgent4,FEMALE_YOUNG_LOW_INCOME,3,3.400973625734775,3,3.2251401603314127
59,SIAgent1,FEMALE_OLD_HIGH_INCOME,1,1.0462170777710846,1,0.9826930502098367
59,SIAgent2,OLD_HIGH_INCOME,2,1.9653861004196733,2,1.9021974710032445
59,SIAgent0,YOUNG_HIGH_INCOME,2,2.547098197971245,2,1.940140945749949
60,SIAgent10,OLD_HIGH_INCOME,2,1.5140288483724271,206,0.0
60,SIAgent11,FEMALE_HIGH_INCOME,1,1.0088219730014172,1,0.8037044714951236
60,SIAgent12,MALE_YOUNG_HIGH_INCOME,1,0.9652464831755709,1,0.8217114911223333
60,WEAgent18,OLD_HIGH_INCOME,2,2.0611531735327326,2,1.5140288483724271
60,SIAgent13,MALE_LOW_INCOME,6,6.74766505235131,6,6.163469775627208
60,WEAgent19,MALE_OLD_LOW_INCOME,3,2.8271185318364003,3,2.616486319732
60,SIAgent14,MALE_LOW_INCOME,6,5.453521104573669,6,5.232972639464
60,WEAgent16,FEMALE_LOW_INCOME,7,7.463789923892669,8,6.977296852618666
60,WEAgent17,MALE_OLD,4,3.6642194656089524,4,3.3735007439182136
60,WEAgent14,FEMALE_YOUNG_HIGH_INCOME,1,1.1211327023436428,1,0.7570144241862136
60,WEAgent15,MALE_HIGH_INCOME,2,1.8924458682468053,104,0.8217114911223333
60,WEAgent12,MALE_OLD_HIGH_INCOME,2,1.886593405595196,2,1.7443242131546668
60,WEAgent13,MALE_YOUNG_HIGH_INCOME,1,0.8217114911223333,1,0.8217114911223333
60,WEAgent9,MALE_YOUNG_HIGH_INCOME,1,0.9447743639956035,1,0.8217114911223333
60,WEAgent10,MALE_OLD_HIGH_INCOME,2,2.1042729577174137,2,1.7443242131546668
60,WEAgent11,FEMALE_YOUNG_LOW_INCOME,3,2.685951419548616,3,2.616486319732
60,WEAgent7,FEMALE_YOUNG,4,4.607890984146316,54,0.7570144241862136
60,WEAgent8,MALE_OLD,4,3.60542713610537,4,3.4886484263093336
60,WEAgent1,MALE_LOW_INCOME,6,5.852283875713944,317,3.4886484263093336
60,WEAgent2,FEMALE_OLD_LOW_INCOME,4,3.4886484263093336,462,0.0
60,WEAgent0,YOUNG_LOW_INCOME,6,6.197100526044538,376,0.0
60,SIAgent9,MALE_OLD,4,4.031482861146931,4,3.6933631998262224
60,WEAgent5,FEMALE_YOUNG_LOW_INCOME,3,3.1342907628883743,392,1.7443242131546668
60,WEAgent6,MALE_OLD_LOW_INCOME,3,3.26126875216264,3,2.616486319732
60,SIAgent7,FEMALE_OLD_LOW_INCOME,4,3.6519535245275967,4,3.4886484263093336
60,WEAgent3,FEMALE_LOW_INCOME,7,6.92846864831959,7,6.105134746041333
60,SIAgent8,OLD_HIGH_INCOME,2,1.9332052950787764,2,1.7035547220288603
60,WEAgent4,OLD_HIGH_INCOME,2,1.608321773000609,2,1.5140288483724271
60,SIAgent5,OLD_HIGH_INCOME,2,1.6627852309030537,2,1.5140288483724271
60,SIAgent6,MALE_YOUNG_LOW_INCOME,3,2.755777615072086,3,2.7267605522868346
60,SIAgent3,YOUNG_LOW_INCOME,6,5.71746634030946,6,5.232972639464
60,SIAgent4,OLD_HIGH_INCOME,2,2.1248664779904383,2,2.0157414305734656
60,SIAgent1,FEMALE_YOUNG,4,3.2148178859804943,4,3.0280576967448543
60,SIAgent2,OLD_HIGH_INCOME,2,2.219888723714316,2,2.1248664779904383
60,SIAgent0,MALE_OLD_LOW_INCOME,3,3.1932357466430408,3,3.0236121458601986
61,SIAgent10,MALE_OLD,4,3.786647801081724,4,3.1437254653322833
61,SIAgent11,YOUNG_HIGH_INCOME,2,2.266151127696701,2,1.898118117423185
61,SIAgent12,FEMALE_LOW_INCOME,7,7.06009449199491,7,6.542922645599528
61,WEAgent18,MALE_OLD,4,4.062043186534548,138,3.1437254653322833
61,SIAgent13,FEMALE_OLD_HIGH_INCOME,1,1.0288367512921988,1,0.7859313663330708
61,WEAgent19,FEMALE_OLD,5,6.248968773645702,67,0.0
61,SIAgent14,FEMALE_OLD_HIGH_INCOME,1,1.078984187793782,1,1.0508181729428288
61,WEAgent16,MALE_OLD,4,3.735205783335628,4,3.1437254653322833
61,WEAgent17,YOUNG_HIGH_INCOME,2,1.7033481297883584,2,1.5718627326661416
61,WEAgent14,MALE_OLD_HIGH_INCOME,2,2.05955161555847,2,1.5718627326661416
61,WEAgent15,OLD_HIGH_INCOME,2,1.924516693240748,2,1.5718627326661416
61,WEAgent12,OLD_HIGH_INCOME,2,1.7545301756384477,2,1.5718627326661416
61,WEAgent13,FEMALE_YOUNG_LOW_INCOME,3,2.447208897421805,3,2.3577940989992126
61,WEAgent9,MALE_OLD_HIGH_INCOME,2,1.881412835289604,2,1.5718627326661416
61,WEAgent10,OLD_LOW_INCOME,6,6.880170769657987,8,6.287450930664567
61,WEAgent11,FEMALE_YOUNG_HIGH_INCOME,1,0.8859296783009312,1,0.7859313663330708
61,WEAgent7,MALE_OLD_HIGH_INCOME,2,2.1226303474163237,2,1.5718627326661416
61,WEAgent8,FEMALE_OLD_LOW_INCOME,4,3.1437254653322833,466,0.0
61,WEAgent1,MALE_HIGH_INCOME,2,1.8016902202770406,117,0.0
61,WEAgent2,FEMALE_LOW_INCOME,7,6.032870953006219,353,3.1437254653322833
61,WEAgent0,FEMALE_YOUNG_LOW_INCOME,3,2.9563613012574494,3,2.3577940989992126
61,SIAgent9,FEMALE_LOW_INCOME,7,6.295814228810376,8,6.287450930664567
61,WEAgent5,FEMALE_YOUNG,4,4.213057532304107,51,0.7859313663330708
61,WEAgent6,MALE_YOUNG_LOW_INCOME,3,2.903108703677918,3,2.3577940989992126
61,SIAgent7,FEMALE_OLD_HIGH_INCOME,1,1.0508181729428288,1,1.0288367512921988
61,WEAgent3,YOUNG_LOW_INCOME,6,5.497568879184842,365,1.5718627326661416
61,SIAgent8,MALE_OLD_LOW_INCOME,3,3.3391607758840314,3,2.8835374106534544
61,WEAgent4,OLD_LOW_INCOME,6,6.532905142019978,361,3.929656831665354
61,SIAgent5,FEMALE_YOUNG_HIGH_INCOME,1,0.928504227738595,1,0.7859313663330708
61,SIAgent6,FEMALE_HIGH_INCOME,1,1.135853145631372,1,1.078984187793782
61,SIAgent3,FEMALE_YOUNG,4,4.710262554764599,4,4.277069035041624
61,SIAgent4,FEMALE_YOUNG,4,4.277069035041624,4,3.970906070354802
61,SIAgent1,OLD_LOW_INCOME,6,5.767074821306909,6,5.679971701622586
61,SIAgent2,FEMALE_YOUNG,4,3.780605152285077,4,3.597608130748786
61,SIAgent0,MALE_YOUNG_HIGH_INCOME,1,0.9490590587115925,1,0.7859313663330708
62,SIAgent10,FEMALE_YOUNG,4,3.8082746382539776,4,3.7866226190098047
62,SIAgent11,FEMALE_YOUNG,4,3.7866226190098047,4,3.2829087530370304
62,SIAgent12,OLD_LOW_INCOME,6,5.70271648189507,7,5.3145507027041425
62,WEAgent18,MALE_YOUNG_LOW_INCOME,3,2.277664586873204,374,0.0
62,SIAgent13,MALE_OLD_HIGH_INCOME,2,1.9868737582368259,2,1.9519560588798317
62,WEAgent19,MALE_LOW_INCOME,6,6.537612973179205,8,6.073772231661877
62,SIAgent14,MALE_YOUNG_LOW_INCOME,3,3.2216381252919257,4,3.0368861158309386
62,WEAgent16,OLD_HIGH_INCOME,2,2.131685158840547,2,1.5184430579154693
62,WEAgent17,MALE_YOUNG_HIGH_INCOME,1,0.9243864987183412,1,0.7592215289577346
62,WEAgent14,MALE_YOUNG,4,3.398145750064754,4,3.0368861158309386
62,WEAgent15,MALE_YOUNG,4,3.903644493522543,5,3.7961076447886732
62,WEAgent12,MALE_YOUNG,4,4.081458164623316,106,3.7961076447886732
62,WEAgent13,YOUNG_HIGH_INCOME,2,2.0073892595778964,2,1.5184430579154693
62,WEAgent9,FEMALE_YOUNG,4,3.7339703606118246,37,3.0368861158309386
62,WEAgent10,FEMALE_LOW_INCOME,7,7.549711637308736,374,0.0
62,WEAgent11,FEMALE_YOUNG_HIGH_INCOME,1,0.9941448454953007,1,0.7592215289577346
62,WEAgent7,FEMALE_YOUNG,4,4.0214573988848885,5,3.7961076447886732
62,WEAgent8,FEMALE_HIGH_INCOME,1,0.9791665244072725,1,0.7592215289577346
62,WEAgent1,MALE_HIGH_INCOME,2,1.744031433626776,2,1.5184430579154693
62,WEAgent2,FEMALE_OLD,5,5.925620036295475,91,0.7592215289577346
62,WEAgent0,OLD_LOW_INCOME,6,6.3491978142907035,8,6.073772231661877
62,SIAgent9,MALE_OLD,4,4.279735574851574,4,3.9388298171166576
62,WEAgent5,FEMALE_YOUNG_HIGH_INCOME,1,1.0850995216877557,1,0.7592215289577346
62,WEAgent6,MALE_OLD_HIGH_INCOME,2,1.670231518416333,143,0.0
62,SIAgent7,FEMALE_LOW_INCOME,7,7.836407497865789,7,7.047503679824686
62,WEAgent3,OLD_LOW_INCOME,6,6.189667286127344,328,4.555329173746408
62,SIAgent8,FEMALE_OLD,5,5.313154640648729,9,4.7522637349125585
62,WEAgent4,MALE_YOUNG_HIGH_INCOME,1,1.0157433050125517,1,0.7592215289577346
62,SIAgent5,MALE_OLD,4,3.9039121177596634,4,3.6105797699052697
62,SIAgent6,FEMALE_HIGH_INCOME,1,0.9630505609133283,1,0.9520686595634944
62,SIAgent3,FEMALE_YOUNG_LOW_INCOME,3,2.5236872240792962,3,2.5236872240792962
62,SIAgent4,FEMALE_OLD,5,5.868774972391591,5,5.597433927046992
62,SIAgent1,FEMALE_OLD_LOW_INCOME,4,4.318972055427611,4,4.250523712518983
62,SIAgent2,MALE_YOUNG_LOW_INCOME,3,3.6112797229117772,3,3.469452440702156
62,SIAgent0,YOUNG_LOW_INCOME,6,6.938904881404312,6,6.71692071245639
63,SIAgent10,FEMALE_LOW_INCOME,7,8.080833043571644,8,7.899745438095301
63,SIAgent11,MALE_YOUNG_LOW_INCOME,3,3.194494591820047,3,2.7863655315297304
63,SIAgent12,FEMALE_OLD,5,5.893803917576873,5,5.59149462547376
63,WEAgent18,FEMALE_YOUNG,4,3.861193332231526,5,3.7932229717997106
63,SIAgent13,FEMALE_OLD_LOW_INCOME,4,3.6648133957379687,460,2.7486100468034764
63,WEAgent19,FEMALE_YOUNG_LOW_INCOME,3,2.727378734818187,3,2.2759337830798265
63,SIAgent14,YOUNG_LOW_INCOME,6,5.572731063059461,6,5.4853489288055375
63,WEAgent16,FEMALE_YOUNG,4,4.441888460314548,42,3.7932229717997106
63,WEAgent17,MALE_LOW_INCOME,6,6.624510682465426,362,3.7932229717997106
63,WEAgent14,OLD_HIGH_INCOME,2,1.9987793876971212,64,0.7586445943599421
63,WEAgent15,FEMALE_LOW_INCOME,7,5.310512160519595,352,3.7932229717997106
63,WEAgent12,MALE_OLD,4,4.397681017963313,162,2.2759337830798265
63,WEAgent13,MALE_HIGH_INCOME,2,2.1314862071970038,107,0.7586445943599421
63,WEAgent9,FEMALE_OLD_LOW_INCOME,4,4.009310771109925,4,3.6648133957379687
63,WEAgent10,YOUNG_LOW_INCOME,6,6.20407294545041,342,2.2759337830798265
63,WEAgent11,MALE_YOUNG_HIGH_INCOME,1,1.181210123778059,1,0.7586445943599421
63,WEAgent7,OLD_HIGH_INCOME,2,1.82966178044129,2,1.5172891887198843
63,WEAgent8,FEMALE_YOUNG_LOW_INCOME,3,2.4180710858389385,3,2.2759337830798265
63,WEAgent1,MALE_OLD,4,4.17519264098768,5,3.7932229717997106
63,WEAgent2,FEMALE_YOUNG_LOW_INCOME,3,2.605783289402072,3,2.2759337830798265
63,WEAgent0,FEMALE_LOW_INCOME,7,6.788206832354993,8,6.069156754879537
63,SIAgent9,MALE_YOUNG_HIGH_INCOME,1,0.9754010391292381,1,0.7586445943599421
63,WEAgent5,MALE_YOUNG_LOW_INCOME,3,3.0457388259542184,4,3.0345783774397685
63,WEAgent6,YOUNG_HIGH_INCOME,2,1.8957759047267706,2,1.5172891887198843
63,SIAgent7,MALE_OLD_HIGH_INCOME,2,2.316914273783725,2,2.1096220148107525
63,WEAgent3,FEMALE_YOUNG_LOW_INCOME,3,3.6000508076335547,4,3.0345783774397685
63,SIAgent8,FEMALE_OLD_HIGH_INCOME,1,0.8467181801448996,1,0.7586445943599421
63,WEAgent4,OLD_LOW_INCOME,6,5.861212587104141,7,5.310512160519595
63,SIAgent5,FEMALE_OLD,5,5.1005741267756015,5,4.79659089919255
63,SIAgent6,MALE_HIGH_INCOME,2,2.1096220148107525,2,1.7604544529163757
63,SIAgent3,MALE_YOUNG_LOW_INCOME,3,2.7426744644027687,3,2.2759337830798265
63,SIAgent4,FEMALE_LOW_INCOME,7,6.912277258333388,8,6.737147257903991
63,SIAgent1,OLD_LOW_INCOME,6,6.833950159216812,8,6.330626985874715
63,SIAgent2,MALE_YOUNG_HIGH_INCOME,1,1.0018098585564337,1,0.9754010391292381
63,SIAgent0,FEMALE_OLD,5,6.420419185551459,5,5.893803917576873
64,SIAgent10,YOUNG_HIGH_INCOME,2,1.9506191409624825,2,1.5842836548511174
64,SIAgent11,FEMALE_LOW_INCOME,7,7.322404116742884,7,6.579372919144108
64,SIAgent12,OLD_HIGH_INCOME,2,1.9297433284170222,2,1.7701481765031437
64,WEAgent18,FEMALE_YOUNG_LOW_INCOME,3,2.6644292578407374,3,2.6644292578407374
64,SIAgent13,FEMALE_YOUNG_HIGH_INCOME,1,1.026978941559069,1,1.0122589396442336
64,WEAgent19,FEMALE_OLD_LOW_INCOME,4,4.268061651032521,4,3.822590456251214
64,SIAgent14,MALE_HIGH_INCOME,2,2.1982906419962625,2,1.9297433284170222
64,WEAgent16,MALE_YOUNG_HIGH_INCOME,1,0.9440690337730999,95,0.0
64,WEAgent17,FEMALE_OLD_LOW_INCOME,4,3.9370663762135947,4,3.822590456251214
64,WEAgent14,FEMALE_LOW_INCOME,7,7.8397577243768675,387,1.7762861718938248
64,WEAgent15,FEMALE_YOUNG_HIGH_INCOME,1,0.9859832893729144,1,0.7921418274255587
64,WEAgent12,MALE_YOUNG_HIGH_INCOME,1,0.9742545897786812,1,0.7921418274255587
64,WEAgent13,MALE_HIGH_INCOME,2,1.9396638866080644,2,1.5842836548511174
64,WEAgent9,OLD_LOW_INCOME,6,5.717341012199408,6,5.606632661403569
64,WEAgent10,FEMALE_YOUNG_HIGH_INCOME,1,0.9819790506970182,1,0.7921418274255587
64,WEAgent11,MALE_OLD_LOW_INCOME,3,2.8663617331775666,3,2.858670506099704
64,WEAgent7,YOUNG_HIGH_INCOME,2,1.6888415864769286,2,1.5842836548511174
64,WEAgent8,YOUNG_HIGH_INCOME,2,1.8106319860584632,2,1.5842836548511174
64,WEAgent1,MALE_OLD_HIGH_INCOME,2,2.026669532043221,158,1.8319747702025768
64,WEAgent2,FEMALE_YOUNG_LOW_INCOME,3,3.3476542446247826,3,2.6644292578407374
64,WEAgent0,OLD_LOW_INCOME,6,6.412482508818999,6,5.717341012199408
64,SIAgent9,FEMALE_OLD,5,4.270803957009276,550,0.0
64,WEAgent5,OLD_HIGH_INCOME,2,2.290100310711954,2,1.7083215828037106
64,WEAgent6,OLD_HIGH_INCOME,2,2.023052772291783,2,1.7083215828037104
64,SIAgent7,FEMALE_LOW_INCOME,7,6.303971970905317,7,6.081072423448159
64,WEAgent3,FEMALE_HIGH_INCOME,1,0.9324386369409758,1,0.7921418274255587
64,SIAgent8,MALE_OLD,4,3.6639495404051536,11,3.6639495404051536
64,WEAgent4,FEMALE_YOUNG,4,3.6085653444652697,55,3.168567309702235
64,SIAgent5,FEMALE_YOUNG,4,4.428679414904957,4,4.184230923853077
64,SIAgent6,FEMALE_YOUNG_HIGH_INCOME,1,1.0122589396442336,1,0.9753095704812412
64,SIAgent3,MALE_YOUNG,4,3.982872373574074,5,3.9607091371277936
64,SIAgent4,YOUNG_HIGH_INCOME,2,2.0933688690800056,2,2.0226970349525875
64,SIAgent1,FEMALE_OLD,5,5.649762374771053,5,5.149102588061588
64,SIAgent2,FEMALE_OLD_LOW_INCOME,4,3.822590456251214,4,3.822590456251214
64,SIAgent0,MALE_YOUNG_LOW_INCOME,3,2.376425482276676,348,0.0
65,SIAgent10,FEMALE_YOUNG,4,4.367749046610401,4,4.030107144200063
65,SIAgent11,MALE_OLD_LOW_INCOME,3,2.4062313342112187,3,2.4062313342112187
65,SIAgent12,MALE_OLD_HIGH_INCOME,2,2.1883993338542638,2,2.1748365842805093
65,WEAgent18,MALE_OLD,4,3.955924464146817,4,3.208308445614958
65,SIAgent13,MALE_YOUNG_LOW_INCOME,3,2.4398858017391283,357,0.0
65,WEAgent19,FEMALE_YOUNG_LOW_INCOME,3,3.317197285370895,3,2.5998494462348223
65,SIAgent14,MALE_LOW_INCOME,6,5.38365062046473,6,4.812462668422437
65,WEAgent16,FEMALE_YOUNG_LOW_INCOME,3,2.965483010101158,3,2.5998494462348223
65,WEAgent17,FEMALE_OLD_HIGH_INCOME,1,0.9512060417934123,1,0.7615299151111057
65,WEAgent14,MALE_OLD_LOW_INCOME,3,2.776302572079448,3,2.4062313342112187
65,WEAgent15,MALE_YOUNG_HIGH_INCOME,1,0.9480787948625065,1,0.8020771114037395
65,WEAgent12,FEMALE_OLD_HIGH_INCOME,1,0.96183064676259,1,0.7615299151111057
65,WEAgent13,FEMALE_YOUNG_LOW_INCOME,3,2.5998494462348223,371,1.733232964156548
65,WEAgent9,FEMALE_YOUNG_HIGH_INCOME,1,1.0698946679026273,47,0.0
65,WEAgent10,MALE_OLD_LOW_INCOME,3,2.952420368229589,346,0.0
65,WEAgent11,MALE_OLD,4,3.834037215927461,175,0.8020771114037395
65,WEAgent7,MALE_OLD_LOW_INCOME,3,3.4995777261549463,4,3.208308445614958
65,WEAgent8,MALE_YOUNG_HIGH_INCOME,1,1.0266736590379686,1,0.8020771114037395
65,WEAgent1,FEMALE_OLD_LOW_INCOME,4,4.724223583125117,6,4.569179490666634
65,WEAgent2,FEMALE_OLD_LOW_INCOME,4,3.818264195428483,454,3.807649575555528
65,WEAgent0,FEMALE_OLD_LOW_INCOME,4,4.262082600618009,5,3.807649575555528
65,SIAgent9,MALE_LOW_INCOME,6,5.851709257791082,6,5.616472088497572
65,WEAgent5,MALE_YOUNG_HIGH_INCOME,1,1.0153971144882645,1,0.8020771114037395
65,WEAgent6,FEMALE_OLD,5,4.813776009794244,86,3.0461196604444227
65,SIAgent7,MALE_YOUNG,4,3.8219218816759954,4,3.754589223562141
65,WEAgent3,OLD_HIGH_INCOME,2,1.826327641644511,2,1.5230598302222114
65,SIAgent8,FEMALE_OLD_LOW_INCOME,4,3.985366503295935,4,3.336165859295971
65,WEAgent4,MALE_HIGH_INCOME,2,1.6249935227295509,81,0.0
65,SIAgent5,MALE_HIGH_INCOME,2,2.1748365842805093,2,1.9109609408379977
65,SIAgent6,FEMALE_OLD_LOW_INCOME,4,3.336165859295971,4,3.0461196604444227
65,SIAgent3,YOUNG_HIGH_INCOME,2,1.759859114703095,2,1.604154222807479
65,SIAgent4,MALE_YOUNG_LOW_INCOME,3,2.815941917671606,3,2.4398858017391283
65,SIAgent1,FEMALE_OLD_LOW_INCOME,4,3.0461196604444227,4,3.0461196604444227
65,SIAgent2,FEMALE_OLD_HIGH_INCOME,1,1.0084511535869471,1,0.7615299151111057
65,SIAgent0,FEMALE_YOUNG_LOW_INCOME,3,3.022580358150047,3,2.5998494462348223
66,SIAgent10,FEMALE_YOUNG_LOW_INCOME,3,2.4919018494398166,361,1.6612678996265444
66,SIAgent11,FEMALE_YOUNG_HIGH_INCOME,1,1.0000785115734954,1,0.9029455147902347
66,SIAgent12,MALE_LOW_INCOME,6,6.038735113827157,6,5.545995679115654
66,WEAgent18,OLD_HIGH_INCOME,2,2.216074912328111,2,1.886720997812132
66,SIAgent13,FEMALE_YOUNG,4,3.8264441512979106,4,3.322535799253089
66,WEAgent19,FEMALE_YOUNG_LOW_INCOME,3,2.808658400566216,3,2.4919018494398166
66,SIAgent14,OLD_LOW_INCOME,6,6.263058991566821,21,6.038735113827157
66,WEAgent16,MALE_HIGH_INCOME,2,1.8829881453874733,2,1.7736904791122996
66,WEAgent17,MALE_OLD_HIGH_INCOME,2,2.3168570230648537,2,1.886720997812132
66,WEAgent14,OLD_LOW_INCOME,6,6.145362749066341,328,5.660162993436396
66,WEAgent15,FEMALE_YOUNG,4,4.1692685811603765,5,4.153169749066361
66,WEAgent12,FEMALE_HIGH_INCOME,1,0.8344959200133872,1,0.8306339498132722
66,WEAgent13,MALE_YOUNG_LOW_INCOME,3,3.105929760951781,3,3.102652866520648
66,WEAgent9,MALE_OLD_LOW_INCOME,3,3.1139399191136694,3,2.830081496718198
66,WEAgent10,MALE_YOUNG,4,4.51958598583934,78,2.6605357186684495
66,WEAgent11,MALE_YOUNG,4,3.5672360565690235,4,3.547380958224599
66,WEAgent7,FEMALE_HIGH_INCOME,1,1.0714293925248308,1,0.8306339498132722
66,WEAgent8,OLD_LOW_INCOME,6,5.685716043547404,6,5.660162993436396
66,WEAgent1,MALE_OLD,4,3.9900669271552602,155,0.943360498906066
66,WEAgent2,FEMALE_OLD,5,4.85152442774349,87,3.773441995624264
66,WEAgent0,FEMALE_YOUNG_HIGH_INCOME,1,1.0030635690393006,57,0.8306339498132722
66,SIAgent9,FEMALE_YOUNG_HIGH_INCOME,1,0.9029455147902347,1,0.8306339498132722
66,WEAgent5,MALE_LOW_INCOME,6,5.660162993436396,6,5.660162993436396
66,WEAgent6,MALE_YOUNG_HIGH_INCOME,1,0.8868452395561498,1,0.8868452395561498
66,SIAgent7,FEMALE_YOUNG,4,3.9195949743706526,4,3.8264441512979106
66,WEAgent3,MALE_OLD_LOW_INCOME,3,3.025616546275308,3,2.830081496718198
66,SIAgent8,MALE_YOUNG,4,4.126247821504216,4,3.659274681303523
66,WEAgent4,MALE_YOUNG_LOW_INCOME,3,3.102652866520648,3,3.102652866520648
66,SIAgent5,FEMALE_HIGH_INCOME,1,0.9662771189268721,1,0.943360498906066
66,SIAgent6,FEMALE_YOUNG,4,4.311129699154476,4,3.959954510332317
66,SIAgent3,MALE_HIGH_INCOME,2,2.212115191943549,2,1.886720997812132
66,SIAgent4,FEMALE_OLD_LOW_INCOME,4,4.24387193877716,4,4.175372661044547
66,SIAgent1,FEMALE_OLD_HIGH_INCOME,1,0.9862839279447735,1,0.9662771189268721
66,SIAgent2,MALE_YOUNG,4,3.659274681303523,26,3.547380958224599
66,SIAgent0,FEMALE_YOUNG_LOW_INCOME,3,3.5218286020938905,3,3.233347274365857
67,SIAgent10,MALE_LOW_INCOME,6,6.399587531731426,15,5.869845502643834
67,SIAgent11,FEMALE_OLD_HIGH_INCOME,1,1.0249079256969125,1,0.8776848115278721
67,SIAgent12,MALE_YOUNG,4,3.5517599484265157,4,3.4567098982216553
67,WEAgent18,FEMALE_OLD_HIGH_INCOME,1,1.1477186485527031,1,0.8776848115278721
67,SIAgent13,MALE_OLD_HIGH_INCOME,2,1.9689872562645925,165,1.9689872562645925
67,WEAgent19,FEMALE_OLD,5,5.679557002494246,68,4.3884240576393605
67,SIAgent14,MALE_HIGH_INCOME,2,2.1759241942925063,2,2.011564694698393
67,WEAgent16,MALE_YOUNG,4,4.022976951403163,5,3.889402406573886
67,WEAgent17,OLD_HIGH_INCOME,2,2.0774175621773026,2,1.7553696230557443
67,WEAgent14,FEMALE_OLD_LOW_INCOME,4,4.196779368892784,4,3.5107392461114886
67,WEAgent15,FEMALE_YOUNG_LOW_INCOME,3,3.381117126449907,3,2.6330544345836167
67,WEAgent12,MALE_YOUNG,4,3.111521925259109,4,3.111521925259109
67,WEAgent13,YOUNG_LOW_INCOME,6,5.185064847332483,333,2.5925324236662415
67,WEAgent9,YOUNG_LOW_INCOME,6,6.157213866634098,7,6.0492423218878955
67,WEAgent10,MALE_OLD_HIGH_INCOME,2,2.216181727023719,2,1.9689872562645925
67,WEAgent11,FEMALE_OLD_LOW_INCOME,4,3.5107392461114886,473,0.0
67,WEAgent7,FEMALE_YOUNG,4,3.4927533355399634,42,1.5557609626295545
67,WEAgent8,FEMALE_YOUNG_LOW_INCOME,3,3.0798527530028608,386,0.8776848115278721
67,WEAgent1,FEMALE_OLD_LOW_INCOME,4,3.7698974150240243,4,3.5107392461114886
67,WEAgent2,MALE_YOUNG,4,4.503035215018704,74,2.333641443944332
67,WEAgent0,MALE_OLD_HIGH_INCOME,2,2.01901306722959,2,1.9689872562645925
67,SIAgent9,MALE_YOUNG_HIGH_INCOME,1,1.1659827883890874,1,1.0879620971462531
67,WEAgent5,FEMALE_OLD,5,5.093683764659816,5,4.3884240576393605
67,WEAgent6,MALE_YOUNG,4,3.928575431062794,5,3.889402406573886
67,SIAgent7,MALE_YOUNG,4,4.383260779429981,4,4.266391687820951
67,WEAgent3,FEMALE_YOUNG_HIGH_INCOME,1,1.2938531496168828,1,0.7778804813147773
67,SIAgent8,YOUNG_LOW_INCOME,6,5.869845502643834,6,5.327639922639773
67,WEAgent4,MALE_OLD_HIGH_INCOME,2,2.505246992022487,2,1.9689872562645925
67,SIAgent5,FEMALE_YOUNG,4,4.0767957584032395,4,3.9132303350958892
67,SIAgent6,YOUNG_HIGH_INCOME,2,2.0541421331321934,2,1.7758799742132578
67,SIAgent3,FEMALE_LOW_INCOME,7,6.149070345882983,7,6.143793680695104
67,SIAgent4,OLD_HIGH_INCOME,2,2.121715167630838,2,2.049815851393825
67,SIAgent1,FEMALE_YOUNG_LOW_INCOME,3,2.9016911172839213,3,2.6330544345836167
67,SIAgent2,FEMALE_LOW_INCOME,7,8.200043716635006,8,7.731310560525328
67,SIAgent0,MALE_OLD_HIGH_INCOME,2,2.426591581546431,2,2.1759241942925063
68,SIAgent10,MALE_OLD,4,3.492519564513313,485,0.8731298911283283
68,SIAgent11,MALE_HIGH_INCOME,2,2.1127979637273215,2,1.7462597822566566
68,SIAgent12,MALE_YOUNG_HIGH_INCOME,1,0.8631547718929466,1,0.7952397038362201
68,WEAgent18,MALE_OLD_HIGH_INCOME,2,1.7513640972432103,2,1.7462597822566566
68,SIAgent13,MALE_YOUNG,4,4.648991878344801,4,4.397744413886326
68,WEAgent19,MALE_OLD_LOW_INCOME,3,2.8072424977548796,3,2.6838244945050613
68,SIAgent14,OLD_LOW_INCOME,6,6.207973958599894,6,5.537432820088391
68,WEAgent16,MALE_OLD_LOW_INCOME,3,3.285786430092561,3,2.7160419050651
68,WEAgent17,YOUNG_HIGH_INCOME,2,2.3034178083419774,2,1.5904794076724402
68,WEAgent14,FEMALE_OLD_LOW_INCOME,4,4.65611281601814,4,4.462254685635133
68,WEAgent15,MALE_YOUNG_HIGH_INCOME,1,1.1126687470144212,1,0.7952397038362201
68,WEAgent12,MALE_YOUNG_HIGH_INCOME,1,1.0384909932653443,97,0.7952397038362201
68,WEAgent13,YOUNG_HIGH_INCOME,2,2.352762567664337,33,1.5904794076724402
68,WEAgent9,MALE_OLD_HIGH_INCOME,2,2.224989372452163,2,1.7462597822566566
68,WEAgent10,OLD_LOW_INCOME,6,5.4320838101302,6,5.4320838101302
68,WEAgent11,FEMALE_YOUNG,4,3.6799946958848624,4,3.1809588153448805
68,WEAgent7,FEMALE_YOUNG,4,4.317362039224896,5,3.9761985191811005
68,WEAgent8,FEMALE_HIGH_INCOME,1,0.9779587496885194,1,0.7952397038362201
68,WEAgent1,FEMALE_HIGH_INCOME,1,1.0549624347845212,1,0.7952397038362201
68,WEAgent2,FEMALE_OLD_HIGH_INCOME,1,0.8747190210695576,80,0.8747190210695576
68,WEAgent0,FEMALE_LOW_INCOME,7,5.750101235610213,7,5.566677926853541
68,SIAgent9,FEMALE_OLD,5,4.632085518400024,24,4.373595105347788
68,WEAgent5,FEMALE_HIGH_INCOME,1,1.0308906129384048,1,0.7952397038362201
68,WEAgent6,YOUNG_LOW_INCOME,6,5.999804208170768,7,5.566677926853541
68,SIAgent7,YOUNG_HIGH_INCOME,2,2.1081329333464263,2,1.7434709998703721
68,WEAgent3,FEMALE_OLD_HIGH_INCOME,1,1.0732341740481177,1,0.8747190210695576
68,SIAgent8,FEMALE_OLD,5,5.577818357043917,5,5.080749048754348
68,WEAgent4,YOUNG_LOW_INCOME,6,6.3442493679184775,343,3.9761985191811005
68,SIAgent5,YOUNG_LOW_INCOME,6,4.771438223017321,18,4.771438223017321
68,SIAgent6,MALE_YOUNG_LOW_INCOME,3,2.9993232120660713,3,2.8732426241236677
68,SIAgent3,FEMALE_OLD_HIGH_INCOME,1,1.0003374798798015,1,0.9264171036800048
68,SIAgent4,OLD_LOW_INCOME,6,6.23920982734483,6,6.2079739585998945
68,SIAgent1,YOUNG_LOW_INCOME,6,6.682690864045331,6,5.9145926988372075
68,SIAgent2,MALE_YOUNG_HIGH_INCOME,1,0.8717354999351861,1,0.8631547718929466
68,SIAgent0,YOUNG_LOW_INCOME,6,5.746485248247335,7,5.671491246143067
69,SIAgent10,FEMALE_LOW_INCOME,7,7.75068948251062,7,7.211054062966843
69,SIAgent11,FEMALE_YOUNG_HIGH_INCOME,1,0.9564425991764334,1,0.9120471859886894
69,SIAgent12,FEMALE_OLD,5,5.241635690040172,5,5.021152248138661
69,WEAgent18,FEMALE_HIGH_INCOME,1,1.0543655454838095,1,0.8516235729889177
69,SIAgent13,MALE_YOUNG_HIGH_INCOME,1,0.9291629125175066,1,0.9120471859886894
69,WEAgent19,FEMALE_OLD,5,5.139423168454697,105,3.4064942919556707
69,SIAgent14,OLD_HIGH_INCOME,2,1.988765491997756,2,1.7032471459778353
69,WEAgent16,MALE_YOUNG_LOW_INCOME,3,2.918868766105762,3,2.555146781089523
69,WEAgent17,FEMALE_YOUNG_LOW_INCOME,3,2.8535637612826723,380,0.0
69,WEAgent14,MALE_YOUNG,4,4.14169490455183,4,3.4064942919556707
69,WEAgent15,OLD_LOW_INCOME,6,5.678762293941057,345,4.2585779684825384
69,WEAgent12,FEMALE_YOUNG_HIGH_INCOME,1,0.9393959758144994,1,0.8516235729889177
69,WEAgent13,FEMALE_OLD_LOW_INCOME,4,3.4068623747860305,454,0.0
69,WEAgent9,MALE_HIGH_INCOME,2,2.0799295280266845,97,1.7032471459778353
69,WEAgent10,FEMALE_YOUNG,4,4.24583859156492,4,3.4064942919556707
69,WEAgent11,MALE_LOW_INCOME,6,5.946587636401945,6,5.110293562179046
69,WEAgent7,FEMALE_OLD_HIGH_INCOME,1,1.1121367180880182,1,0.8516235729889177
69,WEAgent8,MALE_HIGH_INCOME,2,2.045214701928083,2,1.7032471459778353
69,WEAgent1,MALE_YOUNG_LOW_INCOME,3,2.7768337001939467,331,0.8517155936965076
69,WEAgent2,FEMALE_YOUNG_HIGH_INCOME,1,1.1401781287298862,1,0.8516235729889177
69,WEAgent0,MALE_OLD_LOW_INCOME,3,3.651361451195398,4,3.4068623747860305
69,SIAgent9,FEMALE_HIGH_INCOME,1,1.026309323113146,1,0.9564425991764334
69,WEAgent5,FEMALE_YOUNG_HIGH_INCOME,1,0.9495015510240952,46,0.8516235729889177
69,WEAgent6,OLD_LOW_INCOME,6,5.828364189425564,6,5.110293562179046
69,SIAgent7,YOUNG_HIGH_INCOME,2,2.295181141933764,2,2.052618646226292
69,WEAgent3,MALE_OLD_HIGH_INCOME,2,1.7032471459778353,153,0.8516235729889177
69,SIAgent8,OLD_LOW_INCOME,6,6.025382697766393,6,5.578119651060614
69,WEAgent4,MALE_OLD,4,4.085712383625805,4,3.4064942919556707
69,SIAgent5,FEMALE_OLD_LOW_INCOME,4,4.63936379318028,4,4.428965418577497
69,SIAgent6,MALE_YOUNG_LOW_INCOME,3,2.8621539198587977,3,2.6493008190117058
69,SIAgent3,YOUNG_LOW_INCOME,6,5.2986016380234116,6,5.110293562179046
69,SIAgent4,FEMALE_YOUNG_LOW_INCOME,3,3.34839914998512,3,3.3217240639331225
69,SIAgent1,FEMALE_YOUNG_LOW_INCOME,3,2.954127559390009,3,2.6493008190117058
69,SIAgent2,MALE_LOW_INCOME,6,5.812032695501399,6,5.724307839717595
69,SIAgent0,YOUNG_HIGH_INCOME,2,1.8240943719773788,2,1.7032471459778353
70,SIAgent10,MALE_LOW_INCOME,6,6.381408615646893,6,6.106515333592015
70,SIAgent11,FEMALE_OLD_LOW_INCOME,4,3.9528984143079704,4,3.7432411250541566
70,SIAgent12,FEMALE_HIGH_INCOME,1,1.0201950784927243,1,0.9801883920963761
70,WEAgent18,MALE_OLD_HIGH_INCOME,2,2.13774600126737,2,1.732662820347628
70,SIAgent13,FEMALE_OLD_HIGH_INCOME,1,0.9544570854360348,1,0.887222027298805
70,WEAgent19,MALE_OLD_LOW_INCOME,3,2.8373270787909033,3,2.577967479534669
70,SIAgent14,FEMALE_HIGH_INCOME,1,0.9801883920963761,1,0.954353544491905
70,WEAgent16,MALE_YOUNG,4,4.469018255123114,96,4.296612465891116
70,WEAgent17,FEMALE_OLD,5,5.474178502090443,77,3.234154287021424
70,WEAgent14,OLD_LOW_INCOME,6,5.380961466245211,6,5.155934959069339
70,WEAgent15,MALE_OLD_LOW_INCOME,3,2.8222114325226895,3,2.577967479534669
70,WEAgent12,MALE_OLD_LOW_INCOME,3,3.3355396997318305,3,2.577967479534669
70,WEAgent13,YOUNG_HIGH_INCOME,2,1.5245116213031904,2,1.5245116213031904
70,WEAgent9,FEMALE_YOUNG_HIGH_INCOME,1,0.8283575790648733,41,0.7622558106515952
70,WEAgent10,MALE_OLD_HIGH_INCOME,2,1.732662820347628,156,0.866331410173814
70,WEAgent11,FEMALE_HIGH_INCOME,1,1.1086874167391687,1,0.7622558106515952
70,WEAgent7,FEMALE_LOW_INCOME,7,6.015257452247562,7,6.015257452247562
70,WEAgent8,MALE_OLD_LOW_INCOME,3,2.9909993846849328,3,2.577967479534669
70,WEAgent1,FEMALE_LOW_INCOME,7,7.277930556297748,397,1.7186449863564461
70,WEAgent2,FEMALE_HIGH_INCOME,1,0.9679091080805049,1,0.7622558106515952
70,WEAgent0,FEMALE_HIGH_INCOME,1,0.8423581880658223,1,0.7622558106515952
70,SIAgent9,FEMALE_OLD_HIGH_INCOME,1,0.887222027298805,1,0.808538571755356
70,WEAgent5,MALE_LOW_INCOME,6,5.886974664951287,326,5.155934959069339
70,WEAgent6,YOUNG_LOW_INCOME,6,6.435278105657252,361,0.0
70,SIAgent7,OLD_LOW_INCOME,6,6.826293689859613,6,5.954184285658506
70,WEAgent3,OLD_HIGH_INCOME,2,2.3306608592543174,2,1.617077143510712
70,SIAgent8,OLD_LOW_INCOME,6,5.614861687581235,6,5.003583194800738
70,WEAgent4,MALE_YOUNG,4,4.1608198661189295,4,3.4372899727128923
70,SIAgent5,FEMALE_OLD_HIGH_INCOME,1,1.0373424336203179,1,0.9801883920963761
70,SIAgent6,FEMALE_HIGH_INCOME,1,1.1391624351063727,1,1.0373424336203179
70,SIAgent3,FEMALE_YOUNG_LOW_INCOME,3,2.756359898911306,3,2.577967479534669
70,SIAgent4,MALE_OLD_LOW_INCOME,3,2.813153306228161,3,2.8074308437906175
70,SIAgent1,FEMALE_OLD,5,4.04269285877678,83,4.04269285877678
70,SIAgent2,MALE_YOUNG,4,4.071010222394677,4,3.4372899727128923
70,SIAgent0,FEMALE_YOUNG_HIGH_INCOME,1,0.954353544491905,1,0.7622558106515952
71,SIAgent10,MALE_LOW_INCOME,6,6.2819740552834435,6,6.123410932959052
71,SIAgent11,MALE_OLD_LOW_INCOME,3,3.3553530426765286,3,3.302164308629629
71,SIAgent12,MALE_YOUNG,4,4.208405855399282,4,3.9729846847543095
71,WEAgent18,MALE_HIGH_INCOME,2,2.2490110091151903,2,1.6639953142251769
71,SIAgent13,MALE_OLD_LOW_INCOME,3,3.302164308629629,3,3.1409870276417218
71,WEAgent19,MALE_YOUNG_HIGH_INCOME,1,0.9866659407115952,1,0.8319976571125884
71,SIAgent14,MALE_HIGH_INCOME,2,1.6639953142251769,2,1.6639953142251769
71,WEAgent16,FEMALE_LOW_INCOME,7,6.298774241912816,7,6.243052211799938
71,WEAgent17,MALE_OLD,4,3.8598859886103214,155,2.6692994168413184
71,WEAgent14,FEMALE_OLD_HIGH_INCOME,1,1.186066601587811,1,0.8519349857600296
71,WEAgent15,MALE_YOUNG_LOW_INCOME,3,2.8657180310040222,337,2.6692994168413184
71,WEAgent12,MALE_YOUNG,4,3.9744254422468135,4,3.3279906284503538
71,WEAgent13,FEMALE_YOUNG,4,4.011912262408447,37,2.495992971337765
71,WEAgent9,MALE_OLD_HIGH_INCOME,2,2.131027086761105,2,1.779532944560879
71,WEAgent10,YOUNG_LOW_INCOME,6,5.358581729981934,6,5.338598833682637
71,WEAgent11,MALE_YOUNG_HIGH_INCOME,1,1.0680654170030712,1,0.8319976571125884
71,WEAgent7,MALE_YOUNG,4,3.7363573397873773,4,3.3279906284503538
71,WEAgent8,FEMALE_OLD_HIGH_INCOME,1,0.8519349857600296,1,0.8519349857600296
71,WEAgent1,MALE_YOUNG_HIGH_INCOME,1,0.8778911333091016,95,0.8319976571125884
71,WEAgent2,MALE_OLD_LOW_INCOME,3,3.0792025536859335,326,2.6692994168413184
71,WEAgent0,YOUNG_HIGH_INCOME,2,1.7599707314762871,2,1.6639953142251769
71,SIAgent9,MALE_LOW_INCOME,6,7.032040452210548,6,6.578006984601679
71,WEAgent5,YOUNG_HIGH_INCOME,2,2.3821274571975817,2,1.6639953142251769
71,WEAgent6,MALE_YOUNG_HIGH_INCOME,1,1.0710624410558267,1,0.8319976571125884
71,SIAgent7,YOUNG_LOW_INCOME,6,6.269245334876886,6,5.5673292825036365
71,WEAgent3,OLD_LOW_INCOME,6,6.259684376637667,7,6.228365305963076
71,SIAgent8,FEMALE_OLD,5,4.357051091615469,19,4.259674928800148
71,WEAgent4,FEMALE_OLD,5,5.313037729781586,71,0.8519349857600296
71,SIAgent5,MALE_OLD,4,3.674512982736858,4,3.559065889121758
71,SIAgent6,MALE_HIGH_INCOME,2,2.182073973658103,2,1.837256491368429
71,SIAgent3,FEMALE_YOUNG_LOW_INCOME,3,2.7836646412518182,3,2.6994746751054923
71,SIAgent4,FEMALE_YOUNG_HIGH_INCOME,1,1.0397190638207532,1,0.8319976571125884
71,SIAgent1,YOUNG_LOW_INCOME,6,5.3511876101142315,18,5.338598833682637
71,SIAgent2,MALE_YOUNG_LOW_INCOME,3,3.1401866764071675,3,2.6755938050571157
71,SIAgent0,MALE_YOUNG_LOW_INCOME,3,2.6692994168413184,3,2.6692994168413184
72,SIAgent10,FEMALE_LOW_INCOME,7,7.673231372531668,7,7.13443540164184
72,SIAgent11,YOUNG_LOW_INCOME,6,6.094121066343654,6,5.918839436004287
72,SIAgent12,MALE_YOUNG_HIGH_INCOME,1,1.0733249377946457,1,0.8561089152562096
72,WEAgent18,OLD_LOW_INCOME,6,6.023046824483964,347,2.705668336043055
72,SIAgent13,FEMALE_HIGH_INCOME,1,0.967960965170586,1,0.8019674385104291
72,WEAgent19,MALE_HIGH_INCOME,2,2.3415834254991137,108,1.7122178305124192
72,SIAgent14,FEMALE_HIGH_INCOME,1,1.0860575473188838,1,1.0403143352981874
72,WEAgent16,MALE_YOUNG_HIGH_INCOME,1,0.9336763469227237,1,0.8561089152562096
72,WEAgent17,OLD_HIGH_INCOME,2,1.9518938313300047,2,1.679236354730591
72,WEAgent14,MALE_OLD,4,3.972892376284401,4,3.6075577813907396
72,WEAgent15,FEMALE_OLD,5,4.198090886826478,83,1.679236354730591
72,WEAgent12,FEMALE_HIGH_INCOME,1,1.0858011823640712,1,0.8019674385104291
72,WEAgent13,MALE_YOUNG_LOW_INCOME,3,3.2962576508748334,351,0.0
72,WEAgent9,FEMALE_OLD_HIGH_INCOME,1,1.033546214114478,1,0.8396181773652955
72,WEAgent10,FEMALE_YOUNG_LOW_INCOME,3,3.195614358761048,353,1.8050057747449824
72,WEAgent11,FEMALE_LOW_INCOME,7,7.386011836035409,8,7.220023098979929
72,WEAgent7,FEMALE_OLD_HIGH_INCOME,1,0.9862762438091576,1,0.8396181773652955
72,WEAgent8,MALE_OLD_LOW_INCOME,3,2.949935639386243,3,2.705668336043055
72,WEAgent1,MALE_OLD_LOW_INCOME,3,2.705668336043055,3,2.705668336043055
72,WEAgent2,FEMALE_YOUNG,4,3.945140589382545,40,2.405902315531287
72,WEAgent0,FEMALE_OLD_LOW_INCOME,4,3.6100115494899647,479,0.0
72,SIAgent9,MALE_YOUNG_HIGH_INCOME,1,0.8561089152562096,1,0.8561089152562096
72,WEAgent5,MALE_OLD_HIGH_INCOME,2,1.9932413157748656,151,1.8037788906953698
72,WEAgent6,FEMALE_HIGH_INCOME,1,0.8019674385104291,1,0.8019674385104291
72,SIAgent7,MALE_LOW_INCOME,6,6.812436887982781,6,6.795754209484648
72,WEAgent3,FEMALE_HIGH_INCOME,1,1.0490484165727776,1,0.8019674385104291
72,SIAgent8,FEMALE_OLD,5,4.774486524495563,5,4.512514436862456
72,WEAgent4,MALE_OLD_LOW_INCOME,3,2.9727239237810905,3,2.705668336043055
72,SIAgent5,FEMALE_YOUNG_LOW_INCOME,3,2.812574118711285,3,2.7075086621174735
72,SIAgent6,MALE_LOW_INCOME,6,6.795754209484647,6,5.980323667300729
72,SIAgent3,FEMALE_OLD,5,5.2015716764909365,5,5.003408069427081
72,SIAgent4,FEMALE_OLD,5,5.614297155754115,5,5.480879551808334
72,SIAgent1,FEMALE_LOW_INCOME,7,7.004771297197914,7,6.632163338307736
72,SIAgent2,MALE_YOUNG_LOW_INCOME,3,2.7462940997316165,3,2.7075086621174735
72,SIAgent0,OLD_HIGH_INCOME,2,2.050244581135322,2,1.8037788906953698
73,SIAgent10,OLD_HIGH_INCOME,2,2.107799159166193,2,2.097425749201663
73,SIAgent11,MALE_YOUNG_LOW_INCOME,3,3.141448478059796,3,3.0419321984536483
73,SIAgent12,FEMALE_YOUNG_HIGH_INCOME,1,0.9722731613320275,1,0.7998047013101743
73,WEAgent18,FEMALE_YOUNG_LOW_INCOME,3,3.2725054953109898,3,2.8338758345084116
73,SIAgent13,FEMALE_OLD_LOW_INCOME,4,3.7785011126778825,499,0.0
73,WEAgent19,MALE_OLD_HIGH_INCOME,2,1.5996094026203487,2,1.5996094026203487
73,SIAgent14,FEMALE_OLD,5,4.802226938237324,5,4.730483528546856
73,WEAgent16,FEMALE_YOUNG,4,4.0272259174727685,43,3.9990235065508717
73,WEAgent17,FEMALE_HIGH_INCOME,1,1.1195379961711944,1,0.7998047013101743
73,WEAgent14,MALE_OLD_LOW_INCOME,3,3.1015853680808245,3,2.6763976870168937
73,WEAgent15,FEMALE_YOUNG_HIGH_INCOME,1,1.0989780376377563,1,0.7998047013101743
73,WEAgent12,FEMALE_LOW_INCOME,7,7.437706096722558,393,0.0
73,WEAgent13,MALE_OLD_HIGH_INCOME,2,2.0582509814478294,2,1.5996094026203487
73,WEAgent9,FEMALE_YOUNG,4,3.6167228472988393,4,3.1992188052406973
73,WEAgent10,MALE_HIGH_INCOME,2,1.9538246686827727,2,1.5996094026203487
73,WEAgent11,OLD_HIGH_INCOME,2,1.8577737625033142,86,0.0
73,WEAgent7,MALE_LOW_INCOME,6,5.3527953740337875,6,5.3527953740337875
73,WEAgent8,OLD_LOW_INCOME,6,6.454209313372084,331,4.460662811694823
73,WEAgent1,MALE_YOUNG_LOW_INCOME,3,3.0419321984536483,332,0.0
73,WEAgent2,MALE_OLD,4,3.770337221469875,142,1.5996094026203487
73,WEAgent0,FEMALE_YOUNG_HIGH_INCOME,1,1.088905712939981,1,0.7998047013101743
73,SIAgent9,OLD_HIGH_INCOME,2,1.8239309403671262,2,1.743032516175932
73,WEAgent5,OLD_LOW_INCOME,6,6.011348551213782,6,5.3527953740337875
73,WEAgent6,MALE_OLD_HIGH_INCOME,2,1.6780105276473813,2,1.5996094026203487
73,SIAgent7,MALE_OLD,4,3.486065032351864,4,3.1992188052406973
73,WEAgent3,FEMALE_YOUNG_HIGH_INCOME,1,0.9247842906859267,1,0.7998047013101743
73,SIAgent8,MALE_OLD,4,4.194851498403326,4,3.568530249355858
73,WEAgent4,MALE_YOUNG_HIGH_INCOME,1,1.0784895527881089,102,0.7998047013101743
73,SIAgent5,FEMALE_OLD_HIGH_INCOME,1,0.9519824158689728,1,0.7998047013101743
73,SIAgent6,OLD_HIGH_INCOME,2,1.9473458745946948,2,1.8239309403671262
73,SIAgent3,MALE_YOUNG_HIGH_INCOME,1,0.9670034767695929,1,0.7998047013101743
73,SIAgent4,FEMALE_LOW_INCOME,7,7.158620280085891,7,6.612376947186295
73,SIAgent1,FEMALE_HIGH_INCOME,1,1.1168092368877363,1,1.0769971499813906
73,SIAgent2,FEMALE_HIGH_INCOME,1,1.0769971499813906,1,0.9736729372973474
73,SIAgent0,FEMALE_OLD_LOW_INCOME,4,4.480247146984366,4,4.028425507684276
74,SIAgent10,MALE_OLD,4,3.887484168811576,4,3.59531821375072
74,SIAgent11,MALE_OLD_LOW_INCOME,3,2.962886233157367,3,2.9197472434875706
74,SIAgent12,FEMALE_LOW_INCOME,7,7.935589104941292,13,7.171207148417454
74,WEAgent18,YOUNG_LOW_INCOME,6,6.155366700637733,7,5.978665844046634
74,SIAgent13,FEMALE_YOUNG_LOW_INCOME,3,3.0733744921789095,3,2.8100319421411912
74,WEAgent19,FEMALE_YOUNG_HIGH_INCOME,1,0.8597689456531994,1,0.847329217140792
74,SIAgent14,MALE_OLD,4,4.0701703072932025,4,3.950514977543156
74,WEAgent16,YOUNG_HIGH_INCOME,2,1.711917732292945,2,1.694658434281584
74,WEAgent17,YOUNG_LOW_INCOME,6,5.124570723468543,342,5.124570723468543
74,WEAgent14,YOUNG_LOW_INCOME,6,5.741074488263754,6,5.124570723468543
74,WEAgent15,FEMALE_LOW_INCOME,7,6.556741198329446,404,1.7460095841689327
74,WEAgent12,MALE_OLD,4,4.493482227395982,155,0.847329217140792
74,WEAgent13,MALE_OLD_HIGH_INCOME,2,1.694658434281584,2,1.694658434281584
74,WEAgent9,MALE_OLD_HIGH_INCOME,2,1.9617199325421826,2,1.694658434281584
74,WEAgent10,MALE_OLD_LOW_INCOME,3,2.9701852489679026,3,2.6045923776288014
74,WEAgent11,MALE_OLD_LOW_INCOME,3,2.6045923776288014,317,2.6045923776288014
74,WEAgent7,MALE_OLD_LOW_INCOME,3,2.673982793881576,3,2.6045923776288014
74,WEAgent8,MALE_OLD_HIGH_INCOME,2,2.00400425565975,2,1.694658434281584
74,WEAgent1,FEMALE_HIGH_INCOME,1,0.9980097699448119,1,0.847329217140792
74,WEAgent2,OLD_LOW_INCOME,6,5.427961473410606,6,5.209184755257603
74,WEAgent0,OLD_LOW_INCOME,6,5.849562396650913,6,5.209184755257603
74,SIAgent9,OLD_HIGH_INCOME,2,1.9006597794691364,2,1.694658434281584
74,WEAgent5,FEMALE_OLD_HIGH_INCOME,1,1.0682886437799886,74,0.0
74,WEAgent6,MALE_YOUNG_LOW_INCOME,3,2.8040242659894634,3,2.562285361734271
74,SIAgent7,MALE_OLD_LOW_INCOME,3,3.520286226230002,3,3.0526277304699017
74,WEAgent3,MALE_OLD_HIGH_INCOME,2,1.7461265318142283,2,1.694658434281584
74,SIAgent8,MALE_YOUNG_LOW_INCOME,3,2.9377166596028617,3,2.619014376253399
74,WEAgent4,FEMALE_YOUNG,4,3.9190588970263818,46,0.847329217140792
74,SIAgent5,FEMALE_YOUNG_HIGH_INCOME,1,0.8888552562924041,1,0.847329217140792
74,SIAgent6,MALE_OLD_LOW_INCOME,3,2.9197472434875706,3,2.915613126608682
74,SIAgent3,YOUNG_LOW_INCOME,6,5.238028752506798,6,5.124570723468543
74,SIAgent4,FEMALE_OLD_HIGH_INCOME,1,0.9678613670254087,1,0.9503298897345682
74,SIAgent1,YOUNG_HIGH_INCOME,2,2.0687322698542125,7,1.7777105125848083
74,SIAgent2,MALE_OLD_HIGH_INCOME,2,2.1869431579441767,2,2.0350851536466013
74,SIAgent0,MALE_OLD_LOW_INCOME,3,2.605786902026852,3,2.6045923776288014
75,SIAgent10,FEMALE_YOUNG_LOW_INCOME,3,3.3086031246195957,3,3.214235756072503
75,SIAgent11,FEMALE_OLD,5,4.339521321376492,6,4.318714563462863
75,SIAgent12,FEMALE_LOW_INCOME,7,7.499883430835839,8,7.307110538778205
75,WEAgent18,MALE_OLD_LOW_INCOME,3,3.032193179745607,366,0.0
75,SIAgent13,FEMALE_YOUNG_HIGH_INCOME,1,1.023981108246931,1,0.9877185958407098
75,WEAgent19,FEMALE_OLD_HIGH_INCOME,1,1.188690911107817,73,0.0
75,SIAgent14,MALE_YOUNG_HIGH_INCOME,1,1.0191209021772065,1,0.7765666880085087
75,WEAgent16,FEMALE_HIGH_INCOME,1,0.8503384446332805,1,0.7765666880085087
75,WEAgent17,MALE_YOUNG_HIGH_INCOME,1,1.206129788193091,1,0.7765666880085087
75,WEAgent14,FEMALE_LOW_INCOME,7,7.348897335942449,7,6.914030170884967
75,WEAgent15,MALE_YOUNG_LOW_INCOME,3,3.0729019518322707,330,2.329700064025526
75,WEAgent12,MALE_YOUNG,4,3.2441461587786784,4,3.106266752034035
75,WEAgent13,YOUNG_LOW_INCOME,6,5.459873727649495,7,5.435966816059561
75,WEAgent9,MALE_OLD,4,3.4349968594070526,4,3.4349968594070526
75,WEAgent10,MALE_YOUNG_LOW_INCOME,3,2.329700064025526,3,2.329700064025526
75,WEAgent11,FEMALE_YOUNG,4,3.736834818299792,32,2.329700064025526
75,WEAgent7,YOUNG_LOW_INCOME,6,6.253685248277492,8,6.21253350406807
75,WEAgent8,MALE_YOUNG,4,4.051484524469433,5,3.8828334400425435
75,WEAgent1,MALE_YOUNG,4,3.7943595204063794,4,3.106266752034035
75,WEAgent2,MALE_YOUNG,4,4.033001101748594,94,1.5531333760170174
75,WEAgent0,MALE_YOUNG_HIGH_INCOME,1,0.9636039006791649,1,0.7765666880085087
75,SIAgent9,MALE_HIGH_INCOME,2,1.8778055113308652,2,1.7274858253851453
75,WEAgent5,YOUNG_LOW_INCOME,6,6.771581637690771,8,6.21253350406807
75,WEAgent6,MALE_OLD,4,4.173708260164159,165,1.7174984297035263
75,SIAgent7,MALE_YOUNG_LOW_INCOME,3,3.0069886490729782,3,2.329700064025526
75,WEAgent3,MALE_HIGH_INCOME,2,1.8333881673604948,2,1.5531333760170174
75,SIAgent8,YOUNG_HIGH_INCOME,2,2.223152000058818,2,2.1848601003238257
75,WEAgent4,FEMALE_OLD_LOW_INCOME,4,4.5199553127134005,4,4.285647674763337
75,SIAgent5,FEMALE_YOUNG,4,3.950874383362839,64,3.8828334400425435
75,SIAgent6,MALE_YOUNG_HIGH_INCOME,1,1.0457164480799725,1,1.0191209021772065
75,SIAgent3,OLD_HIGH_INCOME,2,1.7274858253851453,2,1.7174984297035263
75,SIAgent4,FEMALE_YOUNG_HIGH_INCOME,1,1.03914250795329,1,1.023981108246931
75,SIAgent1,FEMALE_YOUNG_HIGH_INCOME,1,1.093245857559551,1,1.0916142427642748
75,SIAgent2,FEMALE_YOUNG_LOW_INCOME,3,3.632746952115539,3,3.3086031246195957
75,SIAgent0,YOUNG_HIGH_INCOME,2,2.1832284855285495,2,2.091432896159945
76,SIAgent10,MALE_YOUNG,4,3.4658375486329445,4,3.102722787246784
76,SIAgent11,FEMALE_LOW_INCOME,7,6.685406847512926,8,6.205445574493568
76,SIAgent12,MALE_HIGH_INCOME,2,2.1562972416291863,2,2.0534315406116455
76,WEAgent18,FEMALE_YOUNG_HIGH_INCOME,1,1.060247308531694,1,0.775680696811696
76,SIAgent13,YOUNG_HIGH_INCOME,2,2.0534315406116455,2,1.9635230202490177
76,WEAgent19,OLD_HIGH_INCOME,2,2.1489122250487367,2,1.551361393623392
76,SIAgent14,MALE_OLD_LOW_INCOME,3,2.970554983850162,3,2.3270420904350884
76,WEAgent16,MALE_LOW_INCOME,6,5.9404611745344065,7,5.429764877681872
76,WEAgent17,MALE_OLD,4,4.442973865659603,5,3.87840348405848
76,WEAgent14,MALE_OLD_LOW_INCOME,3,3.208738328037197,4,3.102722787246784
76,WEAgent15,FEMALE_HIGH_INCOME,1,1.103026407280826,1,0.775680696811696
76,WEAgent12,MALE_LOW_INCOME,6,5.324990279907043,352,3.87840348405848
76,WEAgent13,MALE_LOW_INCOME,6,6.758412854482099,8,6.2054455744935675
76,WEAgent9,MALE_OLD,4,4.8419066026046895,142,2.3270420904350884
76,WEAgent10,YOUNG_HIGH_INCOME,2,2.008375228034639,2,1.551361393623392
76,WEAgent11,FEMALE_OLD,5,4.535558177004314,64,2.3270420904350884
76,WEAgent7,YOUNG_HIGH_INCOME,2,1.9698745436234555,41,0.0
76,WEAgent8,FEMALE_LOW_INCOME,7,6.673137489367434,405,3.87840348405848
76,WEAgent1,YOUNG_HIGH_INCOME,2,2.280885302376518,2,1.551361393623392
76,WEAgent2,FEMALE_OLD_HIGH_INCOME,1,0.8090395299619193,1,0.775680696811696
76,WEAgent0,MALE_OLD,4,3.8666269673314675,4,3.102722787246784
76,SIAgent9,MALE_HIGH_INCOME,2,1.9635230202490177,2,1.909670575333474
76,WEAgent5,MALE_YOUNG_HIGH_INCOME,1,0.8258129030889653,107,0.0
76,WEAgent6,FEMALE_YOUNG_LOW_INCOME,3,3.1850956545261666,4,3.102722787246784
76,SIAgent7,MALE_OLD_HIGH_INCOME,2,2.1662742358601403,2,2.059910130939102
76,WEAgent3,OLD_HIGH_INCOME,2,2.0873779312503777,2,1.551361393623392
76,SIAgent8,FEMALE_OLD,5,4.825228620925069,11,4.775067771959837
76,WEAgent4,YOUNG_LOW_INCOME,6,5.865397717874653,357,0.0
76,SIAgent5,MALE_OLD_HIGH_INCOME,2,2.2521574579448917,2,2.1763726085326374
76,SIAgent6,FEMALE_OLD_HIGH_INCOME,1,0.8321400981632185,1,0.775680696811696
76,SIAgent3,MALE_OLD_HIGH_INCOME,2,2.1763726085326374,2,2.1662742358601403
76,SIAgent4,OLD_HIGH_INCOME,2,1.909670575333474,2,1.849499194949956
76,SIAgent1,FEMALE_OLD_HIGH_INCOME,1,0.924749597474978,1,0.8321400981632185
76,SIAgent2,FEMALE_OLD_LOW_INCOME,4,4.38517986699615,4,3.860182896740055
76,SIAgent0,FEMALE_YOUNG_LOW_INCOME,3,2.3270420904350884,3,2.3270420904350884
77,SIAgent10,OLD_HIGH_INCOME,2,1.738444369453171,2,1.5565563700862892
77,SIAgent11,OLD_HIGH_INCOME,2,1.7497803043503246,2,1.738444369453171
77,SIAgent12,FEMALE_HIGH_INCOME,1,1.0458282872352767,1,1.0104325977725088
77,WEAgent18,FEMALE_YOUNG,4,3.787289082488532,5,3.7198808228040896
77,SIAgent13,FEMALE_OLD_LOW_INCOME,4,3.8638483217900164,4,3.791346842898769
77,WEAgent19,MALE_OLD,4,4.120826102107447,169,2.334834555129434
77,SIAgent14,FEMALE_OLD,5,4.689991300165132,13,4.600018939186909
77,WEAgent16,MALE_LOW_INCOME,6,6.490623521311736,8,6.226225480345157
77,WEAgent17,FEMALE_YOUNG,4,3.7198874896412866,5,3.7198808228040896
77,WEAgent14,FEMALE_LOW_INCOME,7,5.858982846783323,383,2.510992648621424
77,WEAgent15,FEMALE_HIGH_INCOME,1,0.7481920806442461,1,0.7439761645608179
77,WEAgent12,OLD_LOW_INCOME,6,6.497374956146272,343,6.226225480345157
77,WEAgent13,MALE_LOW_INCOME,6,5.1927417690201345,6,4.669669110258868
77,WEAgent9,FEMALE_YOUNG,4,2.9759046582432718,4,2.9759046582432718
77,WEAgent10,MALE_OLD_HIGH_INCOME,2,2.0729031692334225,2,1.5565563700862892
77,WEAgent11,FEMALE_YOUNG_HIGH_INCOME,1,0.9793728277575816,24,0.7439761645608179
77,WEAgent7,OLD_HIGH_INCOME,2,2.003105352682291,69,0.0
77,WEAgent8,MALE_OLD_HIGH_INCOME,2,2.403092052665043,3,2.334834555129434
77,WEAgent1,FEMALE_YOUNG_LOW_INCOME,3,2.735885879484295,3,2.510992648621424
77,WEAgent2,FEMALE_OLD_HIGH_INCOME,1,0.9974945687511662,1,0.7782781850431446
77,WEAgent0,MALE_YOUNG,4,5.3624903038270615,92,4.184987747702373
77,SIAgent9,OLD_LOW_INCOME,6,6.108290708671647,7,5.823315086110731
77,WEAgent5,MALE_YOUNG_LOW_INCOME,3,3.171020122957842,371,0.0
77,WEAgent6,FEMALE_YOUNG,4,4.362786201615153,5,3.7198808228040896
77,SIAgent7,FEMALE_OLD_LOW_INCOME,4,3.791346842898769,4,3.7519930401321053
77,WEAgent3,MALE_YOUNG,4,3.9023451170323664,4,3.3479901981618987
77,SIAgent8,YOUNG_LOW_INCOME,6,5.528057795421553,6,5.021985297242848
77,WEAgent4,MALE_YOUNG_HIGH_INCOME,1,0.9747418490811801,1,0.8369975495404747
77,SIAgent5,MALE_YOUNG_LOW_INCOME,3,3.298817455088168,3,2.7640288977107765
77,SIAgent6,FEMALE_YOUNG_LOW_INCOME,3,3.0610166349303802,3,2.7640288977107765
77,SIAgent3,FEMALE_YOUNG_HIGH_INCOME,1,0.8509253909952568,1,0.7439761645608179
77,SIAgent4,OLD_HIGH_INCOME,2,2.0208651955450176,2,1.7497803043503246
77,SIAgent1,MALE_OLD_LOW_INCOME,3,2.334834555129434,3,2.334834555129434
77,SIAgent2,FEMALE_OLD_HIGH_INCOME,1,0.9200037878373818,1,0.7782781850431446
77,SIAgent0,FEMALE_LOW_INCOME,7,7.438056119247292,7,7.130920013846626
78,SIAgent10,YOUNG_LOW_INCOME,6,6.040918841443547,6,5.656219296287256
78,SIAgent11,FEMALE_YOUNG,4,3.9937366292790095,4,3.889682350774369
78,SIAgent12,YOUNG_HIGH_INCOME,2,2.097971703505165,2,1.6959575068782224
78,WEAgent18,MALE_OLD_LOW_INCOME,3,2.5818519462889657,3,2.5818519462889657
78,SIAgent13,FEMALE_YOUNG,4,3.889682350774369,4,3.678277303464226
78,WEAgent19,FEMALE_HIGH_INCOME,1,0.7655959454598755,1,0.7655959454598755
78,SIAgent14,FEMALE_OLD_HIGH_INCOME,1,1.1076811159253592,1,0.8072147629695512
78,WEAgent16,FEMALE_YOUNG_LOW_INCOME,3,2.7269105779156972,355,1.8179403852771314
78,WEAgent17,FEMALE_HIGH_INCOME,1,1.0296032041005774,51,0.7655959454598755
78,WEAgent14,FEMALE_OLD_HIGH_INCOME,1,1.1091360310310956,63,0.8072147629695512
78,WEAgent15,FEMALE_HIGH_INCOME,1,1.1022771866843593,1,0.7655959454598755
78,WEAgent12,OLD_LOW_INCOME,6,6.410602052060594,351,1.7212346308593105
78,WEAgent13,MALE_OLD,4,3.278891958335881,157,2.4591689687519107
78,WEAgent9,MALE_YOUNG_HIGH_INCOME,1,1.005660186841982,94,0.0
78,WEAgent10,MALE_YOUNG_LOW_INCOME,3,2.6461122914987647,3,2.6461122914987643
78,WEAgent11,MALE_OLD_LOW_INCOME,3,2.937767729681248,3,2.5818519462889657
78,WEAgent7,MALE_YOUNG_LOW_INCOME,3,2.6471878364290844,360,1.7640748609991763
78,WEAgent8,FEMALE_OLD_LOW_INCOME,4,4.193065335277018,4,4.1049828483769355
78,WEAgent1,MALE_LOW_INCOME,6,5.704477331807582,6,5.1637038925779315
78,WEAgent2,FEMALE_LOW_INCOME,7,7.506290906731093,8,7.271761541108526
78,WEAgent0,MALE_OLD_HIGH_INCOME,2,1.8198165743916082,2,1.6394459791679405
78,SIAgent9,YOUNG_LOW_INCOME,6,5.5174159551963395,6,5.319157345136507
78,WEAgent5,MALE_YOUNG_LOW_INCOME,3,2.9073187241599583,3,2.6461122914987643
78,WEAgent6,MALE_OLD_LOW_INCOME,3,2.651253058989178,3,2.5818519462889657
78,SIAgent7,MALE_YOUNG_LOW_INCOME,3,2.794671083380502,3,2.7587079775981698
78,WEAgent3,MALE_OLD,4,3.969700853573464,4,3.278891958335881
78,SIAgent8,FEMALE_YOUNG_HIGH_INCOME,1,1.2056561203164275,1,1.0489858517525825
78,WEAgent4,FEMALE_OLD_HIGH_INCOME,1,1.0025683042451483,1,0.8072147629695512
78,SIAgent5,MALE_OLD_HIGH_INCOME,2,1.7417695634103512,2,1.6959575068782224
78,SIAgent6,MALE_YOUNG_HIGH_INCOME,1,1.0675859878463816,1,1.0489858517525825
78,SIAgent3,MALE_HIGH_INCOME,2,1.6959575068782224,2,1.6394459791679405
78,SIAgent4,MALE_OLD,4,3.6287340437571562,4,3.473271660545182
78,SIAgent1,FEMALE_YOUNG,4,4.50915334385326,4,4.027279227629031
78,SIAgent2,OLD_LOW_INCOME,6,6.157474272565404,12,5.443101065635735
78,SIAgent0,OLD_HIGH_INCOME,2,1.6144295259391024,2,1.6144295259391024
79,SIAgent10,YOUNG_HIGH_INCOME,2,2.2132834902663134,2,2.0053347653463343
79,SIAgent11,FEMALE_YOUNG,4,4.365266567571017,4,4.364169201119225
79,SIAgent12,OLD_LOW_INCOME,6,6.154390775603026,6,5.874306464842162
79,WEAgent18,FEMALE_LOW_INCOME,7,6.741684209441809,7,6.2574260565925535
79,SIAgent13,FEMALE_OLD,5,5.854669068009537,5,4.9341814117739595
79,WEAgent19,MALE_YOUNG,4,3.760707173523207,96,0.0
79,SIAgent14,MALE_OLD,4,3.569528798907042,23,3.569528798907042
79,WEAgent16,MALE_OLD,4,3.951689446669142,140,2.6771465991802814
79,WEAgent17,MALE_OLD_HIGH_INCOME,2,1.9171861940938808,2,1.784764399453521
79,WEAgent14,YOUNG_LOW_INCOME,6,6.0747862027080695,8,5.564065663446023
79,WEAgent15,MALE_OLD_LOW_INCOME,3,2.6919850227076676,3,2.687038881531872
79,WEAgent12,MALE_HIGH_INCOME,2,1.9185279502514891,2,1.3910164158615057
79,WEAgent13,FEMALE_YOUNG,4,3.471910885417347,35,0.0
79,WEAgent9,MALE_YOUNG_LOW_INCOME,3,2.8642839055800766,4,2.7820328317230114
79,WEAgent10,MALE_YOUNG_HIGH_INCOME,1,1.0665679504445325,1,0.6955082079307529
79,WEAgent11,MALE_OLD_LOW_INCOME,3,3.000454317622976,3,2.6919850227076676
79,WEAgent7,YOUNG_LOW_INCOME,6,6.300859543146271,9,6.259573871376776
79,WEAgent8,YOUNG_LOW_INCOME,6,7.302126415454972,313,5.564065663446023
79,WEAgent1,OLD_HIGH_INCOME,2,1.755869892997506,2,1.755869892997506
79,WEAgent2,FEMALE_OLD,5,4.851621584559689,79,2.633804839496259
79,WEAgent0,MALE_HIGH_INCOME,2,1.9062860245710929,2,1.3910164158615057
79,SIAgent9,MALE_YOUNG_LOW_INCOME,3,2.0865246237922586,3,2.0865246237922586
79,WEAgent5,FEMALE_LOW_INCOME,7,6.2574260565925535,381,5.363508048507903
79,WEAgent6,FEMALE_HIGH_INCOME,1,1.118957162220307,1,0.6955082079307529
79,SIAgent7,YOUNG_HIGH_INCOME,2,1.7578984279626328,2,1.49598785449894
79,WEAgent3,MALE_YOUNG_HIGH_INCOME,1,0.9289140509677413,1,0.6955082079307529
79,SIAgent8,YOUNG_HIGH_INCOME,2,1.915130626101485,2,1.8685613054641022
79,WEAgent4,MALE_YOUNG_HIGH_INCOME,1,1.0202614758855788,1,0.6955082079307529
79,SIAgent5,MALE_YOUNG_HIGH_INCOME,1,0.8004796465681872,1,0.6955082079307529
79,SIAgent6,MALE_HIGH_INCOME,2,2.0053347653463343,2,1.8144318628221445
79,SIAgent3,OLD_LOW_INCOME,6,5.874306464842162,11,5.383970045415335
79,SIAgent4,MALE_OLD_HIGH_INCOME,2,1.8144318628221445,2,1.784764399453521
79,SIAgent1,FEMALE_YOUNG,4,4.278984399723806,4,3.639319337304694
79,SIAgent2,YOUNG_HIGH_INCOME,2,1.8685613054641022,2,1.7578984279626328
79,SIAgent0,FEMALE_YOUNG_LOW_INCOME,3,3.2731269008394186,3,3.2092382997928546
80,SIAgent10,FEMALE_OLD_LOW_INCOME,4,4.0132409428666875,4,3.787840193849915
80,SIAgent11,FEMALE_OLD_HIGH_INCOME,1,1.0212148369413985,1,0.8020963955079159
80,SIAgent12,FEMALE_OLD_HIGH_INCOME,1,1.118244360358724,1,1.0212148369413985
80,WEAgent18,FEMALE_YOUNG,4,3.824320855857965,45,1.5622438477569967
80,SIAgent13,YOUNG_LOW_INCOME,6,6.6485942256198625,7,6.328742426757844
80,WEAgent19,MALE_HIGH_INCOME,2,1.8066649033198856,104,0.0
80,SIAgent14,YOUNG_LOW_INCOME,6,6.813114134703104,6,6.648594225619862
80,WEAgent16,FEMALE_OLD_LOW_INCOME,4,3.4997204736796923,435,3.4997204736796923
80,WEAgent17,MALE_OLD,4,3.816109718924158,4,3.1244876955139933
80,WEAgent14,FEMALE_OLD,5,4.681830346763572,90,0.0
80,WEAgent15,MALE_OLD_LOW_INCOME,3,3.4082355769360193,343,0.8749301184199231
80,WEAgent12,MALE_YOUNG_HIGH_INCOME,1,0.9687478185011643,1,0.7811219238784983
80,WEAgent13,FEMALE_OLD_LOW_INCOME,4,3.9725629295498743,4,3.4997204736796923
80,WEAgent9,FEMALE_HIGH_INCOME,1,1.0077801217677267,1,0.7811219238784983
80,WEAgent10,FEMALE_HIGH_INCOME,1,1.0627638402959714,1,0.7811219238784983
80,WEAgent11,MALE_OLD,4,3.9270624953503197,145,1.5622438477569967
80,WEAgent7,FEMALE_HIGH_INCOME,1,0.9959332053925691,1,0.7811219238784983
80,WEAgent8,MALE_YOUNG_HIGH_INCOME,1,1.091787453430605,1,0.7811219238784983
80,WEAgent1,YOUNG_LOW_INCOME,6,5.699375383452884,6,5.249580710519538
80,WEAgent2,MALE_OLD,4,3.4950192349618296,4,3.1244876955139933
80,WEAgent0,MALE_OLD_HIGH_INCOME,2,1.9063791170971065,2,1.5622438477569967
80,SIAgent9,FEMALE_OLD_LOW_INCOME,4,4.654843492003809,4,4.0132409428666875
80,WEAgent5,MALE_LOW_INCOME,6,5.259171569141208,357,3.4997204736796923
80,WEAgent6,FEMALE_HIGH_INCOME,1,1.0186470816430129,1,0.7811219238784983
80,SIAgent7,MALE_HIGH_INCOME,2,2.0770620310372303,2,1.7855335300624793
80,WEAgent3,MALE_OLD_HIGH_INCOME,2,1.5622438477569967,2,1.5622438477569967
80,SIAgent8,MALE_OLD_HIGH_INCOME,2,1.8258652842909893,2,1.7452017758339693
80,WEAgent4,MALE_OLD_LOW_INCOME,3,3.055706280617082,3,2.624790355259769
80,SIAgent5,MALE_HIGH_INCOME,2,1.7452017758339693,2,1.5622438477569967
80,SIAgent6,OLD_LOW_INCOME,6,5.681760290774872,6,5.402754408883326
80,SIAgent3,OLD_HIGH_INCOME,2,2.2017978249014405,2,2.0770620310372303
80,SIAgent4,FEMALE_YOUNG_LOW_INCOME,3,3.5783743189102184,3,3.406557067351552
80,SIAgent1,FEMALE_LOW_INCOME,7,6.481916125121632,7,6.124510828939461
80,SIAgent2,FEMALE_YOUNG,4,3.2762545987333622,19,3.1244876955139933
80,SIAgent0,OLD_HIGH_INCOME,2,1.6041927910158318,2,1.5622438477569967
81,SIAgent10,YOUNG_HIGH_INCOME,2,1.975843472469462,2,1.4799815239882916
81,SIAgent11,FEMALE_OLD,5,3.5943240772209024,520,0.0
81,SIAgent12,MALE_LOW_INCOME,6,6.373832038863472,7,5.887717914486128
81,WEAgent18,MALE_HIGH_INCOME,2,2.1511872633558125,94,1.5222334170882221
81,SIAgent13,FEMALE_LOW_INCOME,7,6.615687208969885,7,6.483729898046766
81,WEAgent19,FEMALE_HIGH_INCOME,1,1.0140374074445815,1,0.7188648154441806
81,SIAgent14,FEMALE_OLD,5,5.069732170612339,5,5.036558283130727
81,WEAgent16,FEMALE_HIGH_INCOME,1,0.9486053535992147,1,0.7188648154441806
81,WEAgent17,MALE_YOUNG_LOW_INCOME,3,2.523307677636912,3,2.523307677636912
81,WEAgent14,MALE_YOUNG_LOW_INCOME,3,2.5327554117156716,3,2.523307677636912
81,WEAgent15,FEMALE_OLD_HIGH_INCOME,1,0.9579161181095012,1,0.7188648154441806
81,WEAgent12,MALE_OLD,4,4.525407366708032,145,0.0
81,WEAgent13,FEMALE_YOUNG_LOW_INCOME,3,3.2715467386127606,3,2.7787413848771854
81,WEAgent9,FEMALE_LOW_INCOME,7,7.5503243620861,8,7.4099770263391616
81,WEAgent10,OLD_HIGH_INCOME,2,2.1497285255124683,2,1.4377296308883611
81,WEAgent11,YOUNG_LOW_INCOME,6,6.978193213734547,364,5.046615355273824
81,WEAgent7,FEMALE_OLD_HIGH_INCOME,1,0.8456879897460531,1,0.7188648154441806
81,WEAgent8,MALE_YOUNG_HIGH_INCOME,1,1.0000733974513472,1,0.7611167085441111
81,WEAgent1,FEMALE_YOUNG,4,3.7933570139995476,50,0.0
81,WEAgent2,FEMALE_YOUNG_LOW_INCOME,3,3.337979889646738,3,2.7787413848771854
81,WEAgent0,FEMALE_LOW_INCOME,7,6.483729898046766,376,5.557482769754371
81,SIAgent9,MALE_OLD_HIGH_INCOME,2,1.5222334170882221,2,1.5222334170882221
81,WEAgent5,OLD_LOW_INCOME,6,5.504269850241427,360,0.0
81,WEAgent6,FEMALE_OLD,5,4.396366623692803,6,4.313188892665083
81,SIAgent7,MALE_YOUNG_HIGH_INCOME,1,1.0825321164262722,1,0.987921736234731
81,WEAgent3,MALE_YOUNG_HIGH_INCOME,1,0.9606713345322091,1,0.7611167085441111
81,SIAgent8,OLD_LOW_INCOME,6,6.470176654948303,6,6.228755321799138
81,WEAgent4,FEMALE_OLD_LOW_INCOME,4,4.277555515395813,4,3.6389486098377435
81,SIAgent5,MALE_OLD,4,3.7521568124052136,4,3.2044385355128298
81,SIAgent6,FEMALE_OLD_LOW_INCOME,4,3.8934450591914174,4,3.8934450591914174
81,SIAgent3,OLD_LOW_INCOME,6,6.880517458167032,6,6.470176654948302
81,SIAgent4,FEMALE_HIGH_INCOME,1,1.009152089657203,1,1.0068515483683809
81,SIAgent1,OLD_HIGH_INCOME,2,1.972636031237186,2,1.8760784062026068
81,SIAgent2,FEMALE_OLD,5,5.0342577418419046,5,4.866806323989271
81,SIAgent0,FEMALE_OLD_HIGH_INCOME,1,1.0029774266328284,1,0.7188648154441806
82,SIAgent10,MALE_OLD_HIGH_INCOME,2,1.77737928013788,147,0.0
82,SIAgent11,YOUNG_LOW_INCOME,6,5.668510624767593,6,5.356877566721915
82,SIAgent12,FEMALE_YOUNG_LOW_INCOME,3,2.6819412102966442,3,2.478117309928191
82,WEAgent18,YOUNG_HIGH_INCOME,2,2.0672081280890233,2,1.650947896698323
82,SIAgent13,MALE_HIGH_INCOME,2,1.650947896698323,2,1.650947896698323
82,WEAgent19,FEMALE_YOUNG,4,4.497787904167306,50,0.8254739483491615
82,SIAgent14,MALE_OLD,4,3.779159266147451,4,3.6847334750449026
82,WEAgent16,YOUNG_HIGH_INCOME,2,2.0420972340318664,2,1.650947896698323
82,WEAgent17,OLD_LOW_INCOME,6,5.265756254830961,354,5.265756254830961
82,WEAgent14,MALE_OLD_LOW_INCOME,3,2.7198972066367104,3,2.6328781274154807
82,WEAgent15,FEMALE_LOW_INCOME,7,5.782273723165779,391,4.956234619856382
82,WEAgent12,FEMALE_OLD,5,5.088384517330681,88,1.7552520849436537
82,WEAgent13,FEMALE_OLD_LOW_INCOME,4,4.014564074070361,439,0.9221554822300616
82,WEAgent9,MALE_YOUNG_HIGH_INCOME,1,1.1331766113831896,101,0.8254739483491615
82,WEAgent10,FEMALE_OLD_LOW_INCOME,4,3.6886219289202464,4,3.6886219289202464
82,WEAgent11,FEMALE_LOW_INCOME,7,8.030445142449498,9,7.434351929784573
82,WEAgent7,YOUNG_HIGH_INCOME,2,1.8972411882108717,2,1.650947896698323
82,WEAgent8,YOUNG_LOW_INCOME,6,6.251217563209014,326,3.3041564132375876
82,WEAgent1,FEMALE_OLD_LOW_INCOME,4,4.716180321513022,5,4.610777411150308
82,WEAgent2,YOUNG_LOW_INCOME,6,5.710932614602294,6,4.956234619856382
82,WEAgent0,YOUNG_LOW_INCOME,6,6.528158139093326,7,5.782273723165779
82,SIAgent9,FEMALE_LOW_INCOME,7,6.483398880180462,7,6.370563139216891
82,WEAgent5,YOUNG_LOW_INCOME,6,5.7796442687648435,6,4.956234619856382
82,WEAgent6,MALE_OLD_LOW_INCOME,3,2.8264986524843607,3,2.6328781274154807
82,SIAgent7,MALE_YOUNG_LOW_INCOME,3,3.2540530897099145,3,2.8342553123837964
82,WEAgent3,FEMALE_OLD_HIGH_INCOME,1,0.9908310048221746,1,0.8776260424718269
82,SIAgent8,OLD_LOW_INCOME,6,5.527100212567354,6,5.265756254830961
82,WEAgent4,MALE_LOW_INCOME,6,5.246818363359766,6,4.956234619856382
82,SIAgent5,OLD_HIGH_INCOME,2,2.0422730017403206,2,1.9569627859069303
82,SIAgent6,FEMALE_OLD,5,5.350801240891336,5,4.725935860973281
82,SIAgent3,FEMALE_YOUNG_LOW_INCOME,3,3.0831185705295727,3,2.8342553123837964
82,SIAgent4,FEMALE_OLD_HIGH_INCOME,1,1.0096529220817825,1,0.8932903183204688
82,SIAgent1,MALE_OLD_HIGH_INCOME,2,1.9569627859069303,2,1.7865806366409376
82,SIAgent2,OLD_HIGH_INCOME,2,1.7865806366409376,2,1.77737928013788
82,SIAgent0,YOUNG_HIGH_INCOME,2,2.151339702698831,2,1.650947896698323
83,SIAgent10,OLD_HIGH_INCOME,2,1.9284685504533736,2,1.608011466845917
83,SIAgent11,MALE_OLD_HIGH_INCOME,2,2.0476960047920145,2,2.003938258071577
83,SIAgent12,FEMALE_YOUNG_LOW_INCOME,3,3.105258437187286,3,3.0385302009385358
83,WEAgent18,FEMALE_HIGH_INCOME,1,0.993217518145787,1,0.8040057334229584
83,SIAgent13,MALE_YOUNG_LOW_INCOME,3,3.5699844086937853,3,3.0385302009385358
83,WEAgent19,FEMALE_LOW_INCOME,7,7.9015018283424405,8,7.208929344997707
83,SIAgent14,MALE_YOUNG_HIGH_INCOME,1,1.0378834167740878,1,1.0055585804145635
83,WEAgent16,FEMALE_YOUNG_LOW_INCOME,3,2.7033485043741408,3,2.7033485043741408
83,WEAgent17,FEMALE_YOUNG,4,4.033016054498057,34,0.8040057334229584
83,WEAgent14,MALE_OLD_HIGH_INCOME,2,1.9627396954121896,2,1.608011466845917
83,WEAgent15,MALE_OLD_HIGH_INCOME,2,2.334996085519232,2,1.608011466845917
83,WEAgent12,FEMALE_OLD_HIGH_INCOME,1,1.1458233053824511,1,0.8040057334229584
83,WEAgent13,MALE_YOUNG,4,3.782493634954591,4,3.216022933691834
83,WEAgent9,MALE_OLD_HIGH_INCOME,2,1.608011466845917,2,1.608011466845917
83,WEAgent10,OLD_HIGH_INCOME,2,2.1202061275337267,2,1.608011466845917
83,WEAgent11,MALE_LOW_INCOME,6,6.326702307061516,391,0.0
83,WEAgent7,FEMALE_LOW_INCOME,7,6.815151084569505,375,2.7033485043741408
83,WEAgent8,MALE_YOUNG_LOW_INCOME,3,2.9745905191018642,3,2.7033485043741408
83,WEAgent1,MALE_OLD,4,4.361152419767121,177,3.216022933691834
83,WEAgent2,FEMALE_HIGH_INCOME,1,0.9865997792542367,1,0.8040057334229584
83,WEAgent0,OLD_HIGH_INCOME,2,1.9344298362667627,64,0.8040057334229584
83,SIAgent9,YOUNG_HIGH_INCOME,2,2.1913995087236113,2,2.0757668335481756
83,WEAgent5,FEMALE_OLD_LOW_INCOME,4,4.044332116490016,476,0.0
83,WEAgent6,MALE_HIGH_INCOME,2,2.009613293877975,90,0.8040057334229584
83,SIAgent7,FEMALE_OLD_LOW_INCOME,4,4.169918496377328,4,4.044332116490016
83,WEAgent3,FEMALE_HIGH_INCOME,1,0.9241357224250923,1,0.8040057334229584
83,SIAgent8,MALE_OLD_LOW_INCOME,3,2.933948900379839,3,2.8107694454443806
83,WEAgent4,YOUNG_LOW_INCOME,6,5.643517441000051,321,4.505580840623567
83,SIAgent5,MALE_OLD_LOW_INCOME,3,2.8107694454443806,3,2.7033485043741408
83,SIAgent6,YOUNG_LOW_INCOME,6,6.0770604018770715,6,5.9225169420469665
83,SIAgent3,YOUNG_LOW_INCOME,6,5.9225169420469665,6,5.744643604453367
83,SIAgent4,MALE_YOUNG_HIGH_INCOME,1,1.0055585804145635,1,1.004648562891986
83,SIAgent1,MALE_YOUNG_HIGH_INCOME,1,1.004648562891986,1,0.8040057334229584
83,SIAgent2,OLD_HIGH_INCOME,2,2.003938258071577,2,1.9284685504533736
83,SIAgent0,MALE_YOUNG_LOW_INCOME,3,2.9568084511529555,3,2.7033485043741408
84,SIAgent10,MALE_OLD_HIGH_INCOME,2,2.2581883671818623,2,2.235897207557153
84,SIAgent11,YOUNG_HIGH_INCOME,2,1.8871452490112248,2,1.8159233694501407
84,SIAgent12,MALE_OLD_LOW_INCOME,3,3.5561255590736263,4,3.5237672682478327
84,WEAgent18,FEMALE_OLD_LOW_INCOME,4,4.302726545187262,456,0.0
84,SIAgent13,FEMALE_OLD_HIGH_INCOME,1,0.9641779574946826,1,0.7998509204375939
84,WEAgent19,MALE_YOUNG_HIGH_INCOME,1,1.0219536643919767,1,0.7998509204375939
84,SIAgent14,MALE_HIGH_INCOME,2,2.235897207557153,2,1.7673911473702875
84,WEAgent16,YOUNG_LOW_INCOME,6,5.914437143632642,6,5.621381152091394
84,WEAgent17,FEMALE_OLD_LOW_INCOME,4,4.0170856348896855,4,4.0170856348896855
84,WEAgent14,MALE_YOUNG_HIGH_INCOME,1,0.8681752978495623,90,0.7998509204375939
84,WEAgent15,MALE_HIGH_INCOME,2,1.7544750924465027,2,1.5997018408751877
84,WEAgent12,OLD_LOW_INCOME,6,6.360442084287636,7,6.166592719433708
84,WEAgent13,MALE_OLD_HIGH_INCOME,2,1.6034396976575591,140,1.5997018408751877
84,WEAgent9,FEMALE_HIGH_INCOME,1,1.1096202096388954,1,0.7998509204375939
84,WEAgent10,OLD_HIGH_INCOME,2,2.1697488621834915,2,1.5997018408751877
84,WEAgent11,FEMALE_LOW_INCOME,7,7.2115899631774685,7,6.558278010773293
84,WEAgent7,OLD_LOW_INCOME,6,5.370283870848943,378,2.6428254511858746
84,WEAgent8,YOUNG_HIGH_INCOME,2,2.2270336018257475,2,1.5997018408751877
84,WEAgent1,MALE_OLD,4,3.1994036817503755,4,3.1994036817503755
84,WEAgent2,MALE_YOUNG_LOW_INCOME,3,3.0181890032629513,3,2.77671103504728
84,WEAgent0,FEMALE_OLD,5,5.819009442327536,94,0.7998509204375939
84,SIAgent9,YOUNG_HIGH_INCOME,2,1.9350804538653872,2,1.8871452490112248
84,WEAgent5,YOUNG_LOW_INCOME,6,6.439923519148436,6,5.621381152091394
84,WEAgent6,FEMALE_YOUNG_HIGH_INCOME,1,1.183826248165428,1,0.7998509204375939
84,SIAgent7,FEMALE_HIGH_INCOME,1,1.0537720769808256,1,0.9641779574946826
84,WEAgent3,MALE_OLD_LOW_INCOME,3,2.8561452695902685,3,2.6428254511858746
84,SIAgent8,FEMALE_YOUNG_LOW_INCOME,3,3.348487449251788,3,3.012814226167264
84,WEAgent4,FEMALE_YOUNG,4,3.707381066467612,44,1.5997018408751877
84,SIAgent5,YOUNG_LOW_INCOME,6,5.621381152091394,16,5.621381152091394
84,SIAgent6,MALE_YOUNG_HIGH_INCOME,1,0.9079616847250703,1,0.902917317683482
84,SIAgent3,MALE_YOUNG_LOW_INCOME,3,2.863087482305353,3,2.810690576045697
84,SIAgent4,MALE_YOUNG,4,3.611669270733928,24,3.1994036817503755
84,SIAgent1,MALE_YOUNG_HIGH_INCOME,1,1.1496973903267846,1,1.1303568962819017
84,SIAgent2,MALE_YOUNG_HIGH_INCOME,1,1.1303568962819017,1,1.1179486037785764
84,SIAgent0,MALE_OLD_LOW_INCOME,3,2.6428254511858746,3,2.6428254511858746
85,SIAgent10,FEMALE_OLD_LOW_INCOME,4,3.6494366342420226,4,3.5625793257903355
85,SIAgent11,MALE_OLD,4,3.891849659144901,4,3.4160106168546625
85,SIAgent12,FEMALE_YOUNG_LOW_INCOME,3,3.032882172298939,3,2.710827393773485
85,WEAgent18,MALE_LOW_INCOME,6,6.341683752109366,7,5.97801857949566
85,SIAgent13,MALE_HIGH_INCOME,2,1.7556354460603494,2,1.7080053084273312
85,WEAgent19,FEMALE_OLD_LOW_INCOME,4,4.339736902895775,4,3.6494366342420226
85,SIAgent14,FEMALE_OLD,5,4.127509250544092,513,0.0
85,WEAgent16,OLD_HIGH_INCOME,2,2.1089698265014962,2,1.651003700217637
85,WEAgent17,MALE_OLD_LOW_INCOME,3,2.859477121814724,3,2.5620079626409966
85,WEAgent14,OLD_LOW_INCOME,6,6.828454511717881,7,5.97801857949566
85,WEAgent15,FEMALE_YOUNG,4,3.610880928645468,44,2.4765055503264555
85,WEAgent12,FEMALE_YOUNG_LOW_INCOME,3,3.489217173651236,3,2.710827393773485
85,WEAgent13,FEMALE_LOW_INCOME,7,6.408752041800499,388,0.9036091312578283
85,WEAgent9,MALE_YOUNG_HIGH_INCOME,1,1.034100176746917,1,0.8540026542136656
85,WEAgent10,MALE_OLD,4,4.122592405323023,181,0.0
85,WEAgent11,FEMALE_HIGH_INCOME,1,1.0108648617922904,1,0.8255018501088185
85,WEAgent7,FEMALE_HIGH_INCOME,1,1.1339461060588254,1,0.8255018501088185
85,WEAgent8,FEMALE_HIGH_INCOME,1,1.0086236692638777,1,0.8255018501088185
85,WEAgent1,OLD_HIGH_INCOME,2,2.051435074390252,2,1.651003700217637
85,WEAgent2,YOUNG_LOW_INCOME,6,6.360286686643526,338,0.0
85,WEAgent0,MALE_YOUNG,4,3.904185396247645,108,1.7080053084273312
85,SIAgent9,FEMALE_YOUNG_LOW_INCOME,3,2.710827393773485,3,2.710827393773485
85,WEAgent5,FEMALE_OLD_HIGH_INCOME,1,0.8841129330179202,1,0.8255018501088185
85,WEAgent6,MALE_LOW_INCOME,6,6.321927262763968,336,5.97801857949566
85,SIAgent7,FEMALE_YOUNG_HIGH_INCOME,1,0.8623926301878901,1,0.8255018501088185
85,WEAgent3,OLD_LOW_INCOME,6,6.693639250371718,7,5.97801857949566
85,SIAgent8,FEMALE_YOUNG,4,4.158780975832153,4,4.050272702757253
85,WEAgent4,MALE_OLD_LOW_INCOME,3,3.0104915203103424,3,2.5620079626409966
85,SIAgent5,OLD_HIGH_INCOME,2,2.181545487327988,2,1.9312612750157305
85,SIAgent6,FEMALE_YOUNG_HIGH_INCOME,1,1.0255586657737725,1,0.8623926301878901
85,SIAgent3,MALE_YOUNG,4,4.050528509378733,4,3.4763042905854187
85,SIAgent4,FEMALE_LOW_INCOME,7,7.087977229825192,7,6.682318806540962
85,SIAgent1,YOUNG_LOW_INCOME,6,5.124015925281994,6,5.124015925281994
85,SIAgent2,YOUNG_LOW_INCOME,6,5.162006533575207,6,5.124015925281994
85,SIAgent0,OLD_HIGH_INCOME,2,1.9165977204590106,2,1.651003700217637
86,SIAgent10,MALE_OLD,4,4.049039864456266,4,3.7011822553704157
86,SIAgent11,OLD_HIGH_INCOME,2,1.8283411456115484,2,1.5300312551236148
86,SIAgent12,FEMALE_YOUNG,4,4.586634853918925,4,3.688903407702277
86,WEAgent18,MALE_LOW_INCOME,6,5.624606406665862,7,5.355109392932652
86,SIAgent13,FEMALE_OLD_LOW_INCOME,4,3.693354465444782,4,3.538691286038805
86,WEAgent19,FEMALE_YOUNG_LOW_INCOME,3,2.9653384787314754,3,2.766677555776708
86,SIAgent14,FEMALE_OLD,5,4.423364107548506,5,3.825078137809037
86,WEAgent16,FEMALE_YOUNG,4,4.1414459399071735,48,3.0600625102472296
86,WEAgent17,FEMALE_HIGH_INCOME,1,0.9923979927430713,1,0.7650156275618074
86,WEAgent14,MALE_LOW_INCOME,6,6.287479310095899,331,3.825078137809037
86,WEAgent15,FEMALE_HIGH_INCOME,1,1.0575725920186567,1,0.7650156275618074
86,WEAgent12,MALE_YOUNG,4,4.359549498703502,4,3.733288224585856
86,WEAgent13,MALE_YOUNG_LOW_INCOME,3,2.888101320167134,3,2.799966168439392
86,WEAgent9,FEMALE_YOUNG_LOW_INCOME,3,2.766677555776708,3,2.766677555776708
86,WEAgent10,MALE_YOUNG,4,4.000236620825564,103,3.733288224585856
86,WEAgent11,FEMALE_YOUNG_LOW_INCOME,3,3.0277684696359404,3,2.766677555776708
86,WEAgent7,FEMALE_OLD,5,4.648303801890624,83,0.0
86,WEAgent8,MALE_OLD,4,3.6345654776312766,141,3.0600625102472296
86,WEAgent1,MALE_OLD_HIGH_INCOME,2,1.819965058910228,2,1.5300312551236148
86,WEAgent2,MALE_OLD,4,4.321031994328515,5,3.825078137809037
86,WEAgent0,MALE_LOW_INCOME,6,6.691428982496434,8,6.120125020494459
86,SIAgent9,OLD_LOW_INCOME,6,6.132180940592998,6,5.628953047920044
86,WEAgent5,FEMALE_YOUNG_LOW_INCOME,3,2.921863552720212,3,2.766677555776708
86,WEAgent6,MALE_YOUNG_LOW_INCOME,3,2.804877448000462,3,2.799966168439392
86,SIAgent7,MALE_OLD_LOW_INCOME,3,2.7758866915278118,3,2.2950468826854222
86,WEAgent3,MALE_OLD_LOW_INCOME,3,2.928759292921515,3,2.2950468826854222
86,SIAgent8,MALE_YOUNG_LOW_INCOME,3,2.799966168439392,344,0.933322056146464
86,WEAgent4,FEMALE_YOUNG_HIGH_INCOME,1,0.9400883128807259,1,0.7650156275618074
86,SIAgent5,MALE_OLD,4,4.22059691494979,4,4.068580245759133
86,SIAgent6,OLD_HIGH_INCOME,2,2.0178983146322382,2,1.8283411456115484
86,SIAgent3,FEMALE_OLD_HIGH_INCOME,1,1.0224530597054606,1,1.0089491573161191
86,SIAgent4,FEMALE_YOUNG,4,3.1918605233075796,44,3.0600625102472296
86,SIAgent1,MALE_YOUNG_LOW_INCOME,3,3.0107380005766413,3,2.799966168439392
86,SIAgent2,OLD_LOW_INCOME,6,4.5900937653708445,44,4.5900937653708445
86,SIAgent0,MALE_YOUNG_HIGH_INCOME,1,0.9650835128639638,1,0.933322056146464
87,SIAgent10,FEMALE_YOUNG_LOW_INCOME,3,3.1059781915981666,3,3.104252416345574
87,SIAgent11,MALE_YOUNG_LOW_INCOME,3,2.3561299271971823,338,0.0
87,SIAgent12,YOUNG_HIGH_INCOME,2,2.1696612746029635,2,2.132345598222436
87,WEAgent18,MALE_OLD_HIGH_INCOME,2,1.9192627621571927,2,1.5707532847981214
87,SIAgent13,MALE_YOUNG_LOW_INCOME,3,2.920187600049337,3,2.3561299271971823
87,WEAgent19,MALE_OLD_LOW_INCOME,3,2.9248166340875277,3,2.3561299271971823
87,SIAgent14,FEMALE_YOUNG_HIGH_INCOME,1,0.903024766131634,1,0.7735506857420448
87,WEAgent16,FEMALE_OLD_HIGH_INCOME,1,1.071720887897123,1,0.7735506857420448
87,WEAgent17,MALE_HIGH_INCOME,2,1.8738517989864056,2,1.5707532847981214
87,WEAgent14,MALE_LOW_INCOME,6,5.739445691029183,7,5.497636496793424
87,WEAgent15,OLD_HIGH_INCOME,2,2.0724948557722054,2,1.5471013714840895
87,WEAgent12,MALE_YOUNG_HIGH_INCOME,1,1.0219696841992414,103,0.7853766423990607
87,WEAgent13,OLD_LOW_INCOME,6,6.613168057549566,343,6.283013139192485
87,WEAgent9,YOUNG_HIGH_INCOME,2,2.2048194301922996,2,1.5471013714840895
87,WEAgent10,FEMALE_OLD,5,4.608294260408464,83,1.5471013714840895
87,WEAgent11,FEMALE_LOW_INCOME,7,6.38654375428124,376,5.85661727368801
87,WEAgent7,FEMALE_HIGH_INCOME,1,0.9892019089194709,1,0.7735506857420448
87,WEAgent8,MALE_LOW_INCOME,6,5.598639596456101,7,5.497636496793424
87,WEAgent1,FEMALE_YOUNG,4,4.3399466592355616,41,2.3206520572261344
87,WEAgent2,MALE_OLD,4,4.140919085459554,179,3.926883211995303
87,WEAgent0,FEMALE_OLD_HIGH_INCOME,1,0.7735506857420448,1,0.7735506857420448
87,SIAgent9,MALE_YOUNG,4,3.9587628787518114,4,3.8935834667324496
87,WEAgent5,FEMALE_YOUNG_HIGH_INCOME,1,0.950926035414018,1,0.7735506857420448
87,WEAgent6,FEMALE_YOUNG_LOW_INCOME,3,2.5099788315805758,3,2.5099788315805758
87,SIAgent7,MALE_YOUNG,4,4.419110627979988,4,4.217544152455284
87,WEAgent3,MALE_OLD,4,4.146855724439644,5,3.926883211995303
87,SIAgent8,MALE_YOUNG,4,4.176951353538403,4,3.9587628787518114
87,WEAgent4,MALE_OLD,4,4.736856213725648,6,4.712259854394364
87,SIAgent5,YOUNG_HIGH_INCOME,2,2.132345598222436,2,1.8927154858195867
87,SIAgent6,FEMALE_OLD_HIGH_INCOME,1,1.0746896812017612,1,1.0091826090558969
87,SIAgent3,MALE_YOUNG_HIGH_INCOME,1,1.1069232065595334,1,1.104777656994997
87,SIAgent4,FEMALE_OLD,5,5.045913045279484,5,4.5748226508232435
87,SIAgent1,OLD_LOW_INCOME,6,5.701907947621798,12,5.497636496793424
87,SIAgent2,FEMALE_YOUNG,4,4.139003221794098,4,3.346638442107434
87,SIAgent0,MALE_HIGH_INCOME,2,1.6456577883661383,2,1.5707532847981214
88,SIAgent10,MALE_OLD,4,3.9130595674446584,4,3.6833026829516418
88,SIAgent11,MALE_OLD,4,3.6536011702314846,4,3.5316694501221235
88,SIAgent12,MALE_OLD_HIGH_INCOME,2,2.1511778886278075,2,2.079715354647756
88,WEAgent18,FEMALE_OLD_HIGH_INCOME,1,1.0859497206497326,77,0.0
88,SIAgent13,MALE_OLD,4,4.159430709295512,4,3.9166465850077676
88,WEAgent19,MALE_OLD,4,3.654031601893662,4,3.5316694501221235
88,SIAgent14,FEMALE_HIGH_INCOME,1,1.030249590988434,1,1.0131175730319824
88,WEAgent16,FEMALE_OLD_HIGH_INCOME,1,1.1610828391752288,1,0.9346649615573132
88,WEAgent17,YOUNG_LOW_INCOME,6,5.663328899343543,6,5.338097293062945
88,WEAgent14,MALE_OLD,4,4.298954884822259,4,3.5316694501221235
88,WEAgent15,FEMALE_YOUNG,4,4.156908763679142,41,4.1340926478466296
88,WEAgent12,MALE_OLD_LOW_INCOME,3,2.6487520875915926,347,1.7658347250610618
88,WEAgent13,FEMALE_OLD_HIGH_INCOME,1,1.1903455812297405,1,0.9346649615573132
88,WEAgent9,YOUNG_LOW_INCOME,6,7.054055046384526,366,0.8896828821771574
88,WEAgent10,FEMALE_OLD_HIGH_INCOME,1,1.0482793518488178,1,0.9346649615573132
88,WEAgent11,FEMALE_YOUNG,4,3.3072741182773036,4,3.3072741182773036
88,WEAgent7,MALE_LOW_INCOME,6,6.12704487385221,6,5.297504175183185
88,WEAgent8,MALE_OLD,4,3.9189941147021248,4,3.5316694501221235
88,WEAgent1,FEMALE_YOUNG_HIGH_INCOME,1,0.895436053100399,1,0.8268185295693259
88,WEAgent2,FEMALE_OLD_LOW_INCOME,4,3.7386598462292526,487,0.0
88,WEAgent0,FEMALE_OLD_HIGH_INCOME,1,0.955532863133194,1,0.9346649615573132
88,SIAgent9,FEMALE_LOW_INCOME,7,7.6357517610485415,8,7.297391374937884
88,WEAgent5,FEMALE_OLD_HIGH_INCOME,1,0.9884659358740255,1,0.9346649615573132
88,WEAgent6,MALE_HIGH_INCOME,2,2.097972290467884,94,0.0
88,SIAgent7,MALE_YOUNG,4,4.346112606221863,4,3.713585926797347
88,WEAgent3,MALE_OLD_HIGH_INCOME,2,2.2354243279312165,2,1.7658347250610618
88,SIAgent8,MALE_OLD_HIGH_INCOME,2,1.8121253666905621,2,1.7658347250610618
88,WEAgent4,MALE_OLD,4,4.133315281217494,133,2.6487520875915926
88,SIAgent5,MALE_YOUNG_HIGH_INCOME,1,1.044537280265875,1,0.9431018052780287
88,SIAgent6,FEMALE_YOUNG_LOW_INCOME,3,2.6690486465314724,374,0.0
88,SIAgent3,MALE_YOUNG_LOW_INCOME,3,3.3723224697420813,3,3.2595844546663972
88,SIAgent4,FEMALE_OLD,5,5.471737685599559,5,5.454108400748958
88,SIAgent1,MALE_OLD,4,3.9166465850077676,4,3.9130595674446584
88,SIAgent2,MALE_HIGH_INCOME,2,1.8862036105560573,2,1.796317655088402
88,SIAgent0,FEMALE_OLD_HIGH_INCOME,1,1.0131175730319824,1,0.9346649615573132
89,SIAgent10,MALE_OLD_HIGH_INCOME,2,2.1187456175151596,2,1.9136848695276394
89,SIAgent11,FEMALE_OLD_HIGH_INCOME,1,1.0861611063972034,1,1.0686683722969517
89,SIAgent12,FEMALE_OLD,5,4.087719210568271,52,3.654968282292073
89,WEAgent18,FEMALE_LOW_INCOME,7,6.713110958091584,7,6.713110958091583
89,SIAgent13,FEMALE_HIGH_INCOME,1,1.1802326695233267,1,1.0861611063972034
89,WEAgent19,OLD_LOW_INCOME,6,6.004755780164679,318,5.847949251667317
89,SIAgent14,MALE_YOUNG_HIGH_INCOME,1,1.0357404702141468,1,0.9900284662602409
89,WEAgent16,MALE_LOW_INCOME,6,5.765479914472591,7,5.1169555952089025
89,WEAgent17,OLD_LOW_INCOME,6,4.385961938750488,6,4.385961938750488
89,WEAgent14,MALE_OLD,4,4.034750128170163,139,0.0
89,WEAgent15,FEMALE_OLD,5,4.249761997909455,5,3.654968282292073
89,WEAgent12,MALE_YOUNG_HIGH_INCOME,1,1.1146836146621206,1,0.7309936564584146
89,WEAgent13,FEMALE_OLD,5,5.174187891732331,61,2.192980969375244
89,WEAgent9,MALE_YOUNG_LOW_INCOME,3,3.1729194543514105,3,2.438138479480302
89,WEAgent10,FEMALE_LOW_INCOME,7,7.872800277221032,406,3.8360634046237623
89,WEAgent11,FEMALE_LOW_INCOME,7,7.059409164622154,7,6.713110958091583
89,WEAgent7,FEMALE_YOUNG_LOW_INCOME,3,3.0154392864959196,3,2.877047553467822
89,WEAgent8,MALE_YOUNG_LOW_INCOME,3,2.438138479480302,3,2.438138479480302
89,WEAgent1,YOUNG_HIGH_INCOME,2,2.3307260095395423,46,0.0
89,WEAgent2,FEMALE_OLD,5,4.475098757003391,6,4.385961938750488
89,WEAgent0,MALE_YOUNG,4,3.9753269723495643,101,0.7309936564584146
89,SIAgent9,MALE_YOUNG_HIGH_INCOME,1,1.1204501243142155,1,1.0357404702141468
89,WEAgent5,MALE_HIGH_INCOME,2,1.7586688442898268,2,1.4619873129168293
89,WEAgent6,MALE_HIGH_INCOME,2,2.1905859561893983,2,1.4619873129168293
89,SIAgent7,MALE_YOUNG,4,4.4041074243622536,5,4.06356413246717
89,WEAgent3,YOUNG_LOW_INCOME,6,5.874769488674085,360,4.876276958960604
89,SIAgent8,FEMALE_YOUNG,4,4.446224430364003,4,4.164895585996915
89,WEAgent4,YOUNG_LOW_INCOME,6,5.570318327373042,6,4.876276958960604
89,SIAgent5,OLD_HIGH_INCOME,2,2.122033705919546,2,2.1187456175151596
89,SIAgent6,MALE_OLD_LOW_INCOME,3,2.9016038177280343,3,2.192980969375244
89,SIAgent3,FEMALE_HIGH_INCOME,1,1.0686683722969517,1,0.9900284662602409
89,SIAgent4,FEMALE_OLD,5,5.408245585129097,5,5.068897103507529
89,SIAgent1,YOUNG_HIGH_INCOME,2,1.9800569325204818,2,1.4619873129168293
89,SIAgent2,FEMALE_LOW_INCOME,7,7.096455944910541,8,6.823294754993806
89,SIAgent0,MALE_HIGH_INCOME,2,1.9136848695276394,2,1.4619873129168293
90,SIAgent10,MALE_OLD_HIGH_INCOME,2,1.879954136223824,2,1.8798605182536765
90,SIAgent11,MALE_LOW_INCOME,6,5.584228666705437,6,4.817677833584991
90,SIAgent12,FEMALE_LOW_INCOME,7,7.193291498100015,15,7.182277927569808
90,WEAgent18,FEMALE_OLD_LOW_INCOME,4,4.27847712603767,4,4.2617156636819775
90,SIAgent13,OLD_HIGH_INCOME,2,2.371767190320771,2,1.879954136223824
90,WEAgent19,FEMALE_HIGH_INCOME,1,1.102616766696326,1,0.7821604147001033
90,SIAgent14,FEMALE_HIGH_INCOME,1,0.9878696559958938,1,0.9399302591268383
90,WEAgent16,MALE_HIGH_INCOME,2,2.2973375104130525,2,1.5933410611377727
90,WEAgent17,FEMALE_YOUNG_LOW_INCOME,3,3.3986004436553747,3,2.6933542228386784
90,WEAgent14,MALE_HIGH_INCOME,2,1.9141281601659843,90,0.0
90,WEAgent15,MALE_OLD_LOW_INCOME,3,3.040887060392514,330,1.5933410611377727
90,WEAgent12,FEMALE_OLD_HIGH_INCOME,1,0.7821604147001033,1,0.7821604147001033
90,WEAgent13,MALE_YOUNG_LOW_INCOME,3,3.171831025223641,3,2.502975542221678
90,WEAgent9,MALE_OLD,4,4.55907997661494,158,1.5933410611377727
90,WEAgent10,OLD_LOW_INCOME,6,5.068192847265218,6,4.780023183413318
90,WEAgent11,MALE_LOW_INCOME,6,5.959861783019343,7,5.576693713982205
90,WEAgent7,FEMALE_OLD_HIGH_INCOME,1,0.8913162012350413,1,0.7821604147001033
90,WEAgent8,FEMALE_YOUNG_LOW_INCOME,3,2.6933542228386784,3,2.6933542228386784
90,WEAgent1,OLD_HIGH_INCOME,2,2.032090784490674,74,0.0
90,WEAgent2,FEMALE_YOUNG_HIGH_INCOME,1,1.1067264579384037,57,0.7821604147001033
90,WEAgent0,FEMALE_YOUNG_HIGH_INCOME,1,1.0379103489646067,1,0.7821604147001033
90,SIAgent9,MALE_YOUNG_LOW_INCOME,3,3.2227550994540515,3,2.7921143333527185
90,WEAgent5,MALE_OLD_HIGH_INCOME,2,2.0139769449619807,2,1.5933410611377727
90,WEAgent6,FEMALE_LOW_INCOME,7,7.153311781427523,8,7.055358807158474
90,SIAgent7,FEMALE_LOW_INCOME,7,7.45800241144346,7,7.193291498100014
90,WEAgent3,MALE_LOW_INCOME,6,6.118862833290327,7,5.576693713982205
90,SIAgent8,FEMALE_OLD_LOW_INCOME,4,4.345317249394689,4,4.27847712603767
90,WEAgent4,OLD_LOW_INCOME,6,4.780023183413318,6,4.780023183413318
90,SIAgent5,MALE_YOUNG_HIGH_INCOME,1,1.0542063362666927,1,0.8321043720792346
90,SIAgent6,MALE_YOUNG_HIGH_INCOME,1,0.8321043720792346,1,0.7966705305688864
90,SIAgent3,YOUNG_LOW_INCOME,6,5.005951084443356,724,4.171625903702797
90,SIAgent4,FEMALE_YOUNG_HIGH_INCOME,1,0.9801592520590681,1,0.7821604147001033
90,SIAgent1,OLD_HIGH_INCOME,2,1.8798605182536765,2,1.5643208294002067
90,SIAgent2,MALE_YOUNG_HIGH_INCOME,1,1.0697509013807354,1,1.0542063362666927
90,SIAgent0,FEMALE_YOUNG_HIGH_INCOME,1,1.0671403617708708,1,0.9878696559958938
91,SIAgent10,MALE_YOUNG_LOW_INCOME,3,2.790803247738127,3,2.666705990408322
91,SIAgent11,FEMALE_YOUNG_LOW_INCOME,3,3.1501081772496455,3,2.648166746709818
91,SIAgent12,MALE_LOW_INCOME,6,6.318434637448156,6,5.968868556534016
91,WEAgent18,OLD_LOW_INCOME,6,5.928757304987264,7,5.715476512125534
91,SIAgent13,FEMALE_HIGH_INCOME,1,1.0387036463695638,1,0.9032150943774864
91,WEAgent19,FEMALE_LOW_INCOME,7,6.17905574232291,7,6.179055742322909
91,SIAgent14,FEMALE_YOUNG_HIGH_INCOME,1,1.0652006373282055,1,1.0387036463695638
91,WEAgent16,MALE_OLD_LOW_INCOME,3,3.1095427836539034,3,2.4494899337680858
91,WEAgent17,MALE_YOUNG_LOW_INCOME,3,3.021198180908917,3,2.4494899337680858
91,WEAgent14,OLD_HIGH_INCOME,2,1.709063713038203,2,1.6329932891787238
91,WEAgent15,YOUNG_LOW_INCOME,6,5.209060251144456,336,4.8989798675361715
91,WEAgent12,OLD_HIGH_INCOME,2,2.00245926088587,2,1.6329932891787238
91,WEAgent13,FEMALE_OLD,5,4.466431578510628,5,4.082483222946809
91,WEAgent9,FEMALE_OLD_LOW_INCOME,4,4.319851063108949,470,0.0
91,WEAgent10,FEMALE_OLD,5,4.1531398047253685,58,1.6329932891787238
91,WEAgent11,YOUNG_HIGH_INCOME,2,2.113573213654593,2,1.6329932891787238
91,WEAgent7,FEMALE_YOUNG_LOW_INCOME,3,2.9570606366543633,3,2.648166746709818
91,WEAgent8,FEMALE_OLD_HIGH_INCOME,1,0.9984013266317284,1,0.8164966445893619
91,WEAgent1,MALE_LOW_INCOME,6,6.666325744178568,384,6.531973156714896
91,WEAgent2,OLD_HIGH_INCOME,2,1.8730501593181672,2,1.6329932891787238
91,WEAgent0,MALE_OLD_LOW_INCOME,3,3.0901617559506107,3,2.4494899337680858
91,SIAgent9,MALE_OLD,4,4.710885110380984,4,4.569851714656092
91,WEAgent5,FEMALE_LOW_INCOME,7,6.6281976881654705,367,4.413611244516364
91,WEAgent6,YOUNG_HIGH_INCOME,2,1.9087402544525385,2,1.6329932891787238
91,SIAgent7,FEMALE_YOUNG_HIGH_INCOME,1,0.9032150943774864,1,0.8807134208115596
91,WEAgent3,YOUNG_LOW_INCOME,6,4.8989798675361715,6,4.8989798675361715
91,SIAgent8,OLD_LOW_INCOME,6,6.559365014996654,6,6.479776594663424
91,WEAgent4,FEMALE_YOUNG,4,3.9834425351277796,40,3.2659865783574475
91,SIAgent5,FEMALE_HIGH_INCOME,1,0.8807134208115596,1,0.8164966445893619
91,SIAgent6,MALE_OLD_LOW_INCOME,3,2.975103872443239,3,2.647975796145867
91,SIAgent3,MALE_OLD,4,3.5306343948611563,13,3.2659865783574475
91,SIAgent4,MALE_YOUNG,4,3.555607987211096,8,3.2659865783574475
91,SIAgent1,MALE_LOW_INCOME,6,5.968868556534016,6,5.827340661749737
91,SIAgent2,MALE_LOW_INCOME,6,6.782480743031882,6,6.3184346374481555
91,SIAgent0,OLD_HIGH_INCOME,2,2.309024800312131,2,2.0774072927391276
92,SIAgent10,MALE_OLD,4,3.6688527978431242,4,3.428203106517263
92,SIAgent11,MALE_OLD,4,3.9032127216069217,4,3.6688527978431242
92,SIAgent12,FEMALE_HIGH_INCOME,1,1.1264312540255583,1,1.0035392860276835
92,WEAgent18,FEMALE_YOUNG_HIGH_INCOME,1,0.816271167702847,59,0.0
92,SIAgent13,MALE_HIGH_INCOME,2,2.0500858973310256,2,2.004051100928301
92,WEAgent19,FEMALE_OLD_HIGH_INCOME,1,1.152805131323726,1,0.8547608598031352
92,SIAgent14,MALE_HIGH_INCOME,2,2.240877384197789,2,2.0500858973310256
92,WEAgent16,FEMALE_LOW_INCOME,7,6.749924896045767,390,0.9352230984470212
92,WEAgent17,MALE_LOW_INCOME,6,6.424694922774689,7,5.983326018621947
92,WEAgent14,FEMALE_OLD_LOW_INCOME,4,4.493299614717026,4,3.740892393788085
92,WEAgent15,MALE_OLD,4,3.7547657823590175,172,2.5642825794094057
92,WEAgent12,MALE_YOUNG_LOW_INCOME,3,2.7134322836736318,3,2.5642825794094057
92,WEAgent13,FEMALE_OLD_LOW_INCOME,4,3.740892393788085,4,3.740892393788085
92,WEAgent9,MALE_OLD_HIGH_INCOME,2,2.087300323099649,2,1.7095217196062704
92,WEAgent10,MALE_YOUNG_HIGH_INCOME,1,0.8606337965791605,1,0.819026328711042
92,WEAgent11,MALE_YOUNG_LOW_INCOME,3,3.3074232751185946,326,2.5642825794094057
92,WEAgent7,OLD_LOW_INCOME,6,5.766042734975979,6,5.1285651588188115
92,WEAgent8,MALE_OLD_LOW_INCOME,3,3.1997571770279807,3,2.5642825794094057
92,WEAgent1,MALE_YOUNG_LOW_INCOME,3,2.960139321828567,3,2.5642825794094057
92,WEAgent2,OLD_HIGH_INCOME,2,1.925711740056353,2,1.7095217196062704
92,WEAgent0,OLD_HIGH_INCOME,2,2.1389640259331424,73,0.8547608598031352
92,SIAgent9,MALE_OLD_HIGH_INCOME,2,2.0010236298012343,2,1.7095217196062704
92,WEAgent5,OLD_HIGH_INCOME,2,2.2259503370436797,2,1.7095217196062704
92,WEAgent6,MALE_HIGH_INCOME,2,1.9128822624868147,94,0.819026328711042
92,SIAgent7,MALE_YOUNG_LOW_INCOME,3,3.043044093239434,3,3.0126888754425645
92,WEAgent3,MALE_LOW_INCOME,6,6.328761754080867,335,5.983326018621947
92,SIAgent8,YOUNG_HIGH_INCOME,2,2.007078572055367,2,1.638052657422084
92,WEAgent4,FEMALE_LOW_INCOME,7,7.068984319749049,7,6.546561689129148
92,SIAgent5,MALE_YOUNG_LOW_INCOME,3,2.5642825794094057,3,2.5642825794094057
92,SIAgent6,FEMALE_YOUNG_LOW_INCOME,3,3.293455591154252,3,3.0126888754425645
92,SIAgent3,FEMALE_OLD_HIGH_INCOME,1,0.9240656706198146,1,0.8547608598031352
92,SIAgent4,YOUNG_LOW_INCOME,6,6.025377750885129,6,5.289489636106583
92,SIAgent1,FEMALE_OLD_HIGH_INCOME,1,1.0396179180826497,1,0.9240656706198146
92,SIAgent2,OLD_LOW_INCOME,6,5.142304659775895,26,5.1285651588188115
92,SIAgent0,MALE_HIGH_INCOME,2,1.638052657422084,2,1.638052657422084
93,SIAgent10,FEMALE_YOUNG,4,3.987024631510944,4,3.800584823228578
93,SIAgent11,FEMALE_YOUNG,4,3.4457350554526505,55,3.151672082163672
93,SIAgent12,MALE_OLD,4,4.152807401624787,4,3.4128258702966967
93,WEAgent18,MALE_HIGH_INCOME,2,1.9755289715125484,2,1.7064129351483484
93,SIAgent13,FEMALE_YOUNG_HIGH_INCOME,1,0.787918020540918,1,0.787918020540918
93,WEAgent19,MALE_HIGH_INCOME,2,1.8937846260328848,2,1.7064129351483484
93,SIAgent14,OLD_HIGH_INCOME,2,2.1031937146662454,2,1.9332267082471133
93,WEAgent16,FEMALE_LOW_INCOME,7,6.065066717249453,7,6.065066717249453
93,WEAgent17,YOUNG_HIGH_INCOME,2,2.2168908894535706,2,1.575836041081836
93,WEAgent14,MALE_LOW_INCOME,6,6.259883114309585,7,5.972445273019219
93,WEAgent15,FEMALE_YOUNG_HIGH_INCOME,1,1.0191051463398242,1,0.787918020540918
93,WEAgent12,MALE_LOW_INCOME,6,5.657035974058548,315,5.119238805445045
93,WEAgent13,MALE_OLD_LOW_INCOME,3,2.8432128177511857,3,2.5596194027225225
93,WEAgent9,OLD_HIGH_INCOME,2,2.1462305819561123,2,1.7064129351483484
93,WEAgent10,YOUNG_HIGH_INCOME,2,1.9480376706371145,28,1.575836041081836
93,WEAgent11,MALE_YOUNG_LOW_INCOME,3,2.5596194027225225,346,0.0
93,WEAgent7,OLD_HIGH_INCOME,2,2.1617826490176597,79,1.7064129351483484
93,WEAgent8,MALE_YOUNG_HIGH_INCOME,1,0.8586144746690711,1,0.8532064675741742
93,WEAgent1,MALE_OLD_LOW_INCOME,3,3.0829136649567235,3,2.5596194027225225
93,WEAgent2,FEMALE_LOW_INCOME,7,7.035223017601578,8,6.93150481971366
93,WEAgent0,MALE_OLD_HIGH_INCOME,2,1.8206636394791695,140,1.7064129351483484
93,SIAgent9,FEMALE_OLD,5,5.187275036041983,5,4.602715053077317
93,WEAgent5,FEMALE_YOUNG_HIGH_INCOME,1,1.0384447129715855,1,0.787918020540918
93,WEAgent6,MALE_OLD,4,4.018277747800015,4,3.4128258702966967
93,SIAgent7,MALE_YOUNG,4,4.060320045755254,4,3.6198554238000042
93,WEAgent3,MALE_YOUNG,4,4.608897220176283,117,2.5596194027225225
93,SIAgent8,FEMALE_YOUNG_LOW_INCOME,3,2.8504386174214336,3,2.5993143073926226
93,WEAgent4,MALE_LOW_INCOME,6,5.238054745726563,6,5.119238805445045
93,SIAgent5,FEMALE_OLD_HIGH_INCOME,1,1.172964672651639,1,1.0515968573331227
93,SIAgent6,FEMALE_LOW_INCOME,7,7.158309351995557,7,6.9772931051441525
93,SIAgent3,MALE_YOUNG,4,4.165195426396068,4,4.060320045755254
93,SIAgent4,MALE_HIGH_INCOME,2,1.9134424886516561,2,1.7064129351483484
93,SIAgent1,FEMALE_OLD,5,4.475124289204582,58,4.266032337870871
93,SIAgent2,FEMALE_YOUNG_HIGH_INCOME,1,1.0463560358683042,1,0.996756157877736
93,SIAgent0,MALE_OLD_HIGH_INCOME,2,2.0654124279119728,2,1.8099277119000021
94,SIAgent10,FEMALE_YOUNG_HIGH_INCOME,1,1.1492582258412136,1,0.8514898803457625
94,SIAgent11,MALE_YOUNG,4,4.067962569522321,4,3.698546515951154
94,SIAgent12,FEMALE_LOW_INCOME,7,7.7169949921357395,7,7.360097092751117
94,WEAgent18,OLD_LOW_INCOME,6,4.79376287309406,340,4.79376287309406
94,SIAgent13,MALE_OLD,4,4.442612548362604,4,4.097717185069216
94,WEAgent19,MALE_OLD_LOW_INCOME,3,3.1705941996353855,3,2.39688143654703
94,SIAgent14,FEMALE_YOUNG,4,4.374850585181699,4,3.783067722547987
94,WEAgent16,MALE_YOUNG_LOW_INCOME,3,2.7739098869633656,3,2.7739098869633656
94,WEAgent17,MALE_HIGH_INCOME,2,2.205710649955797,2,1.59792095769802
94,WEAgent14,FEMALE_HIGH_INCOME,1,0.9557200963255382,1,0.7708495681252168
94,WEAgent15,FEMALE_OLD,5,5.362982190221229,72,3.854247840626084
94,WEAgent12,MALE_OLD_HIGH_INCOME,2,1.9276182376760522,161,0.0
94,WEAgent13,MALE_OLD_LOW_INCOME,3,3.1941729362359927,3,2.39688143654703
94,WEAgent9,MALE_YOUNG,4,4.217712809053258,83,3.99480239424505
94,WEAgent10,OLD_LOW_INCOME,6,6.527364044883499,8,6.391683830792081
94,WEAgent11,MALE_YOUNG_HIGH_INCOME,1,0.8684814147816304,1,0.79896047884901
94,WEAgent7,FEMALE_OLD,5,4.77947682306623,6,4.625097408751301
94,WEAgent8,YOUNG_LOW_INCOME,6,6.199573360637595,352,3.698546515951154
94,WEAgent1,FEMALE_HIGH_INCOME,1,0.9754102467568079,1,0.7708495681252168
94,WEAgent2,MALE_OLD_LOW_INCOME,3,3.3241028730355597,4,3.19584191539604
94,WEAgent0,YOUNG_HIGH_INCOME,2,1.9151066392387637,2,1.5416991362504335
94,SIAgent9,FEMALE_HIGH_INCOME,1,1.0007790668845475,1,0.7708495681252168
94,WEAgent5,FEMALE_YOUNG_LOW_INCOME,3,3.205167550780152,3,2.8373007919109905
94,WEAgent6,OLD_HIGH_INCOME,2,1.5416991362504335,2,1.5416991362504335
94,SIAgent7,YOUNG_HIGH_INCOME,2,2.078086064590679,2,2.0339812847611607
94,WEAgent3,YOUNG_HIGH_INCOME,2,1.5853486679194393,37,1.5416991362504335
94,SIAgent8,MALE_OLD_LOW_INCOME,3,3.0088519463685848,3,2.9577532788299323
94,WEAgent4,MALE_YOUNG,4,4.300614182137904,5,3.99480239424505
94,SIAgent5,FEMALE_LOW_INCOME,7,6.620368514458978,16,6.337537363585275
94,SIAgent6,MALE_YOUNG_LOW_INCOME,3,3.3908864287462515,3,3.2559514340359463
94,SIAgent3,MALE_OLD_HIGH_INCOME,2,2.091815887490159,2,1.59792095769802
94,SIAgent4,MALE_YOUNG_LOW_INCOME,3,3.2559514340359463,3,3.050971927141741
94,SIAgent1,MALE_OLD_LOW_INCOME,3,2.9577532788299323,3,2.39688143654703
94,SIAgent2,FEMALE_YOUNG_HIGH_INCOME,1,1.1514117583575614,1,1.1492582258412136
94,SIAgent0,FEMALE_YOUNG,4,3.40595952138305,66,3.083398272500867
95,SIAgent10,MALE_YOUNG_HIGH_INCOME,1,1.04664936186019,1,0.9099482096667417
95,SIAgent11,MALE_OLD_LOW_INCOME,3,3.1874460505203253,3,3.1512656979738805
95,SIAgent12,MALE_OLD_LOW_INCOME,3,2.9966455662942533,3,2.9020215476117834
95,WEAgent18,MALE_YOUNG_LOW_INCOME,3,2.22206978078984,3,2.22206978078984
95,SIAgent13,MALE_OLD,4,4.201687597298507,4,4.136848099417804
95,WEAgent19,FEMALE_YOUNG,4,4.258056258685151,55,3.7034496346497336
95,SIAgent14,MALE_HIGH_INCOME,2,2.0576374723364115,2,1.8198964193334835
95,WEAgent16,FEMALE_YOUNG_HIGH_INCOME,1,1.029467215497991,1,0.7406899269299467
95,WEAgent17,YOUNG_HIGH_INCOME,2,2.1702273601446596,2,1.4813798538598935
95,WEAgent14,FEMALE_LOW_INCOME,7,6.554530495158128,7,5.785880687242985
95,WEAgent15,OLD_LOW_INCOME,6,6.332528715047334,8,5.925519415439574
95,WEAgent12,OLD_LOW_INCOME,6,5.673723303921408,7,5.184829488509627
95,WEAgent13,FEMALE_HIGH_INCOME,1,0.9435088292921021,1,0.7406899269299467
95,WEAgent9,FEMALE_YOUNG_LOW_INCOME,3,3.4146639627808977,4,3.30621753556742
95,WEAgent10,FEMALE_OLD_LOW_INCOME,4,4.2009991155148665,4,4.103583884686211
95,WEAgent11,FEMALE_OLD,5,5.933547338571691,70,2.22206978078984
95,WEAgent7,FEMALE_LOW_INCOME,7,5.785880687242985,389,4.132771919459275
95,WEAgent8,MALE_OLD_HIGH_INCOME,2,2.083839793890209,158,0.0
95,WEAgent1,FEMALE_OLD_LOW_INCOME,4,4.103583884686211,4,4.103583884686211
95,WEAgent2,FEMALE_OLD_HIGH_INCOME,1,0.9893019065092751,1,0.7406899269299467
95,WEAgent0,MALE_HIGH_INCOME,2,2.119386363927368,85,0.0
95,SIAgent9,FEMALE_OLD_LOW_INCOME,4,4.335431613197204,4,4.103583884686211
95,WEAgent5,OLD_LOW_INCOME,6,5.513417135104511,327,4.44413956157968
95,WEAgent6,MALE_LOW_INCOME,6,4.8674324952808075,6,4.44413956157968
95,SIAgent7,OLD_HIGH_INCOME,2,1.7670061900364904,2,1.5260760574232939
95,WEAgent3,YOUNG_LOW_INCOME,6,6.635513624074099,347,5.925519415439574
95,SIAgent8,MALE_OLD_LOW_INCOME,3,3.151175672739561,3,3.07064895734867
95,WEAgent4,FEMALE_YOUNG,4,3.9528899860766127,5,3.7034496346497336
95,SIAgent5,MALE_YOUNG_LOW_INCOME,3,2.741744726927431,3,2.22206978078984
95,SIAgent6,OLD_LOW_INCOME,6,5.804043095223567,14,5.184829488509627
95,SIAgent3,FEMALE_HIGH_INCOME,1,1.036081731073529,1,0.7406899269299467
95,SIAgent4,MALE_LOW_INCOME,6,6.14129791469734,6,5.5684564003104695
95,SIAgent1,MALE_HIGH_INCOME,2,1.8198964193334835,2,1.624193021948192
95,SIAgent2,OLD_HIGH_INCOME,2,1.5260760574232939,2,1.4813798538598935
95,SIAgent0,YOUNG_HIGH_INCOME,2,2.4152552997678733,2,2.0827310929337193
96,SIAgent10,YOUNG_HIGH_INCOME,2,1.784444668665363,2,1.683196511758249
96,SIAgent11,FEMALE_OLD_HIGH_INCOME,1,0.8590779289110564,1,0.8415982558791245
96,SIAgent12,MALE_HIGH_INCOME,2,2.454397099026941,2,1.9306298790286631
96,WEAgent18,FEMALE_OLD_HIGH_INCOME,1,0.8492719150057065,1,0.8415982558791245
96,SIAgent13,FEMALE_OLD,5,4.5535112565440725,5,4.447501345827163
96,WEAgent19,FEMALE_LOW_INCOME,7,6.432203992644237,7,5.891187791153872
96,SIAgent14,YOUNG_HIGH_INCOME,2,1.9306298790286631,2,1.784444668665363
96,WEAgent16,FEMALE_LOW_INCOME,7,6.710924639976577,7,5.891187791153872
96,WEAgent17,OLD_LOW_INCOME,6,5.134033951720749,6,5.049589535274747
96,WEAgent14,FEMALE_YOUNG_LOW_INCOME,3,2.888483317676163,3,2.5247947676373736
96,WEAgent15,MALE_YOUNG_LOW_INCOME,3,3.061125947891108,3,2.5247947676373736
96,WEAgent12,FEMALE_OLD_LOW_INCOME,4,4.067746503479804,4,3.642809005235258
96,WEAgent13,FEMALE_YOUNG_HIGH_INCOME,1,0.856319162280635,1,0.8415982558791245
96,WEAgent9,YOUNG_HIGH_INCOME,2,2.295465908519285,2,1.683196511758249
96,WEAgent10,OLD_HIGH_INCOME,2,2.16861519412637,2,1.683196511758249
96,WEAgent11,YOUNG_LOW_INCOME,6,5.567588115969911,387,5.049589535274747
96,WEAgent7,FEMALE_OLD_HIGH_INCOME,1,0.9451858534806805,46,0.8415982558791245
96,WEAgent8,FEMALE_OLD,5,4.328138356835115,5,4.207991279395623
96,WEAgent1,MALE_YOUNG_HIGH_INCOME,1,1.0432709004342071,1,0.8415982558791245
96,WEAgent2,MALE_YOUNG_HIGH_INCOME,1,0.8858119467025274,1,0.8415982558791245
96,WEAgent0,FEMALE_LOW_INCOME,7,6.092995117489772,7,5.891187791153872
96,SIAgent9,MALE_OLD_LOW_INCOME,3,2.8318275431316193,3,2.72934548800505
96,WEAgent5,MALE_HIGH_INCOME,2,2.132559611489979,113,0.0
96,WEAgent6,FEMALE_YOUNG,4,4.010272348157474,59,0.8415982558791245
96,SIAgent7,FEMALE_YOUNG,4,3.400344470406344,4,3.366393023516498
96,WEAgent3,OLD_LOW_INCOME,6,5.935968954330567,330,3.366393023516498
96,SIAgent8,MALE_OLD_LOW_INCOME,3,3.4247767232235615,3,3.1588075813050396
96,WEAgent4,FEMALE_LOW_INCOME,7,5.891187791153872,340,5.891187791153872
96,SIAgent5,MALE_OLD,4,4.211743441740053,7,3.7891582939157717
96,SIAgent6,OLD_LOW_INCOME,6,5.4586909760101,21,5.049589535274747
96,SIAgent3,MALE_OLD,4,4.63970941805805,4,4.477712583658574
96,SIAgent4,FEMALE_HIGH_INCOME,1,1.070260993276383,1,0.9107022513088145
96,SIAgent1,MALE_YOUNG_LOW_INCOME,3,2.8283353941397222,3,2.5247947676373736
96,SIAgent2,FEMALE_OLD_LOW_INCOME,4,4.379418723211707,4,4.067746503479804
96,SIAgent0,MALE_LOW_INCOME,6,5.690431559077131,6,5.6566707882794445
97,SIAgent10,FEMALE_YOUNG_LOW_INCOME,3,3.2607393548354104,3,2.796152050140315
97,SIAgent11,MALE_LOW_INCOME,6,6.1168427559486,7,5.772918554203271
97,SIAgent12,MALE_YOUNG_HIGH_INCOME,1,1.104648362458687,1,1.103962853317877
97,WEAgent18,FEMALE_LOW_INCOME,7,6.524354783660736,7,6.524354783660735
97,SIAgent13,MALE_HIGH_INCOME,2,1.7668350924878289,2,1.6494053012009346
97,WEAgent19,MALE_HIGH_INCOME,2,1.7199389200098683,77,0.8247026506004673
97,SIAgent14,MALE_OLD_LOW_INCOME,3,3.13983319248537,3,2.6688790938590348
97,WEAgent16,MALE_YOUNG_HIGH_INCOME,1,1.073906326667879,1,0.8247026506004673
97,WEAgent17,MALE_OLD,4,4.14466946571632,161,0.8247026506004673
97,WEAgent14,MALE_LOW_INCOME,6,5.821611329789767,7,5.772918554203271
97,WEAgent15,MALE_YOUNG,4,4.107082863129476,4,3.2988106024018693
97,WEAgent12,FEMALE_OLD_HIGH_INCOME,1,0.936171115807323,90,0.0
97,WEAgent13,FEMALE_YOUNG,4,3.6208510645721983,4,3.400727544902554
97,WEAgent9,FEMALE_HIGH_INCOME,1,0.8804918344976419,1,0.8501818862256385
97,WEAgent10,MALE_LOW_INCOME,6,6.626801318829444,327,5.772918554203271
97,WEAgent11,MALE_YOUNG,4,4.5074645113040575,5,4.123513253002336
97,WEAgent7,FEMALE_YOUNG,4,3.9157050977079577,44,2.5505456586769153
97,WEAgent8,YOUNG_LOW_INCOME,6,4.948215903602804,368,0.0
97,WEAgent1,FEMALE_YOUNG_HIGH_INCOME,1,1.1670508785542113,1,0.8501818862256385
97,WEAgent2,MALE_YOUNG_HIGH_INCOME,1,0.9919777501810068,1,0.8247026506004673
97,WEAgent0,MALE_LOW_INCOME,6,6.717688616472542,8,6.597621204803738
97,SIAgent9,MALE_HIGH_INCOME,2,1.9185753543801671,2,1.7668350924878289
97,WEAgent5,FEMALE_HIGH_INCOME,1,1.0194716451235157,1,0.8501818862256385
97,WEAgent6,FEMALE_YOUNG_HIGH_INCOME,1,0.8501818862256385,1,0.8501818862256385
97,SIAgent7,MALE_YOUNG_HIGH_INCOME,1,1.103962853317877,1,0.9989159489022978
97,WEAgent3,MALE_OLD_HIGH_INCOME,2,1.8145127614350667,2,1.6494053012009346
97,SIAgent8,MALE_LOW_INCOME,6,6.812196159080172,6,6.385567695301665
97,WEAgent4,FEMALE_LOW_INCOME,7,7.474582638355132,369,3.7282027335204204
97,SIAgent5,FEMALE_OLD_LOW_INCOME,4,4.251401439066369,482,0.0
97,SIAgent6,MALE_HIGH_INCOME,2,1.9978318978045957,2,1.9311735571381214
97,SIAgent3,FEMALE_HIGH_INCOME,1,1.0306708453150473,1,0.936171115807323
97,SIAgent4,FEMALE_YOUNG,4,4.5286378744425,4,4.235167927187035
97,SIAgent1,MALE_OLD,4,4.436195089769821,4,4.091054026128176
97,SIAgent2,MALE_HIGH_INCOME,2,1.9311735571381214,2,1.9185753543801671
97,SIAgent0,FEMALE_HIGH_INCOME,1,1.1643293278528724,1,1.0306708453150473
98,SIAgent10,MALE_HIGH_INCOME,2,2.1234424717192075,2,1.9127236635514167
98,SIAgent11,FEMALE_HIGH_INCOME,1,0.7331843953814925,2,0.7331843953814925
98,SIAgent12,YOUNG_LOW_INCOME,6,6.361237078710169,6,6.176951327354484
98,WEAgent18,FEMALE_OLD_LOW_INCOME,4,3.914041854643135,4,3.914041854643135
98,SIAgent13,MALE_OLD_LOW_INCOME,3,3.08457270567175,3,2.952177252235892
98,WEAgent19,FEMALE_OLD_LOW_INCOME,4,4.463445963703079,4,3.914041854643135
98,SIAgent14,MALE_YOUNG_LOW_INCOME,3,3.0325889993626216,3,2.988386139840103
98,WEAgent16,MALE_OLD,4,4.290216984969454,5,4.272914787157596
98,WEAgent17,OLD_LOW_INCOME,6,5.127497744589116,321,4.272914787157596
98,WEAgent14,FEMALE_YOUNG_HIGH_INCOME,1,1.0321834622111428,1,0.7331843953814925
98,WEAgent15,MALE_OLD_LOW_INCOME,3,2.7854618290926227,3,2.563748872294558
98,WEAgent12,MALE_YOUNG_LOW_INCOME,3,2.927623036877819,353,0.0
98,WEAgent13,MALE_OLD,4,3.832466120494762,4,3.418331829726077
98,WEAgent9,FEMALE_YOUNG,4,3.960416958250895,5,3.6659219769074625
98,WEAgent10,MALE_OLD_LOW_INCOME,3,3.701196281848986,4,3.418331829726077
98,WEAgent11,FEMALE_OLD_LOW_INCOME,4,4.23083145821884,479,3.914041854643135
98,WEAgent7,OLD_HIGH_INCOME,2,2.1468197156971156,2,1.466368790762985
98,WEAgent8,MALE_OLD_LOW_INCOME,3,3.4317228990088973,4,3.418331829726077
98,WEAgent1,MALE_YOUNG,4,4.033649458746256,88,0.0
98,WEAgent2,MALE_OLD_LOW_INCOME,3,2.92772177674515,3,2.563748872294558
98,WEAgent0,FEMALE_LOW_INCOME,7,7.718317383415982,8,6.864262452440897
98,SIAgent9,YOUNG_LOW_INCOME,6,5.976772279680206,6,5.432352837630226
98,WEAgent5,MALE_OLD,4,4.942415512393375,154,1.7091659148630385
98,WEAgent6,YOUNG_HIGH_INCOME,2,1.9791830797499095,38,1.466368790762985
98,SIAgent7,FEMALE_OLD,5,5.2797536752085845,5,5.162525317258185
98,WEAgent3,FEMALE_YOUNG_LOW_INCOME,3,2.7892101312597206,386,2.5740984196653365
98,SIAgent8,FEMALE_LOW_INCOME,7,7.227535444161458,7,7.144964116222449
98,WEAgent4,MALE_OLD_HIGH_INCOME,2,2.208739603626106,2,1.7091659148630385
98,SIAgent5,FEMALE_YOUNG_LOW_INCOME,3,2.6096517120414457,3,2.5740984196653365
98,SIAgent6,MALE_YOUNG_LOW_INCOME,3,3.0703966103219043,3,3.0325889993626216
98,SIAgent3,MALE_OLD,4,3.8254473271028333,4,3.418331829726077
98,SIAgent4,MALE_YOUNG_HIGH_INCOME,1,1.0982619305691008,1,1.0617212358596038
98,SIAgent1,FEMALE_YOUNG_LOW_INCOME,3,2.5740984196653365,3,2.5740984196653365
98,SIAgent2,MALE_LOW_INCOME,6,5.904354504471784,6,5.7381709906542495
98,SIAgent0,FEMALE_YOUNG_LOW_INCOME,3,3.083226826280833,3,2.988386139840103
99,SIAgent10,YOUNG_HIGH_INCOME,2,2.1147578016489468,2,2.0611049184266292
99,SIAgent11,FEMALE_YOUNG_LOW_INCOME,3,2.9586391465226454,3,2.350350197223804
99,SIAgent12,FEMALE_YOUNG,4,4.075797382728685,4,3.944852195363527
99,WEAgent18,MALE_OLD,4,3.9229348657435823,137,1.883275376128107
99,SIAgent13,FEMALE_HIGH_INCOME,1,0.7519811590181674,117,0.0
99,WEAgent19,OLD_LOW_INCOME,6,5.766002703266022,6,5.649826128384321
99,SIAgent14,MALE_LOW_INCOME,6,5.987312134122283,6,5.649826128384321
99,WEAgent16,MALE_HIGH_INCOME,2,2.068139451802542,2,1.883275376128107
99,WEAgent17,MALE_YOUNG,4,3.815893787747337,102,3.766550752256214
99,WEAgent14,FEMALE_LOW_INCOME,7,7.013703403501295,381,4.700700394447608
99,WEAgent15,FEMALE_YOUNG_LOW_INCOME,3,2.8234679322292298,3,2.350350197223804
99,WEAgent12,FEMALE_OLD_LOW_INCOME,4,3.983866925641368,4,3.983866925641368
99,WEAgent13,MALE_OLD,4,3.978207798998218,4,3.766550752256214
99,WEAgent9,FEMALE_OLD_HIGH_INCOME,1,0.9364802344285452,1,0.9364802344285452
99,WEAgent10,MALE_YOUNG_LOW_INCOME,3,3.0703355668514773,344,1.883275376128107
99,WEAgent11,OLD_HIGH_INCOME,2,2.051913222338681,2,1.6884613934467128
99,WEAgent7,MALE_YOUNG_LOW_INCOME,3,3.372082510292106,3,2.8249130641921605
99,WEAgent8,MALE_LOW_INCOME,6,6.997518290042879,368,5.649826128384321
99,WEAgent1,FEMALE_OLD_LOW_INCOME,4,4.908819523309664,5,4.129766994375414
99,WEAgent2,MALE_OLD_HIGH_INCOME,2,2.222022924348992,2,1.883275376128107
99,WEAgent0,FEMALE_YOUNG_LOW_INCOME,3,2.826139986022187,3,2.350350197223804
99,SIAgent9,OLD_LOW_INCOME,6,6.6779343312960595,6,6.2463705390302255
99,WEAgent5,FEMALE_LOW_INCOME,7,6.278074992417789,8,6.267600525930144
99,WEAgent6,FEMALE_OLD_LOW_INCOME,4,4.20210427848807,4,3.983866925641368
99,SIAgent7,OLD_HIGH_INCOME,2,2.03119126399415,2,1.8892940606695339
99,WEAgent3,MALE_HIGH_INCOME,2,2.131424929030958,2,1.883275376128107
99,SIAgent8,MALE_YOUNG_HIGH_INCOME,1,1.0120175278841053,1,0.9416376880640535
99,WEAgent4,MALE_YOUNG_LOW_INCOME,3,2.8249130641921605,3,2.8249130641921605
99,SIAgent5,FEMALE_YOUNG,4,4.65642544026977,4,4.114226937870987
99,SIAgent6,MALE_OLD_LOW_INCOME,3,2.839314178546163,3,2.833941091004301
99,SIAgent3,FEMALE_LOW_INCOME,7,5.484150460188877,24,5.484150460188876
99,SIAgent4,MALE_OLD,4,3.7785881213390677,4,3.766550752256214
99,SIAgent1,FEMALE_OLD,5,5.313249784570164,5,4.97983365705171
99,SIAgent2,FEMALE_HIGH_INCOME,1,1.0378506066153563,1,0.9364802344285452
99,SIAgent0,MALE_YOUNG_HIGH_INCOME,1,1.0232543118112731,1,1.0120175278841053

