0,WFAgent6,OLD_LOW_INCOME,98,4196.0,1991,3939.1020408163195
0,WFAgent7,FEMALE_OLD,65,2808.0,0,0.0
0,WFAgent8,OLD_LOW_INCOME,98,4196.0,98,4195.999999999992
0,WFAgent9,FEMALE_LOW_INCOME,102,4381.0,102,4370.140306122439
0,WEAgent16,MALE_OLD_HIGH_INCOME,18,808.0,795,0.0
0,WEAgent17,MALE_OLD_LOW_INCOME,42,1795.0,42,1793.3023255813962
0,WEAgent14,YOUNG_LOW_INCOME,89,3816.0,1803,1665.209302325582
0,WEAgent15,FEMALE_YOUNG_HIGH_INCOME,6,256.0,6,255.99999999999997
0,WEAgent12,MALE_LOW_INCOME,85,3631.0,85,3628.0762485703317
0,WEAgent13,MALE_YOUNG_LOW_INCOME,43,1836.0,42,1793.3023255813962
0,WFAgent13,YOUNG_HIGH_INCOME,18,773.0,17,730.0555555555557
0,WEAgent9,FEMALE_OLD,65,2808.0,421,725.4262295081968
0,WEAgent10,FEMALE_YOUNG_HIGH_INCOME,6,256.0,6,255.99999999999997
0,WFAgent12,FEMALE_HIGH_INCOME,15,663.0,15,644.1666666666667
0,WEAgent11,MALE_HIGH_INCOME,31,1325.0,31,1322.8360655737706
0,WFAgent11,OLD_LOW_INCOME,98,4196.0,98,4195.999999999992
0,WEAgent7,YOUNG_HIGH_INCOME,18,773.0,190,170.66666666666666
0,WFAgent10,YOUNG_HIGH_INCOME,18,773.0,17,730.0555555555557
0,WEAgent8,FEMALE_YOUNG_LOW_INCOME,46,1980.0,1907,0.0
0,WEAgent1,FEMALE_OLD_LOW_INCOME,56,2401.0,56,2401.0
0,WEAgent2,MALE_YOUNG_HIGH_INCOME,12,517.0,12,512.0655737704918
0,WEAgent0,FEMALE_OLD_LOW_INCOME,56,2401.0,56,2401.0
0,WEAgent5,MALE_OLD_LOW_INCOME,42,1795.0,42,1793.3023255813962
0,WEAgent6,FEMALE_OLD_HIGH_INCOME,9,407.0,9,384.0491803278689
0,WEAgent3,MALE_YOUNG,55,2353.0,490,896.1147540983608
0,WEAgent4,MALE_YOUNG_HIGH_INCOME,12,517.0,12,512.0655737704918
0,WFAgent0,OLD_HIGH_INCOME,28,1215.0,28,1194.8196721311476
0,WFAgent1,MALE_LOW_INCOME,85,3631.0,1599,0.0
0,WFAgent2,FEMALE_HIGH_INCOME,15,663.0,15,643.6111111111111
0,WFAgent3,MALE_YOUNG_LOW_INCOME,43,1836.0,0,0.0
0,WFAgent4,MALE_OLD,61,2603.0,0,0.0
0,WFAgent5,FEMALE_HIGH_INCOME,15,663.0,15,644.1666666666667
1,WFAgent6,YOUNG_HIGH_INCOME,18,773.0,18,772.4553734061932
1,WFAgent7,MALE_LOW_INCOME,85,3631.0,1687,0.0
1,WFAgent8,YOUNG_HIGH_INCOME,18,773.0,18,768.5581395348835
1,WFAgent9,FEMALE_OLD,65,2808.0,0,0.0
1,WEAgent16,YOUNG_HIGH_INCOME,18,773.0,18,768.0983606557378
1,WEAgent17,MALE_OLD_LOW_INCOME,42,1795.0,42,1794.9999999999984
1,WEAgent14,FEMALE_OLD_LOW_INCOME,56,2401.0,56,2401.0
1,WEAgent15,FEMALE_YOUNG_HIGH_INCOME,6,256.0,0,0.0
1,WEAgent12,FEMALE_YOUNG_HIGH_INCOME,6,256.0,0,0.0
1,WEAgent13,MALE_YOUNG_LOW_INCOME,43,1836.0,42,1793.3023255813962
1,WFAgent13,YOUNG_LOW_INCOME,89,3816.0,1895,3601.617977528085
1,WEAgent9,MALE_YOUNG_HIGH_INCOME,12,517.0,12,512.3720930232558
1,WEAgent10,FEMALE_YOUNG,52,2236.0,52,2218.9508196721304
1,WFAgent12,FEMALE_LOW_INCOME,102,4381.0,2360,2615.375
1,WEAgent11,FEMALE_HIGH_INCOME,15,663.0,15,640.0819672131148
1,WFAgent11,YOUNG_LOW_INCOME,89,3816.0,89,3815.999999999994
1,WEAgent7,FEMALE_HIGH_INCOME,15,663.0,15,640.0819672131148
1,WFAgent10,FEMALE_HIGH_INCOME,15,663.0,15,660.4888888888889
1,WEAgent8,OLD_LOW_INCOME,98,4196.0,98,4185.430913348937
1,WEAgent1,FEMALE_YOUNG,52,2236.0,54,2133.606557377049
1,WEAgent2,OLD_HIGH_INCOME,28,1215.0,28,1194.8196721311476
1,WEAgent0,YOUNG_LOW_INCOME,89,3816.0,1782,1366.325581395349
1,WEAgent5,FEMALE_YOUNG,52,2236.0,52,2218.9508196721304
1,WEAgent6,MALE_OLD,61,2603.0,744,0.0
1,WEAgent3,FEMALE_OLD,65,2808.0,318,1237.4918032786886
1,WEAgent4,MALE_YOUNG,55,2353.0,487,555.0697674418604
1,WFAgent0,YOUNG_HIGH_INCOME,18,773.0,17,730.0555555555557
1,WFAgent1,FEMALE_HIGH_INCOME,15,663.0,14,618.8000000000001
1,WFAgent2,FEMALE_OLD_HIGH_INCOME,9,407.0,9,390.5357142857144
1,WFAgent3,OLD_HIGH_INCOME,28,1215.0,28,1194.8196721311476
1,WFAgent4,YOUNG_HIGH_INCOME,18,773.0,17,730.0555555555557
1,WFAgent5,MALE_OLD_HIGH_INCOME,18,808.0,18,768.0983606557378
2,WFAgent6,MALE_OLD_LOW_INCOME,42,1795.0,42,1794.9999999999984
2,WFAgent7,MALE_YOUNG_LOW_INCOME,43,1836.0,0,0.0
2,WFAgent8,YOUNG_HIGH_INCOME,18,773.0,18,767.9999999999998
2,WFAgent9,FEMALE_YOUNG_LOW_INCOME,46,1980.0,1960,1291.3043478260859
2,WEAgent16,FEMALE_YOUNG_HIGH_INCOME,6,256.0,6,255.99999999999997
2,WEAgent17,MALE_OLD_LOW_INCOME,42,1795.0,42,1794.9999999999984
2,WEAgent14,MALE_YOUNG_HIGH_INCOME,12,517.0,12,512.0655737704918
2,WEAgent15,MALE_LOW_INCOME,85,3631.0,1637,3543.9069767441815
2,WEAgent12,MALE_YOUNG_HIGH_INCOME,12,517.0,12,512.0655737704918
2,WEAgent13,MALE_HIGH_INCOME,31,1325.0,31,1322.8360655737706
2,WFAgent13,MALE_YOUNG_LOW_INCOME,43,1836.0,0,0.0
2,WEAgent9,FEMALE_OLD,65,2808.0,322,2773.6885245901603
2,WEAgent10,MALE_OLD_LOW_INCOME,42,1795.0,42,1794.6114845938373
2,WFAgent12,MALE_LOW_INCOME,85,3631.0,85,3630.9999999999936
2,WEAgent11,FEMALE_YOUNG,52,2236.0,214,1066.6666666666663
2,WFAgent11,MALE_HIGH_INCOME,31,1325.0,31,1324.2321523003702
2,WEAgent7,FEMALE_OLD,65,2808.0,65,2773.6885245901603
2,WFAgent10,MALE_LOW_INCOME,85,3631.0,1526,3588.2823529411703
2,WEAgent8,MALE_LOW_INCOME,85,3631.0,85,3629.3023255813905
2,WEAgent1,YOUNG_LOW_INCOME,89,3816.0,89,3800.0930232558085
2,WEAgent2,FEMALE_YOUNG_HIGH_INCOME,6,256.0,6,255.99999999999997
2,WEAgent0,MALE_YOUNG_HIGH_INCOME,12,517.0,12,512.0655737704918
2,WEAgent5,MALE_YOUNG,55,2353.0,302,2090.934426229508
2,WEAgent6,FEMALE_HIGH_INCOME,15,663.0,15,639.9999999999999
2,WEAgent3,MALE_YOUNG,55,2353.0,55,2346.9672131147527
2,WEAgent4,OLD_HIGH_INCOME,28,1215.0,28,1194.8196721311476
2,WFAgent0,MALE_YOUNG_HIGH_INCOME,12,517.0,12,512.9032258064516
2,WFAgent1,MALE_OLD,61,2603.0,0,0.0
2,WFAgent2,MALE_LOW_INCOME,85,3631.0,85,3630.9999999999936
2,WFAgent3,MALE_HIGH_INCOME,31,1325.0,31,1325.0
2,WFAgent4,FEMALE_YOUNG_LOW_INCOME,46,1980.0,46,1979.999999999998
2,WFAgent5,FEMALE_LOW_INCOME,102,4381.0,2381,0.0
3,WFAgent6,MALE_OLD_HIGH_INCOME,18,808.0,812,0.0
3,WFAgent7,MALE_HIGH_INCOME,31,1325.0,0,0.0
3,WFAgent8,YOUNG_LOW_INCOME,89,3816.0,89,3815.875
3,WFAgent9,MALE_HIGH_INCOME,31,1325.0,0,0.0
3,WEAgent16,FEMALE_YOUNG,52,2236.0,52,2218.6666666666674
3,WEAgent17,FEMALE_OLD_LOW_INCOME,56,2401.0,56,2401.0
3,WEAgent14,FEMALE_YOUNG,52,2236.0,87,2176.000000000001
3,WEAgent15,FEMALE_YOUNG_HIGH_INCOME,6,256.0,6,255.99999999999997
3,WEAgent12,MALE_OLD_LOW_INCOME,42,1795.0,42,1794.1411764705892
3,WEAgent13,MALE_LOW_INCOME,85,3631.0,1628,2605.7764705882337
3,WFAgent13,MALE_YOUNG,55,2353.0,1815,0.0
3,WEAgent9,OLD_HIGH_INCOME,28,1215.0,28,1194.8196721311476
3,WEAgent10,OLD_HIGH_INCOME,28,1215.0,28,1194.8196721311476
3,WFAgent12,YOUNG_LOW_INCOME,89,3816.0,0,0.0
3,WEAgent11,OLD_HIGH_INCOME,28,1215.0,28,1194.8196721311476
3,WFAgent11,FEMALE_YOUNG,52,2236.0,52,2224.000000000001
3,WEAgent7,YOUNG_LOW_INCOME,89,3816.0,1803,3730.125
3,WFAgent10,FEMALE_HIGH_INCOME,15,663.0,15,645.0
3,WEAgent8,YOUNG_HIGH_INCOME,18,773.0,18,767.9999999999998
3,WEAgent1,FEMALE_OLD_LOW_INCOME,56,2401.0,56,2401.0
3,WEAgent2,FEMALE_YOUNG_LOW_INCOME,46,1980.0,46,1972.25
3,WEAgent0,FEMALE_LOW_INCOME,102,4381.0,102,4373.25
3,WEAgent5,FEMALE_YOUNG_HIGH_INCOME,6,256.0,6,255.99999999999997
3,WEAgent6,FEMALE_OLD,65,2808.0,315,1365.5081967213116
3,WEAgent3,YOUNG_HIGH_INCOME,18,773.0,18,767.9999999999998
3,WEAgent4,MALE_LOW_INCOME,85,3631.0,85,3630.9999999999936
3,WFAgent0,MALE_OLD_LOW_INCOME,42,1795.0,42,1794.1411764705892
3,WFAgent1,MALE_YOUNG,55,2353.0,496,0.0
3,WFAgent2,MALE_LOW_INCOME,85,3631.0,0,0.0
3,WFAgent3,MALE_OLD,61,2603.0,0,0.0
3,WFAgent4,MALE_YOUNG_HIGH_INCOME,12,517.0,12,513.3818181818181
3,WFAgent5,FEMALE_LOW_INCOME,102,4381.0,2263,2615.375
4,WFAgent6,MALE_OLD_HIGH_INCOME,18,808.0,17,763.1111111111113
4,WFAgent7,YOUNG_LOW_INCOME,89,3816.0,0,0.0
4,WFAgent8,FEMALE_YOUNG,52,2236.0,1976,0.0
4,WFAgent9,MALE_OLD_HIGH_INCOME,18,808.0,17,763.1111111111113
4,WEAgent16,MALE_YOUNG_LOW_INCOME,43,1836.0,1711,1451.7209302325584
4,WEAgent17,MALE_LOW_INCOME,85,3631.0,85,3629.3023255813905
4,WEAgent14,MALE_YOUNG_LOW_INCOME,43,1836.0,42,1793.3023255813962
4,WEAgent15,MALE_OLD_LOW_INCOME,42,1795.0,42,1793.3023255813962
4,WEAgent12,MALE_OLD_LOW_INCOME,42,1795.0,42,1793.3023255813962
4,WEAgent13,MALE_OLD_LOW_INCOME,42,1795.0,42,1793.3023255813962
4,WFAgent13,OLD_LOW_INCOME,98,4196.0,2414,0.0
4,WEAgent9,MALE_HIGH_INCOME,31,1325.0,31,1323.6279069767443
4,WEAgent10,MALE_YOUNG,55,2353.0,55,2348.3720930232557
4,WFAgent12,OLD_HIGH_INCOME,28,1215.0,759,0.0
4,WEAgent11,FEMALE_HIGH_INCOME,15,663.0,15,640.4651162790697
4,WFAgent11,MALE_OLD_LOW_INCOME,42,1795.0,42,1793.3023255813962
4,WEAgent7,MALE_YOUNG_LOW_INCOME,43,1836.0,42,1793.3023255813962
4,WFAgent10,MALE_YOUNG_HIGH_INCOME,12,517.0,12,513.3818181818181
4,WEAgent8,MALE_LOW_INCOME,85,3631.0,85,3629.3023255813905
4,WEAgent1,MALE_OLD_HIGH_INCOME,18,808.0,18,801.5591397849464
4,WEAgent2,FEMALE_OLD,65,2808.0,65,2775.3488372093007
4,WEAgent0,FEMALE_OLD,65,2808.0,179,2689.9534883720917
4,WEAgent5,FEMALE_OLD_LOW_INCOME,56,2401.0,56,2397.7142857142853
4,WEAgent6,FEMALE_OLD,65,2808.0,65,2775.3488372093007
4,WEAgent3,MALE_LOW_INCOME,85,3631.0,1463,3330.418604651159
4,WEAgent4,MALE_YOUNG,55,2353.0,294,1921.3953488372103
4,WFAgent0,OLD_LOW_INCOME,98,4196.0,0,0.0
4,WFAgent1,MALE_YOUNG,55,2353.0,55,2352.9158562367866
4,WFAgent2,MALE_YOUNG,55,2353.0,54,2310.218181818182
4,WFAgent3,FEMALE_OLD,65,2808.0,65,2775.3488372093007
4,WFAgent4,YOUNG_HIGH_INCOME,18,773.0,257,0.0
4,WFAgent5,MALE_HIGH_INCOME,31,1325.0,0,0.0
5,WFAgent6,FEMALE_YOUNG_HIGH_INCOME,6,256.0,6,255.99999999999997
5,WFAgent7,MALE_OLD,61,2603.0,1755,1962.9180327868855
5,WFAgent8,FEMALE_OLD_HIGH_INCOME,9,407.0,9,390.5357142857144
5,WFAgent9,FEMALE_OLD,65,2808.0,0,0.0
5,WEAgent16,MALE_OLD_HIGH_INCOME,18,808.0,18,768.0983606557378
5,WEAgent17,FEMALE_YOUNG,52,2236.0,199,810.6666666666664
5,WEAgent14,FEMALE_OLD_LOW_INCOME,56,2401.0,56,2401.0
5,WEAgent15,FEMALE_OLD,65,2808.0,291,2688.344262295079
5,WEAgent12,MALE_YOUNG_HIGH_INCOME,12,517.0,12,512.3720930232558
5,WEAgent13,FEMALE_OLD_LOW_INCOME,56,2401.0,2347,2015.125
5,WFAgent13,OLD_HIGH_INCOME,28,1215.0,684,0.0
5,WEAgent9,FEMALE_OLD_HIGH_INCOME,9,407.0,9,384.0491803278689
5,WEAgent10,FEMALE_OLD,65,2808.0,65,2773.6885245901603
5,WFAgent12,MALE_YOUNG_LOW_INCOME,43,1836.0,42,1793.3023255813962
5,WEAgent11,MALE_OLD_HIGH_INCOME,18,808.0,18,768.0983606557378
5,WFAgent11,MALE_OLD_LOW_INCOME,42,1795.0,42,1792.2295081967216
5,WEAgent7,MALE_OLD_HIGH_INCOME,18,808.0,18,768.0983606557378
5,WFAgent10,OLD_HIGH_INCOME,28,1215.0,28,1200.585480093677
5,WEAgent8,FEMALE_YOUNG_HIGH_INCOME,6,256.0,6,255.99999999999997
5,WEAgent1,OLD_HIGH_INCOME,28,1215.0,28,1194.8196721311476
5,WEAgent2,MALE_LOW_INCOME,85,3631.0,1696,2049.4883720930243
5,WEAgent0,MALE_YOUNG,55,2353.0,488,555.0697674418604
5,WEAgent5,MALE_YOUNG_LOW_INCOME,43,1836.0,42,1793.3023255813962
5,WEAgent6,MALE_YOUNG_LOW_INCOME,43,1836.0,42,1793.3023255813962
5,WEAgent3,YOUNG_HIGH_INCOME,18,773.0,18,767.9999999999998
5,WEAgent4,MALE_YOUNG_LOW_INCOME,43,1836.0,42,1793.3023255813962
5,WFAgent0,FEMALE_YOUNG_LOW_INCOME,46,1980.0,1905,0.0
5,WFAgent1,MALE_YOUNG,55,2353.0,55,2348.3720930232557
5,WFAgent2,YOUNG_LOW_INCOME,89,3816.0,0,0.0
5,WFAgent3,MALE_OLD,61,2603.0,61,2602.9999999999973
5,WFAgent4,MALE_YOUNG,55,2353.0,0,0.0
5,WFAgent5,MALE_OLD_HIGH_INCOME,18,808.0,18,768.0983606557378
6,WFAgent6,YOUNG_LOW_INCOME,89,3816.0,89,3815.999999999994
6,WFAgent7,YOUNG_LOW_INCOME,89,3816.0,0,0.0
6,WFAgent8,OLD_HIGH_INCOME,28,1215.0,0,0.0
6,WFAgent9,MALE_LOW_INCOME,85,3631.0,85,3627.1311475409757
6,WEAgent16,MALE_HIGH_INCOME,31,1325.0,31,1322.8360655737706
6,WEAgent17,FEMALE_HIGH_INCOME,15,663.0,224,213.33333333333331
6,WEAgent14,MALE_HIGH_INCOME,31,1325.0,31,1322.8360655737706
6,WEAgent15,FEMALE_YOUNG_HIGH_INCOME,6,256.0,6,255.99999999999997
6,WEAgent12,MALE_LOW_INCOME,85,3631.0,85,3629.3023255813905
6,WEAgent13,MALE_OLD,61,2603.0,61,2602.9999999999973
6,WFAgent13,OLD_HIGH_INCOME,28,1215.0,28,1194.8196721311476
6,WEAgent9,FEMALE_YOUNG_HIGH_INCOME,6,256.0,6,255.99999999999997
6,WEAgent10,MALE_OLD_HIGH_INCOME,18,808.0,18,768.0983606557378
6,WFAgent12,MALE_YOUNG_LOW_INCOME,43,1836.0,42,1793.3023255813962
6,WEAgent11,MALE_OLD_HIGH_INCOME,18,808.0,18,768.0983606557378
6,WFAgent11,MALE_YOUNG_LOW_INCOME,43,1836.0,42,1793.3023255813962
6,WEAgent7,FEMALE_YOUNG_LOW_INCOME,46,1980.0,46,1975.745098039217
6,WFAgent10,YOUNG_LOW_INCOME,89,3816.0,1766,3344.3595505617936
6,WEAgent8,MALE_OLD_LOW_INCOME,42,1795.0,42,1794.9999999999984
6,WEAgent1,MALE_YOUNG,55,2353.0,55,2346.9672131147527
6,WEAgent2,FEMALE_LOW_INCOME,102,4381.0,102,4377.196629213477
6,WEAgent0,MALE_OLD_LOW_INCOME,42,1795.0,42,1794.9386554621835
6,WEAgent5,YOUNG_LOW_INCOME,89,3816.0,1647,3202.3255813953456
6,WEAgent6,OLD_HIGH_INCOME,28,1215.0,399,0.0
6,WEAgent3,MALE_OLD,61,2603.0,697,2517.6557377049157
6,WEAgent4,MALE_YOUNG,55,2353.0,333,1621.5409836065576
6,WFAgent0,MALE_HIGH_INCOME,31,1325.0,31,1325.0
6,WFAgent1,MALE_HIGH_INCOME,31,1325.0,31,1324.86039132734
6,WFAgent2,MALE_LOW_INCOME,85,3631.0,1629,0.0
6,WFAgent3,MALE_OLD_HIGH_INCOME,18,808.0,18,768.0983606557378
6,WFAgent4,MALE_YOUNG,55,2353.0,55,2351.245161290321
6,WFAgent5,MALE_YOUNG_HIGH_INCOME,12,517.0,12,513.3818181818181
7,WFAgent6,MALE_HIGH_INCOME,31,1325.0,0,0.0
7,WFAgent7,FEMALE_OLD,65,2808.0,65,2807.999999999998
7,WFAgent8,FEMALE_OLD_LOW_INCOME,56,2401.0,56,2397.7142857142853
7,WFAgent9,YOUNG_LOW_INCOME,89,3816.0,0,0.0
7,WEAgent16,OLD_LOW_INCOME,98,4196.0,98,4186.329411764698
7,WEAgent17,MALE_OLD,61,2603.0,861,0.0
7,WEAgent14,MALE_LOW_INCOME,85,3631.0,85,3630.9999999999936
7,WEAgent15,OLD_LOW_INCOME,98,4196.0,1299,3844.5882352941103
7,WEAgent12,FEMALE_YOUNG_HIGH_INCOME,6,256.0,6,255.99999999999997
7,WEAgent13,MALE_LOW_INCOME,85,3631.0,85,3630.9999999999936
7,WFAgent13,FEMALE_YOUNG_HIGH_INCOME,6,256.0,0,0.0
7,WEAgent9,YOUNG_HIGH_INCOME,18,773.0,189,554.6666666666666
7,WEAgent10,FEMALE_HIGH_INCOME,15,663.0,15,639.9999999999999
7,WFAgent12,FEMALE_OLD,65,2808.0,65,2807.999999999998
7,WEAgent11,MALE_YOUNG_HIGH_INCOME,12,517.0,12,512.0655737704918
7,WFAgent11,OLD_LOW_INCOME,98,4196.0,2218,2997.142857142854
7,WEAgent7,FEMALE_LOW_INCOME,102,4381.0,1875,2100.875
7,WFAgent10,MALE_OLD_HIGH_INCOME,18,808.0,18,768.0983606557378
7,WEAgent8,FEMALE_YOUNG_LOW_INCOME,46,1980.0,46,1972.25
7,WEAgent1,FEMALE_OLD,65,2808.0,247,0.0
7,WEAgent2,OLD_LOW_INCOME,98,4196.0,98,4186.329411764698
7,WEAgent0,FEMALE_YOUNG_LOW_INCOME,46,1980.0,46,1972.25
7,WEAgent5,MALE_YOUNG,55,2353.0,55,2346.9672131147527
7,WEAgent6,MALE_YOUNG,55,2353.0,409,2261.622950819671
7,WEAgent3,MALE_HIGH_INCOME,31,1325.0,31,1322.8360655737706
7,WEAgent4,MALE_HIGH_INCOME,31,1325.0,31,1322.8360655737706
7,WFAgent0,FEMALE_YOUNG,52,2236.0,52,2222.8333333333344
7,WFAgent1,FEMALE_LOW_INCOME,102,4381.0,102,4367.26530612244
7,WFAgent2,FEMALE_OLD_HIGH_INCOME,9,407.0,9,388.79999999999995
7,WFAgent3,MALE_LOW_INCOME,85,3631.0,1825,0.0
7,WFAgent4,YOUNG_HIGH_INCOME,18,773.0,17,730.0555555555557
7,WFAgent5,MALE_LOW_INCOME,85,3631.0,85,3630.9999999999936
8,WFAgent6,FEMALE_OLD_LOW_INCOME,56,2401.0,56,2400.5892857142844
8,WFAgent7,OLD_HIGH_INCOME,28,1215.0,28,1214.9999999999998
8,WFAgent8,MALE_OLD_HIGH_INCOME,18,808.0,852,0.0
8,WFAgent9,MALE_YOUNG,55,2353.0,54,2310.218181818182
8,WEAgent16,FEMALE_OLD_LOW_INCOME,56,2401.0,56,2401.0
8,WEAgent17,OLD_HIGH_INCOME,28,1215.0,28,1200.5
8,WEAgent14,FEMALE_YOUNG_HIGH_INCOME,6,256.0,6,255.99999999999997
8,WEAgent15,MALE_YOUNG_HIGH_INCOME,12,517.0,12,512.3720930232558
8,WEAgent12,MALE_YOUNG_HIGH_INCOME,12,517.0,12,512.3720930232558
8,WEAgent13,OLD_HIGH_INCOME,28,1215.0,28,1200.5
8,WFAgent13,MALE_YOUNG,55,2353.0,55,2352.242706131076
8,WEAgent9,FEMALE_OLD_HIGH_INCOME,9,407.0,9,385.875
8,WEAgent10,MALE_YOUNG_HIGH_INCOME,12,517.0,12,512.3720930232558
8,WFAgent12,FEMALE_HIGH_INCOME,15,663.0,15,639.9999999999999
8,WEAgent11,FEMALE_OLD_HIGH_INCOME,9,407.0,9,385.875
8,WFAgent11,OLD_LOW_INCOME,98,4196.0,2208,0.0
8,WEAgent7,MALE_OLD_LOW_INCOME,42,1795.0,42,1794.9999999999984
8,WFAgent10,MALE_OLD_LOW_INCOME,42,1795.0,42,1794.9999999999984
8,WEAgent8,MALE_YOUNG_LOW_INCOME,43,1836.0,1860,0.0
8,WEAgent1,FEMALE_YOUNG,52,2236.0,167,1237.3333333333333
8,WEAgent2,YOUNG_HIGH_INCOME,18,773.0,18,767.9999999999998
8,WEAgent0,MALE_YOUNG,55,2353.0,388,811.2558139534881
8,WEAgent5,OLD_LOW_INCOME,98,4196.0,98,4188.33333333334
8,WEAgent6,OLD_LOW_INCOME,98,4196.0,1606,3803.6904761904816
8,WEAgent3,FEMALE_HIGH_INCOME,15,663.0,15,639.9999999999999
8,WEAgent4,FEMALE_OLD,65,2808.0,291,900.375
8,WFAgent0,FEMALE_YOUNG_HIGH_INCOME,6,256.0,6,255.99999999999997
8,WFAgent1,MALE_OLD_LOW_INCOME,42,1795.0,0,0.0
8,WFAgent2,MALE_YOUNG,55,2353.0,0,0.0
8,WFAgent3,FEMALE_OLD_LOW_INCOME,56,2401.0,56,2401.0
8,WFAgent4,OLD_LOW_INCOME,98,4196.0,0,0.0
8,WFAgent5,OLD_HIGH_INCOME,28,1215.0,28,1213.9642857142856
9,WFAgent6,YOUNG_LOW_INCOME,89,3816.0,0,0.0
9,WFAgent7,OLD_LOW_INCOME,98,4196.0,2304,0.0
9,WFAgent8,FEMALE_OLD,65,2808.0,65,2773.6885245901603
9,WFAgent9,FEMALE_YOUNG_LOW_INCOME,46,1980.0,46,1964.093023255815
9,WEAgent16,MALE_OLD,61,2603.0,804,0.0
9,WEAgent17,MALE_YOUNG_HIGH_INCOME,12,517.0,523,0.0
9,WEAgent14,FEMALE_OLD_HIGH_INCOME,9,407.0,9,384.0491803278689
9,WEAgent15,FEMALE_OLD,65,2808.0,218,2773.6885245901603
9,WEAgent12,FEMALE_OLD,65,2808.0,65,2773.6885245901603
9,WEAgent13,FEMALE_OLD_LOW_INCOME,56,2401.0,56,2397.7142857142853
9,WFAgent13,FEMALE_OLD,65,2808.0,0,0.0
9,WEAgent9,FEMALE_YOUNG_LOW_INCOME,46,1980.0,46,1964.093023255815
9,WEAgent10,FEMALE_YOUNG,52,2236.0,52,2218.9508196721304
9,WFAgent12,YOUNG_HIGH_INCOME,18,773.0,18,768.5581395348835
9,WEAgent11,FEMALE_LOW_INCOME,102,4381.0,1699,4098.97674418604
9,WFAgent11,FEMALE_HIGH_INCOME,15,663.0,15,645.0
9,WEAgent7,OLD_LOW_INCOME,98,4196.0,1642,1794.9999999999984
9,WFAgent10,FEMALE_YOUNG_HIGH_INCOME,6,256.0,0,0.0
9,WEAgent8,MALE_OLD_LOW_INCOME,42,1795.0,42,1794.9999999999984
9,WEAgent1,OLD_HIGH_INCOME,28,1215.0,28,1194.8196721311476
9,WEAgent2,MALE_OLD_LOW_INCOME,42,1795.0,42,1794.9999999999984
9,WEAgent0,FEMALE_LOW_INCOME,102,4381.0,102,4355.16279069767
9,WEAgent5,FEMALE_OLD_HIGH_INCOME,9,407.0,9,384.0491803278689
9,WEAgent6,FEMALE_HIGH_INCOME,15,663.0,15,640.0819672131148
9,WEAgent3,MALE_OLD_LOW_INCOME,42,1795.0,42,1794.9999999999984
9,WEAgent4,FEMALE_YOUNG,52,2236.0,79,1877.5737704918035
9,WFAgent0,MALE_YOUNG,55,2353.0,0,0.0
9,WFAgent1,MALE_YOUNG_LOW_INCOME,43,1836.0,1914,0.0
9,WFAgent2,FEMALE_YOUNG,52,2236.0,52,2218.9508196721304
9,WFAgent3,FEMALE_YOUNG_LOW_INCOME,46,1980.0,46,1978.0
9,WFAgent4,FEMALE_HIGH_INCOME,15,663.0,15,645.0
9,WFAgent5,FEMALE_YOUNG,52,2236.0,52,2234.1111111111086
10,WFAgent6,YOUNG_LOW_INCOME,89,3816.0,89,3810.4593676508957
10,WFAgent7,MALE_OLD_LOW_INCOME,42,1795.0,42,1793.3023255813962
10,WFAgent8,MALE_OLD_HIGH_INCOME,18,808.0,18,768.0983606557378
10,WFAgent9,FEMALE_LOW_INCOME,102,4381.0,102,4373.25
10,WEAgent16,MALE_OLD,61,2603.0,61,2602.9999999999973
10,WEAgent17,FEMALE_OLD_LOW_INCOME,56,2401.0,56,2401.0
10,WEAgent14,FEMALE_YOUNG,52,2236.0,167,255.99999999999997
10,WEAgent15,YOUNG_LOW_INCOME,89,3816.0,1655,2092.186046511629
10,WEAgent12,MALE_YOUNG_LOW_INCOME,43,1836.0,1774,0.0
10,WEAgent13,FEMALE_HIGH_INCOME,15,663.0,15,639.9999999999999
10,WFAgent13,MALE_OLD,61,2603.0,1688,0.0
10,WEAgent9,MALE_LOW_INCOME,85,3631.0,85,3627.1311475409757
10,WEAgent10,FEMALE_YOUNG_LOW_INCOME,46,1980.0,46,1964.093023255815
10,WFAgent12,YOUNG_LOW_INCOME,89,3816.0,0,0.0
10,WEAgent11,FEMALE_YOUNG_LOW_INCOME,46,1980.0,46,1964.093023255815
10,WFAgent11,YOUNG_LOW_INCOME,89,3816.0,89,3815.999999999994
10,WEAgent7,MALE_OLD_HIGH_INCOME,18,808.0,18,768.0983606557378
10,WFAgent10,FEMALE_YOUNG,52,2236.0,52,2218.6666666666674
10,WEAgent8,FEMALE_OLD,65,2808.0,396,385.875
10,WEAgent1,FEMALE_YOUNG_HIGH_INCOME,6,256.0,6,255.99999999999997
10,WEAgent2,MALE_OLD,61,2603.0,675,2261.622950819671
10,WEAgent0,FEMALE_YOUNG_HIGH_INCOME,6,256.0,6,255.99999999999997
10,WEAgent5,FEMALE_OLD_HIGH_INCOME,9,407.0,9,385.875
10,WEAgent6,MALE_OLD,61,2603.0,61,2602.9999999999973
10,WEAgent3,FEMALE_YOUNG_HIGH_INCOME,6,256.0,6,255.99999999999997
10,WEAgent4,FEMALE_YOUNG_HIGH_INCOME,6,256.0,6,255.99999999999997
10,WFAgent0,FEMALE_OLD_HIGH_INCOME,9,407.0,9,385.875
10,WFAgent1,FEMALE_LOW_INCOME,102,4381.0,2278,2744.0
10,WFAgent2,FEMALE_YOUNG_HIGH_INCOME,6,256.0,0,0.0
10,WFAgent3,YOUNG_HIGH_INCOME,18,773.0,539,0.0
10,WFAgent4,FEMALE_OLD,65,2808.0,0,0.0
10,WFAgent5,FEMALE_YOUNG_HIGH_INCOME,6,256.0,6,255.99999999999997
11,WFAgent6,MALE_LOW_INCOME,85,3631.0,85,3630.9999999999936
11,WFAgent7,FEMALE_OLD_LOW_INCOME,56,2401.0,2091,0.0
11,WFAgent8,FEMALE_LOW_INCOME,102,4381.0,102,4370.668367346931
11,WFAgent9,FEMALE_YOUNG,52,2236.0,52,2233.1111111111086
11,WEAgent16,MALE_YOUNG,55,2353.0,55,2346.9672131147527
11,WEAgent17,FEMALE_YOUNG_HIGH_INCOME,6,256.0,6,255.99999999999997
11,WEAgent14,MALE_YOUNG,55,2353.0,55,2346.9672131147527
11,WEAgent15,FEMALE_YOUNG,52,2236.0,52,2218.6666666666674
11,WEAgent12,FEMALE_OLD_LOW_INCOME,56,2401.0,56,2401.0
11,WEAgent13,YOUNG_LOW_INCOME,89,3816.0,1825,0.0
11,WFAgent13,OLD_LOW_INCOME,98,4196.0,0,0.0
11,WEAgent9,FEMALE_OLD,65,2808.0,448,600.25
11,WEAgent10,MALE_LOW_INCOME,85,3631.0,85,3630.9999999999936
11,WFAgent12,MALE_LOW_INCOME,85,3631.0,1506,3460.1294117647003
11,WEAgent11,MALE_YOUNG,55,2353.0,369,2346.9672131147527
11,WFAgent11,MALE_OLD_LOW_INCOME,42,1795.0,42,1794.1411764705892
11,WEAgent7,FEMALE_OLD_HIGH_INCOME,9,407.0,9,385.875
11,WFAgent10,MALE_OLD,61,2603.0,0,0.0
11,WEAgent8,FEMALE_OLD_LOW_INCOME,56,2401.0,56,2401.0
11,WEAgent1,FEMALE_HIGH_INCOME,15,663.0,15,639.9999999999999
11,WEAgent2,YOUNG_HIGH_INCOME,18,773.0,18,767.9999999999998
11,WEAgent0,FEMALE_YOUNG_HIGH_INCOME,6,256.0,6,255.99999999999997
11,WEAgent5,FEMALE_OLD_LOW_INCOME,56,2401.0,56,2401.0
11,WEAgent6,YOUNG_HIGH_INCOME,18,773.0,18,767.9999999999998
11,WEAgent3,MALE_HIGH_INCOME,31,1325.0,31,1322.8360655737706
11,WEAgent4,FEMALE_YOUNG,52,2236.0,65,1706.6666666666674
11,WFAgent0,FEMALE_YOUNG_LOW_INCOME,46,1980.0,1991,0.0
11,WFAgent1,MALE_OLD_LOW_INCOME,42,1795.0,42,1794.1411764705892
11,WFAgent2,MALE_LOW_INCOME,85,3631.0,85,3630.9999999999936
11,WFAgent3,FEMALE_YOUNG_HIGH_INCOME,6,256.0,6,255.99999999999997
11,WFAgent4,YOUNG_HIGH_INCOME,18,773.0,18,767.9999999999998
11,WFAgent5,MALE_OLD_HIGH_INCOME,18,808.0,755,0.0
12,WFAgent6,FEMALE_YOUNG_LOW_INCOME,46,1980.0,46,1979.999999999998
12,WFAgent7,MALE_OLD_HIGH_INCOME,18,808.0,17,763.1111111111113
12,WFAgent8,MALE_OLD_HIGH_INCOME,18,808.0,18,777.9426523297492
12,WFAgent9,FEMALE_YOUNG_LOW_INCOME,46,1980.0,1780,1936.9565217391284
12,WEAgent16,OLD_HIGH_INCOME,28,1215.0,28,1194.8196721311476
12,WEAgent17,FEMALE_OLD,65,2808.0,65,2773.6885245901603
12,WEAgent14,MALE_HIGH_INCOME,31,1325.0,436,640.0819672131148
12,WEAgent15,MALE_YOUNG_HIGH_INCOME,12,517.0,12,512.0655737704918
12,WEAgent12,MALE_OLD_HIGH_INCOME,18,808.0,760,0.0
12,WEAgent13,FEMALE_OLD_HIGH_INCOME,9,407.0,9,384.0491803278689
12,WFAgent13,MALE_OLD,61,2603.0,0,0.0
12,WEAgent9,YOUNG_LOW_INCOME,89,3816.0,1685,1878.6976744186056
12,WEAgent10,YOUNG_HIGH_INCOME,18,773.0,18,767.9999999999998
12,WFAgent12,FEMALE_YOUNG_LOW_INCOME,46,1980.0,46,1979.999999999998
12,WEAgent11,FEMALE_YOUNG,52,2236.0,139,512.0
12,WFAgent11,FEMALE_YOUNG,52,2236.0,52,2228.6666666666674
12,WEAgent7,FEMALE_YOUNG_LOW_INCOME,46,1980.0,46,1979.999999999998
12,WFAgent10,MALE_HIGH_INCOME,31,1325.0,0,0.0
12,WEAgent8,OLD_LOW_INCOME,98,4196.0,98,4181.868852459007
12,WEAgent1,FEMALE_OLD_HIGH_INCOME,9,407.0,9,384.0491803278689
12,WEAgent2,YOUNG_HIGH_INCOME,18,773.0,18,767.9999999999998
12,WEAgent0,FEMALE_HIGH_INCOME,15,663.0,15,639.9999999999999
12,WEAgent5,MALE_YOUNG_LOW_INCOME,43,1836.0,42,1793.3023255813962
12,WEAgent6,FEMALE_YOUNG_HIGH_INCOME,6,256.0,6,255.99999999999997
12,WEAgent3,FEMALE_OLD,65,2808.0,65,2773.6885245901603
12,WEAgent4,FEMALE_OLD,65,2808.0,227,2602.9999999999973
12,WFAgent0,FEMALE_YOUNG_LOW_INCOME,46,1980.0,46,1979.999999999998
12,WFAgent1,FEMALE_HIGH_INCOME,15,663.0,15,645.0
12,WFAgent2,OLD_HIGH_INCOME,28,1215.0,28,1194.8196721311476
12,WFAgent3,MALE_YOUNG,55,2353.0,55,2346.9672131147527
12,WFAgent4,MALE_LOW_INCOME,85,3631.0,1691,0.0
12,WFAgent5,MALE_YOUNG,55,2353.0,55,2348.3720930232557
13,WFAgent6,FEMALE_OLD_HIGH_INCOME,9,407.0,9,384.0491803278689
13,WFAgent7,MALE_HIGH_INCOME,31,1325.0,0,0.0
13,WFAgent8,MALE_YOUNG_LOW_INCOME,43,1836.0,0,0.0
13,WFAgent9,YOUNG_HIGH_INCOME,18,773.0,17,730.0555555555557
13,WEAgent16,FEMALE_HIGH_INCOME,15,663.0,15,639.9999999999999
13,WEAgent17,FEMALE_OLD,65,2808.0,272,2645.672131147538
13,WEAgent14,FEMALE_HIGH_INCOME,15,663.0,15,639.9999999999999
13,WEAgent15,MALE_YOUNG_HIGH_INCOME,12,517.0,12,512.0655737704918
13,WEAgent12,YOUNG_LOW_INCOME,89,3816.0,1761,3415.813953488368
13,WEAgent13,OLD_HIGH_INCOME,28,1215.0,28,1194.8196721311476
13,WFAgent13,FEMALE_YOUNG_LOW_INCOME,46,1980.0,46,1972.314606741574
13,WEAgent9,MALE_OLD_LOW_INCOME,42,1795.0,42,1794.9999999999984
13,WEAgent10,MALE_OLD_LOW_INCOME,42,1795.0,1769,1666.7857142857129
13,WFAgent12,FEMALE_YOUNG_HIGH_INCOME,6,256.0,0,0.0
13,WEAgent11,FEMALE_HIGH_INCOME,15,663.0,15,639.9999999999999
13,WFAgent11,OLD_HIGH_INCOME,28,1215.0,810,0.0
13,WEAgent7,FEMALE_HIGH_INCOME,15,663.0,15,639.9999999999999
13,WFAgent10,FEMALE_HIGH_INCOME,15,663.0,14,618.8000000000001
13,WEAgent8,FEMALE_YOUNG,52,2236.0,91,682.6666666666665
13,WEAgent1,FEMALE_HIGH_INCOME,15,663.0,15,639.9999999999999
13,WEAgent2,MALE_YOUNG,55,2353.0,499,768.0983606557378
13,WEAgent0,MALE_LOW_INCOME,85,3631.0,85,3629.3023255813905
13,WEAgent5,OLD_HIGH_INCOME,28,1215.0,28,1194.8196721311476
13,WEAgent6,FEMALE_OLD,65,2808.0,65,2773.6885245901603
13,WEAgent3,FEMALE_OLD_HIGH_INCOME,9,407.0,9,384.0491803278689
13,WEAgent4,MALE_YOUNG_HIGH_INCOME,12,517.0,12,512.0655737704918
13,WFAgent0,YOUNG_LOW_INCOME,89,3816.0,1922,0.0
13,WFAgent1,FEMALE_HIGH_INCOME,15,663.0,15,652.9555555555556
13,WFAgent2,MALE_OLD,61,2603.0,0,0.0
13,WFAgent3,YOUNG_HIGH_INCOME,18,773.0,18,771.8888888888888
13,WFAgent4,YOUNG_HIGH_INCOME,18,773.0,17,730.0555555555557
13,WFAgent5,YOUNG_HIGH_INCOME,18,773.0,17,730.0555555555557
14,WFAgent6,OLD_LOW_INCOME,98,4196.0,0,0.0
14,WFAgent7,MALE_YOUNG_HIGH_INCOME,12,517.0,12,515.3333333333334
14,WFAgent8,FEMALE_YOUNG_LOW_INCOME,46,1980.0,46,1972.25
14,WFAgent9,MALE_OLD_HIGH_INCOME,18,808.0,18,768.0983606557378
14,WEAgent16,MALE_OLD,61,2603.0,781,1280.1639344262296
14,WEAgent17,YOUNG_HIGH_INCOME,18,773.0,18,768.0983606557378
14,WEAgent14,FEMALE_YOUNG,52,2236.0,52,2229.5
14,WEAgent15,OLD_HIGH_INCOME,28,1215.0,287,384.0491803278689
14,WEAgent12,FEMALE_LOW_INCOME,102,4381.0,1876,3344.25
14,WEAgent13,FEMALE_YOUNG,52,2236.0,81,1629.25
14,WFAgent13,MALE_LOW_INCOME,85,3631.0,85,3629.3023255813905
14,WEAgent9,FEMALE_OLD_HIGH_INCOME,9,407.0,9,384.0491803278689
14,WEAgent10,FEMALE_YOUNG_LOW_INCOME,46,1980.0,46,1972.25
14,WFAgent12,FEMALE_OLD,65,2808.0,65,2807.999999999998
14,WEAgent11,FEMALE_YOUNG_HIGH_INCOME,6,256.0,0,0.0
14,WFAgent11,FEMALE_OLD_LOW_INCOME,56,2401.0,2353,0.0
14,WEAgent7,MALE_YOUNG,55,2353.0,429,1152.1475409836066
14,WFAgent10,FEMALE_YOUNG,52,2236.0,52,2231.75
14,WEAgent8,MALE_YOUNG_LOW_INCOME,43,1836.0,1798,0.0
14,WEAgent1,MALE_OLD_LOW_INCOME,42,1795.0,42,1793.3023255813962
14,WEAgent2,FEMALE_YOUNG,52,2236.0,52,2229.5
14,WEAgent0,MALE_HIGH_INCOME,31,1325.0,31,1322.8360655737706
14,WEAgent5,MALE_OLD_HIGH_INCOME,18,808.0,18,768.0983606557378
14,WEAgent6,FEMALE_YOUNG,52,2236.0,52,2229.5
14,WEAgent3,MALE_LOW_INCOME,85,3631.0,1647,1238.2325581395348
14,WEAgent4,FEMALE_YOUNG_HIGH_INCOME,6,256.0,0,0.0
14,WFAgent0,FEMALE_OLD,65,2808.0,65,2807.472131147539
14,WFAgent1,MALE_YOUNG_HIGH_INCOME,12,517.0,12,515.3333333333334
14,WFAgent2,FEMALE_YOUNG_HIGH_INCOME,6,256.0,0,0.0
14,WFAgent3,FEMALE_YOUNG_LOW_INCOME,46,1980.0,46,1978.0
14,WFAgent4,MALE_YOUNG_HIGH_INCOME,12,517.0,12,512.8825136612022
14,WFAgent5,FEMALE_HIGH_INCOME,15,663.0,15,645.0
15,WFAgent6,MALE_OLD_HIGH_INCOME,18,808.0,18,769.3548387096774
15,WFAgent7,MALE_LOW_INCOME,85,3631.0,0,0.0
15,WFAgent8,FEMALE_OLD_LOW_INCOME,56,2401.0,2328,0.0
15,WFAgent9,FEMALE_HIGH_INCOME,15,663.0,15,639.9999999999999
15,WEAgent16,FEMALE_YOUNG,52,2236.0,52,2218.6666666666674
15,WEAgent17,MALE_YOUNG_HIGH_INCOME,12,517.0,12,512.3720930232558
15,WEAgent14,OLD_HIGH_INCOME,28,1215.0,28,1194.6666666666665
15,WEAgent15,FEMALE_OLD_HIGH_INCOME,9,407.0,0,0.0
15,WEAgent12,MALE_YOUNG,55,2353.0,372,1793.3023255813962
15,WEAgent13,MALE_YOUNG_HIGH_INCOME,12,517.0,12,512.3720930232558
15,WFAgent13,MALE_YOUNG,55,2353.0,55,2348.3720930232557
15,WEAgent9,YOUNG_LOW_INCOME,89,3816.0,1800,2049.4883720930243
15,WEAgent10,MALE_HIGH_INCOME,31,1325.0,31,1323.6279069767443
15,WFAgent12,OLD_HIGH_INCOME,28,1215.0,28,1209.6000000000006
15,WEAgent11,MALE_YOUNG_LOW_INCOME,43,1836.0,42,1793.3023255813962
15,WFAgent11,FEMALE_OLD,65,2808.0,0,0.0
15,WEAgent7,FEMALE_YOUNG_LOW_INCOME,46,1980.0,46,1978.0
15,WFAgent10,FEMALE_OLD,65,2808.0,65,2799.9999999999986
15,WEAgent8,OLD_LOW_INCOME,98,4196.0,1833,2220.2790697674423
15,WEAgent1,OLD_HIGH_INCOME,28,1215.0,28,1194.6666666666665
15,WEAgent2,OLD_HIGH_INCOME,28,1215.0,28,1194.6666666666665
15,WEAgent0,MALE_HIGH_INCOME,31,1325.0,31,1323.6279069767443
15,WEAgent5,FEMALE_YOUNG_HIGH_INCOME,6,256.0,6,255.99999999999997
15,WEAgent6,FEMALE_OLD,65,2808.0,197,1408.0000000000002
15,WEAgent3,MALE_OLD_LOW_INCOME,42,1795.0,42,1793.3023255813962
15,WEAgent4,FEMALE_YOUNG,52,2236.0,131,1493.3333333333337
15,WFAgent0,OLD_HIGH_INCOME,28,1215.0,793,0.0
15,WFAgent1,MALE_YOUNG_HIGH_INCOME,12,517.0,12,513.3818181818181
15,WFAgent2,FEMALE_OLD,65,2808.0,65,2807.999999999998
15,WFAgent3,FEMALE_YOUNG_LOW_INCOME,46,1980.0,1894,0.0
15,WFAgent4,YOUNG_HIGH_INCOME,18,773.0,18,767.9999999999998
15,WFAgent5,MALE_OLD_HIGH_INCOME,18,808.0,18,781.0714285714286
16,WFAgent6,FEMALE_YOUNG_HIGH_INCOME,6,256.0,0,0.0
16,WFAgent7,MALE_HIGH_INCOME,31,1325.0,31,1324.24705882353
16,WFAgent8,MALE_LOW_INCOME,85,3631.0,0,0.0
16,WFAgent9,MALE_LOW_INCOME,85,3631.0,1614,0.0
16,WEAgent16,MALE_YOUNG_HIGH_INCOME,12,517.0,12,512.6117647058825
16,WEAgent17,YOUNG_LOW_INCOME,89,3816.0,89,3801.870588235287
16,WEAgent14,MALE_OLD_HIGH_INCOME,18,808.0,18,795.1182795698926
16,WEAgent15,FEMALE_YOUNG_HIGH_INCOME,6,256.0,6,255.99999999999997
16,WEAgent12,OLD_LOW_INCOME,98,4196.0,98,4187.515406162458
16,WEAgent13,MALE_OLD_LOW_INCOME,42,1795.0,42,1794.9999999999984
16,WFAgent13,MALE_OLD_HIGH_INCOME,18,808.0,17,763.1111111111113
16,WEAgent9,MALE_OLD_HIGH_INCOME,18,808.0,17,763.1111111111113
16,WEAgent10,FEMALE_YOUNG_LOW_INCOME,46,1980.0,46,1972.314606741574
16,WFAgent12,FEMALE_YOUNG_LOW_INCOME,46,1980.0,46,1972.314606741574
16,WEAgent11,FEMALE_OLD_LOW_INCOME,56,2401.0,56,2401.0
16,WFAgent11,MALE_YOUNG,55,2353.0,55,2349.4705882352937
16,WEAgent7,YOUNG_HIGH_INCOME,18,773.0,18,767.9999999999998
16,WFAgent10,FEMALE_OLD_LOW_INCOME,56,2401.0,2358,2358.125
16,WEAgent8,MALE_YOUNG_HIGH_INCOME,12,517.0,12,512.6117647058825
16,WEAgent1,MALE_YOUNG_HIGH_INCOME,12,517.0,12,512.6117647058825
16,WEAgent2,MALE_LOW_INCOME,85,3631.0,1705,3545.564705882347
16,WEAgent0,MALE_HIGH_INCOME,31,1325.0,441,811.6352941176474
16,WEAgent5,FEMALE_OLD,65,2808.0,330,0.0
16,WEAgent6,FEMALE_HIGH_INCOME,15,663.0,15,639.9999999999999
16,WEAgent3,MALE_OLD_LOW_INCOME,42,1795.0,42,1794.9999999999984
16,WEAgent4,YOUNG_HIGH_INCOME,18,773.0,193,426.6666666666667
16,WFAgent0,YOUNG_LOW_INCOME,89,3816.0,1920,1929.4382022471918
16,WFAgent1,OLD_HIGH_INCOME,28,1215.0,28,1214.9999999999998
16,WFAgent2,OLD_HIGH_INCOME,28,1215.0,724,0.0
16,WFAgent3,YOUNG_HIGH_INCOME,18,773.0,18,767.9999999999998
16,WFAgent4,OLD_HIGH_INCOME,28,1215.0,28,1210.8571428571427
16,WFAgent5,FEMALE_OLD_HIGH_INCOME,9,407.0,9,390.5357142857144
17,WFAgent6,FEMALE_OLD_HIGH_INCOME,9,407.0,9,384.0491803278689
17,WFAgent7,MALE_OLD_LOW_INCOME,42,1795.0,42,1793.3023255813962
17,WFAgent8,MALE_OLD,61,2603.0,61,2602.9999999999973
17,WFAgent9,FEMALE_YOUNG_LOW_INCOME,46,1980.0,46,1972.25
17,WEAgent16,MALE_YOUNG_LOW_INCOME,43,1836.0,42,1793.3023255813962
17,WEAgent17,MALE_OLD,61,2603.0,61,2602.9999999999973
17,WEAgent14,FEMALE_LOW_INCOME,102,4381.0,1853,1800.75
17,WEAgent15,MALE_OLD_HIGH_INCOME,18,808.0,18,768.0983606557378
17,WEAgent12,FEMALE_YOUNG,52,2236.0,52,2218.9508196721304
17,WEAgent13,FEMALE_YOUNG_LOW_INCOME,46,1980.0,46,1972.25
17,WFAgent13,OLD_LOW_INCOME,98,4196.0,98,4195.999999999992
17,WEAgent9,OLD_LOW_INCOME,98,4196.0,98,4184.014487228358
17,WEAgent10,FEMALE_YOUNG,52,2236.0,145,2005.5901639344265
17,WFAgent12,FEMALE_LOW_INCOME,102,4381.0,102,4367.26530612244
17,WEAgent11,MALE_LOW_INCOME,85,3631.0,85,3629.3023255813905
17,WFAgent11,FEMALE_OLD_LOW_INCOME,56,2401.0,56,2397.7142857142853
17,WEAgent7,MALE_YOUNG_HIGH_INCOME,12,517.0,12,516.9999999999999
17,WFAgent10,FEMALE_HIGH_INCOME,15,663.0,15,640.0819672131148
17,WEAgent8,FEMALE_OLD,65,2808.0,338,2474.983606557375
17,WEAgent1,FEMALE_OLD,65,2808.0,65,2773.6885245901603
17,WEAgent2,MALE_YOUNG_LOW_INCOME,43,1836.0,1798,1537.1162790697679
17,WEAgent0,FEMALE_OLD_HIGH_INCOME,9,407.0,9,384.0491803278689
17,WEAgent5,YOUNG_HIGH_INCOME,18,773.0,18,768.0983606557378
17,WEAgent6,MALE_YOUNG_HIGH_INCOME,12,517.0,490,387.7499999999999
17,WEAgent3,FEMALE_YOUNG_LOW_INCOME,46,1980.0,46,1972.25
17,WEAgent4,FEMALE_HIGH_INCOME,15,663.0,15,640.0819672131148
17,WFAgent0,FEMALE_OLD_LOW_INCOME,56,2401.0,56,2397.7142857142853
17,WFAgent1,MALE_YOUNG_LOW_INCOME,43,1836.0,0,0.0
17,WFAgent2,OLD_HIGH_INCOME,28,1215.0,686,0.0
17,WFAgent3,MALE_LOW_INCOME,85,3631.0,1438,2176.2786885245896
17,WFAgent4,OLD_LOW_INCOME,98,4196.0,2139,2868.693877551018
17,WFAgent5,MALE_OLD,61,2603.0,61,2602.9999999999973
18,WFAgent6,FEMALE_OLD_LOW_INCOME,56,2401.0,56,2400.5306122448965
18,WFAgent7,MALE_OLD,61,2603.0,0,0.0
18,WFAgent8,MALE_YOUNG_HIGH_INCOME,12,517.0,12,515.3333333333334
18,WFAgent9,MALE_OLD_LOW_INCOME,42,1795.0,1553,0.0
18,WEAgent16,MALE_YOUNG,55,2353.0,374,1024.1311475409836
18,WEAgent17,FEMALE_YOUNG_LOW_INCOME,46,1980.0,46,1972.25
18,WEAgent14,MALE_OLD,61,2603.0,770,1066.8032786885246
18,WEAgent15,FEMALE_HIGH_INCOME,15,663.0,15,639.9999999999999
18,WEAgent12,FEMALE_YOUNG_LOW_INCOME,46,1980.0,46,1972.25
18,WEAgent13,OLD_LOW_INCOME,98,4196.0,98,4188.33333333334
18,WFAgent13,MALE_OLD_HIGH_INCOME,18,808.0,18,768.0983606557378
18,WEAgent9,FEMALE_OLD_HIGH_INCOME,9,407.0,374,0.0
18,WEAgent10,YOUNG_LOW_INCOME,89,3816.0,1519,3330.418604651159
18,WFAgent12,FEMALE_YOUNG_HIGH_INCOME,6,256.0,0,0.0
18,WEAgent11,MALE_YOUNG_LOW_INCOME,43,1836.0,42,1793.3023255813962
18,WFAgent11,MALE_YOUNG_HIGH_INCOME,12,517.0,12,513.3818181818181
18,WEAgent7,FEMALE_YOUNG_LOW_INCOME,46,1980.0,46,1972.25
18,WFAgent10,MALE_YOUNG,55,2353.0,55,2346.9672131147527
18,WEAgent8,MALE_OLD_HIGH_INCOME,18,808.0,18,768.0983606557378
18,WEAgent1,YOUNG_LOW_INCOME,89,3816.0,89,3800.0930232558085
18,WEAgent2,YOUNG_LOW_INCOME,89,3816.0,89,3800.0930232558085
18,WEAgent0,FEMALE_YOUNG,52,2236.0,190,895.9999999999997
18,WEAgent5,MALE_HIGH_INCOME,31,1325.0,31,1322.8360655737706
18,WEAgent6,FEMALE_LOW_INCOME,102,4381.0,1938,1886.5
18,WEAgent3,YOUNG_HIGH_INCOME,18,773.0,18,767.9999999999998
18,WEAgent4,OLD_LOW_INCOME,98,4196.0,98,4187.343871975022
18,WFAgent0,FEMALE_OLD_LOW_INCOME,56,2401.0,2364,0.0
18,WFAgent1,FEMALE_OLD_LOW_INCOME,56,2401.0,56,2401.0
18,WFAgent2,MALE_YOUNG,55,2353.0,55,2348.3720930232557
18,WFAgent3,MALE_HIGH_INCOME,31,1325.0,0,0.0
18,WFAgent4,YOUNG_HIGH_INCOME,18,773.0,18,767.9999999999998
18,WFAgent5,FEMALE_OLD,65,2808.0,0,0.0
19,WFAgent6,MALE_LOW_INCOME,85,3631.0,1855,0.0
19,WFAgent7,FEMALE_LOW_INCOME,102,4381.0,101,4338.0490196078445
19,WFAgent8,FEMALE_OLD_HIGH_INCOME,9,407.0,9,384.0491803278689
19,WFAgent9,MALE_OLD_HIGH_INCOME,18,808.0,18,805.7832422586523
19,WEAgent16,MALE_OLD_HIGH_INCOME,18,808.0,18,768.0983606557378
19,WEAgent17,OLD_HIGH_INCOME,28,1215.0,362,640.0819672131148
19,WEAgent14,OLD_HIGH_INCOME,28,1215.0,28,1194.8196721311476
19,WEAgent15,FEMALE_OLD_LOW_INCOME,56,2401.0,1949,2272.375
19,WEAgent12,FEMALE_HIGH_INCOME,15,663.0,15,639.9999999999999
19,WEAgent13,MALE_LOW_INCOME,85,3631.0,85,3630.9999999999936
19,WFAgent13,FEMALE_YOUNG,52,2236.0,52,2234.666666666666
19,WEAgent9,MALE_HIGH_INCOME,31,1325.0,31,1322.8360655737706
19,WEAgent10,FEMALE_LOW_INCOME,102,4381.0,102,4373.25
19,WFAgent12,FEMALE_LOW_INCOME,102,4381.0,101,4338.0490196078445
19,WEAgent11,OLD_LOW_INCOME,98,4196.0,1652,3417.411764705877
19,WFAgent11,FEMALE_YOUNG_LOW_INCOME,46,1980.0,46,1972.25
19,WEAgent7,MALE_YOUNG,55,2353.0,470,1450.8524590163936
19,WFAgent10,FEMALE_LOW_INCOME,102,4381.0,102,4380.544117647062
19,WEAgent8,YOUNG_LOW_INCOME,89,3816.0,89,3815.875
19,WEAgent1,FEMALE_YOUNG_HIGH_INCOME,6,256.0,6,255.99999999999997
19,WEAgent2,MALE_OLD_HIGH_INCOME,18,808.0,18,768.0983606557378
19,WEAgent0,FEMALE_LOW_INCOME,102,4381.0,1740,3558.625
19,WEAgent5,MALE_OLD,61,2603.0,742,896.1147540983608
19,WEAgent6,YOUNG_HIGH_INCOME,18,773.0,137,682.6666666666665
19,WEAgent3,FEMALE_OLD_HIGH_INCOME,9,407.0,9,384.0491803278689
19,WEAgent4,FEMALE_OLD_HIGH_INCOME,9,407.0,9,384.0491803278689
19,WFAgent0,MALE_OLD_LOW_INCOME,42,1795.0,42,1794.1411764705892
19,WFAgent1,FEMALE_OLD_LOW_INCOME,56,2401.0,56,2401.0
19,WFAgent2,FEMALE_YOUNG,52,2236.0,52,2236.0
19,WFAgent3,MALE_HIGH_INCOME,31,1325.0,31,1322.8360655737706
19,WFAgent4,FEMALE_OLD_LOW_INCOME,56,2401.0,56,2401.0
19,WFAgent5,MALE_OLD_HIGH_INCOME,18,808.0,17,763.1111111111113
20,WFAgent6,FEMALE_OLD,65,2808.0,0,0.0
20,WFAgent7,FEMALE_OLD_LOW_INCOME,56,2401.0,0,0.0
20,WFAgent8,MALE_YOUNG_HIGH_INCOME,12,517.0,12,512.0655737704918
20,WFAgent9,MALE_YOUNG,55,2353.0,55,2348.3720930232557
20,WEAgent16,FEMALE_YOUNG,52,2236.0,52,2218.6666666666674
20,WEAgent17,FEMALE_YOUNG_HIGH_INCOME,6,256.0,6,255.99999999999997
20,WEAgent14,FEMALE_OLD_HIGH_INCOME,9,407.0,9,384.0491803278689
20,WEAgent15,FEMALE_YOUNG,52,2236.0,120,2133.3333333333344
20,WEAgent12,YOUNG_HIGH_INCOME,18,773.0,18,767.9999999999998
20,WEAgent13,MALE_YOUNG_LOW_INCOME,43,1836.0,42,1793.3023255813962
20,WFAgent13,MALE_OLD_HIGH_INCOME,18,808.0,18,769.3548387096774
20,WEAgent9,OLD_HIGH_INCOME,28,1215.0,411,384.0491803278689
20,WEAgent10,FEMALE_OLD_LOW_INCOME,56,2401.0,56,2401.0
20,WFAgent12,FEMALE_OLD_LOW_INCOME,56,2401.0,56,2401.0
20,WEAgent11,YOUNG_HIGH_INCOME,18,773.0,18,767.9999999999998
20,WFAgent11,FEMALE_YOUNG_HIGH_INCOME,6,256.0,6,255.99999999999997
20,WEAgent7,FEMALE_OLD_LOW_INCOME,56,2401.0,56,2401.0
20,WFAgent10,MALE_LOW_INCOME,85,3631.0,1781,0.0
20,WEAgent8,MALE_LOW_INCOME,85,3631.0,1727,1494.4186046511632
20,WEAgent1,MALE_HIGH_INCOME,31,1325.0,485,341.3770491803279
20,WEAgent2,FEMALE_YOUNG_HIGH_INCOME,6,256.0,6,255.99999999999997
20,WEAgent0,FEMALE_OLD_HIGH_INCOME,9,407.0,9,384.0491803278689
20,WEAgent5,FEMALE_YOUNG_LOW_INCOME,46,1980.0,1976,0.0
20,WEAgent6,MALE_YOUNG_HIGH_INCOME,12,517.0,12,512.0655737704918
20,WEAgent3,FEMALE_YOUNG_HIGH_INCOME,6,256.0,6,255.99999999999997
20,WEAgent4,YOUNG_HIGH_INCOME,18,773.0,18,767.9999999999998
20,WFAgent0,FEMALE_LOW_INCOME,102,4381.0,2183,3430.0
20,WFAgent1,YOUNG_LOW_INCOME,89,3816.0,0,0.0
20,WFAgent2,MALE_OLD,61,2603.0,0,0.0
20,WFAgent3,OLD_HIGH_INCOME,28,1215.0,806,0.0
20,WFAgent4,FEMALE_OLD_LOW_INCOME,56,2401.0,56,2401.0
20,WFAgent5,MALE_HIGH_INCOME,31,1325.0,0,0.0
21,WFAgent6,FEMALE_YOUNG_HIGH_INCOME,6,256.0,0,0.0
21,WFAgent7,FEMALE_YOUNG,52,2236.0,52,2233.1111111111086
21,WFAgent8,MALE_OLD_LOW_INCOME,42,1795.0,42,1794.9999999999984
21,WFAgent9,FEMALE_OLD,65,2808.0,65,2786.875
21,WEAgent16,YOUNG_HIGH_INCOME,18,773.0,18,767.9999999999998
21,WEAgent17,MALE_OLD_LOW_INCOME,42,1795.0,1739,0.0
21,WEAgent14,FEMALE_LOW_INCOME,102,4381.0,102,4373.25
21,WEAgent15,YOUNG_HIGH_INCOME,18,773.0,18,767.9999999999998
21,WEAgent12,FEMALE_OLD_LOW_INCOME,56,2401.0,2279,0.0
21,WEAgent13,FEMALE_OLD,65,2808.0,120,2645.3333333333326
21,WFAgent13,YOUNG_HIGH_INCOME,18,773.0,18,767.9999999999998
21,WEAgent9,FEMALE_OLD_HIGH_INCOME,9,407.0,0,0.0
21,WEAgent10,FEMALE_HIGH_INCOME,15,663.0,15,639.9999999999999
21,WFAgent12,YOUNG_LOW_INCOME,89,3816.0,89,3815.999999999994
21,WEAgent11,FEMALE_YOUNG,52,2236.0,159,767.9999999999998
21,WFAgent11,YOUNG_LOW_INCOME,89,3816.0,89,3815.9550561797746
21,WEAgent7,FEMALE_OLD,65,2808.0,65,2773.333333333332
21,WFAgent10,MALE_HIGH_INCOME,31,1325.0,0,0.0
21,WEAgent8,YOUNG_LOW_INCOME,89,3816.0,89,3815.875
21,WEAgent1,FEMALE_LOW_INCOME,102,4381.0,1624,3730.125
21,WEAgent2,FEMALE_OLD,65,2808.0,65,2773.333333333332
21,WEAgent0,MALE_YOUNG_HIGH_INCOME,12,517.0,12,512.0655737704918
21,WEAgent5,FEMALE_OLD_HIGH_INCOME,9,407.0,0,0.0
21,WEAgent6,FEMALE_OLD_HIGH_INCOME,9,407.0,0,0.0
21,WEAgent3,FEMALE_HIGH_INCOME,15,663.0,15,639.9999999999999
21,WEAgent4,MALE_YOUNG,55,2353.0,506,426.7213114754099
21,WFAgent0,OLD_LOW_INCOME,98,4196.0,0,0.0
21,WFAgent1,MALE_YOUNG,55,2353.0,55,2346.9672131147527
21,WFAgent2,FEMALE_OLD,65,2808.0,65,2807.999999999998
21,WFAgent3,MALE_OLD_HIGH_INCOME,18,808.0,768,0.0
21,WFAgent4,FEMALE_OLD,65,2808.0,65,2803.7333333333318
21,WFAgent5,MALE_OLD,61,2603.0,0,0.0
22,WFAgent6,FEMALE_OLD_HIGH_INCOME,9,407.0,9,388.79999999999995
22,WFAgent7,FEMALE_OLD_LOW_INCOME,56,2401.0,2350,0.0
22,WFAgent8,MALE_YOUNG_LOW_INCOME,43,1836.0,0,0.0
22,WFAgent9,OLD_HIGH_INCOME,28,1215.0,715,0.0
22,WEAgent16,FEMALE_OLD_HIGH_INCOME,9,407.0,9,384.0491803278689
22,WEAgent17,FEMALE_YOUNG_HIGH_INCOME,6,256.0,6,255.99999999999997
22,WEAgent14,FEMALE_YOUNG_HIGH_INCOME,6,256.0,6,255.99999999999997
22,WEAgent15,YOUNG_HIGH_INCOME,18,773.0,169,597.3333333333333
22,WEAgent12,MALE_OLD_LOW_INCOME,42,1795.0,1796,0.0
22,WEAgent13,YOUNG_LOW_INCOME,89,3816.0,89,3800.0930232558085
22,WFAgent13,OLD_LOW_INCOME,98,4196.0,0,0.0
22,WEAgent9,FEMALE_OLD_LOW_INCOME,56,2401.0,56,2397.7142857142853
22,WEAgent10,FEMALE_HIGH_INCOME,15,663.0,15,639.9999999999999
22,WFAgent12,MALE_OLD_LOW_INCOME,42,1795.0,42,1794.9999999999984
22,WEAgent11,MALE_LOW_INCOME,85,3631.0,1570,3501.209302325577
22,WFAgent11,MALE_YOUNG_HIGH_INCOME,12,517.0,495,515.3333333333334
22,WEAgent7,FEMALE_YOUNG_LOW_INCOME,46,1980.0,46,1979.999999999998
22,WFAgent10,MALE_YOUNG,55,2353.0,0,0.0
22,WEAgent8,MALE_YOUNG_LOW_INCOME,43,1836.0,42,1793.3023255813962
22,WEAgent1,FEMALE_HIGH_INCOME,15,663.0,15,639.9999999999999
22,WEAgent2,FEMALE_YOUNG_LOW_INCOME,46,1980.0,46,1979.999999999998
22,WEAgent0,MALE_YOUNG_LOW_INCOME,43,1836.0,42,1793.3023255813962
22,WEAgent5,OLD_HIGH_INCOME,28,1215.0,28,1194.8196721311476
22,WEAgent6,MALE_LOW_INCOME,85,3631.0,85,3629.3023255813905
22,WEAgent3,MALE_OLD,61,2603.0,61,2602.9999999999973
22,WEAgent4,FEMALE_OLD,65,2808.0,289,1322.8360655737706
22,WFAgent0,FEMALE_OLD,65,2808.0,65,2773.6885245901603
22,WFAgent1,FEMALE_YOUNG_LOW_INCOME,46,1980.0,46,1979.6658524670231
22,WFAgent2,YOUNG_HIGH_INCOME,18,773.0,18,771.0555555555554
22,WFAgent3,MALE_YOUNG_HIGH_INCOME,12,517.0,12,515.3333333333334
22,WFAgent4,YOUNG_HIGH_INCOME,18,773.0,17,730.0555555555557
22,WFAgent5,YOUNG_LOW_INCOME,89,3816.0,1861,0.0
23,WFAgent6,FEMALE_OLD,65,2808.0,0,0.0
23,WFAgent7,FEMALE_YOUNG_HIGH_INCOME,6,256.0,0,0.0
23,WFAgent8,MALE_YOUNG_HIGH_INCOME,12,517.0,12,513.3818181818181
23,WFAgent9,FEMALE_LOW_INCOME,102,4381.0,2466,0.0
23,WEAgent16,FEMALE_OLD_HIGH_INCOME,9,407.0,9,388.79999999999995
23,WEAgent17,MALE_YOUNG,55,2353.0,55,2348.3720930232557
23,WEAgent14,OLD_HIGH_INCOME,28,1215.0,28,1209.6000000000006
23,WEAgent15,MALE_OLD_HIGH_INCOME,18,808.0,811,0.0
23,WEAgent12,FEMALE_YOUNG_LOW_INCOME,46,1980.0,1929,0.0
23,WEAgent13,MALE_YOUNG_HIGH_INCOME,12,517.0,12,512.3720930232558
23,WFAgent13,FEMALE_OLD,65,2808.0,359,1382.4000000000008
23,WEAgent9,MALE_YOUNG_HIGH_INCOME,12,517.0,12,512.3720930232558
23,WEAgent10,YOUNG_HIGH_INCOME,18,773.0,18,767.9999999999998
23,WFAgent12,YOUNG_HIGH_INCOME,18,773.0,18,767.9999999999998
23,WEAgent11,MALE_HIGH_INCOME,31,1325.0,31,1323.6279069767443
23,WFAgent11,MALE_LOW_INCOME,85,3631.0,0,0.0
23,WEAgent7,MALE_YOUNG_HIGH_INCOME,12,517.0,12,512.3720930232558
23,WFAgent10,FEMALE_YOUNG,52,2236.0,52,2233.1111111111086
23,WEAgent8,OLD_HIGH_INCOME,28,1215.0,28,1209.6000000000006
23,WEAgent1,FEMALE_YOUNG,52,2236.0,136,682.6666666666665
23,WEAgent2,MALE_OLD_LOW_INCOME,42,1795.0,1725,0.0
23,WEAgent0,MALE_YOUNG,55,2353.0,55,2348.3720930232557
23,WEAgent5,MALE_YOUNG,55,2353.0,194,2348.3720930232557
23,WEAgent6,MALE_YOUNG,55,2353.0,55,2348.3720930232557
23,WEAgent3,YOUNG_HIGH_INCOME,18,773.0,18,767.9999999999998
23,WEAgent4,FEMALE_YOUNG_HIGH_INCOME,6,256.0,6,255.99999999999997
23,WFAgent0,MALE_YOUNG,55,2353.0,55,2350.8064516129016
23,WFAgent1,MALE_OLD_LOW_INCOME,42,1795.0,42,1794.9999999999984
23,WFAgent2,MALE_HIGH_INCOME,31,1325.0,31,1323.6279069767443
23,WFAgent3,FEMALE_YOUNG_LOW_INCOME,46,1980.0,46,1975.745098039217
23,WFAgent4,YOUNG_LOW_INCOME,89,3816.0,0,0.0
23,WFAgent5,MALE_YOUNG_LOW_INCOME,43,1836.0,1785,0.0
24,WFAgent6,FEMALE_LOW_INCOME,102,4381.0,0,0.0
24,WFAgent7,MALE_LOW_INCOME,85,3631.0,1875,0.0
24,WFAgent8,MALE_OLD_LOW_INCOME,42,1795.0,42,1794.1411764705892
24,WFAgent9,MALE_YOUNG_HIGH_INCOME,12,517.0,12,515.3551912568306
24,WEAgent16,MALE_LOW_INCOME,85,3631.0,85,3630.9999999999936
24,WEAgent17,FEMALE_YOUNG,52,2236.0,183,810.6666666666664
24,WEAgent14,FEMALE_OLD_LOW_INCOME,56,2401.0,56,2401.0
24,WEAgent15,YOUNG_HIGH_INCOME,18,773.0,18,767.9999999999998
24,WEAgent12,FEMALE_YOUNG_HIGH_INCOME,6,256.0,6,255.99999999999997
24,WEAgent13,OLD_LOW_INCOME,98,4196.0,1625,3118.3882352941137
24,WFAgent13,FEMALE_OLD,65,2808.0,0,0.0
24,WEAgent9,MALE_HIGH_INCOME,31,1325.0,31,1322.8360655737706
24,WEAgent10,FEMALE_YOUNG_LOW_INCOME,46,1980.0,46,1972.25
24,WFAgent12,FEMALE_OLD_HIGH_INCOME,9,407.0,9,388.79999999999995
24,WEAgent11,FEMALE_LOW_INCOME,102,4381.0,1886,2658.25
24,WFAgent11,YOUNG_HIGH_INCOME,18,773.0,17,730.0555555555557
24,WEAgent7,YOUNG_HIGH_INCOME,18,773.0,18,767.9999999999998
24,WFAgent10,FEMALE_OLD_LOW_INCOME,56,2401.0,2290,1972.25
24,WEAgent8,MALE_OLD_LOW_INCOME,42,1795.0,42,1794.1411764705892
24,WEAgent1,FEMALE_OLD_HIGH_INCOME,9,407.0,379,385.875
24,WEAgent2,MALE_YOUNG,55,2353.0,55,2346.9672131147527
24,WEAgent0,MALE_YOUNG,55,2353.0,55,2346.9672131147527
24,WEAgent5,FEMALE_OLD_HIGH_INCOME,9,407.0,9,385.875
24,WEAgent6,MALE_YOUNG,55,2353.0,55,2346.9672131147527
24,WEAgent3,FEMALE_YOUNG_LOW_INCOME,46,1980.0,46,1972.25
24,WEAgent4,MALE_YOUNG,55,2353.0,298,2346.9672131147527
24,WFAgent0,MALE_OLD_HIGH_INCOME,18,808.0,789,0.0
24,WFAgent1,MALE_YOUNG_HIGH_INCOME,12,517.0,12,516.9999999999999
24,WFAgent2,MALE_OLD,61,2603.0,0,0.0
24,WFAgent3,FEMALE_OLD_HIGH_INCOME,9,407.0,9,388.15
24,WFAgent4,FEMALE_YOUNG_HIGH_INCOME,6,256.0,0,0.0
24,WFAgent5,FEMALE_YOUNG,52,2236.0,52,2222.8333333333344
25,WFAgent6,YOUNG_LOW_INCOME,89,3816.0,0,0.0
25,WFAgent7,FEMALE_YOUNG_LOW_INCOME,46,1980.0,46,1979.999999999998
25,WFAgent8,FEMALE_YOUNG_HIGH_INCOME,6,256.0,6,255.99999999999997
25,WFAgent9,FEMALE_HIGH_INCOME,15,663.0,15,644.1666666666667
25,WEAgent16,FEMALE_OLD,65,2808.0,322,1578.8688524590166
25,WEAgent17,MALE_YOUNG,55,2353.0,494,725.4262295081968
25,WEAgent14,OLD_LOW_INCOME,98,4196.0,98,4181.868852459007
25,WEAgent15,MALE_YOUNG_LOW_INCOME,43,1836.0,42,1793.3023255813962
25,WEAgent12,FEMALE_YOUNG_HIGH_INCOME,6,256.0,6,255.99999999999997
25,WEAgent13,MALE_YOUNG_HIGH_INCOME,12,517.0,12,512.0655737704918
25,WFAgent13,YOUNG_HIGH_INCOME,18,773.0,18,767.9999999999998
25,WEAgent9,FEMALE_YOUNG,52,2236.0,138,767.9999999999998
25,WEAgent10,FEMALE_HIGH_INCOME,15,663.0,15,639.9999999999999
25,WFAgent12,MALE_HIGH_INCOME,31,1325.0,0,0.0
25,WEAgent11,MALE_OLD,61,2603.0,754,2218.9508196721304
25,WFAgent11,OLD_LOW_INCOME,98,4196.0,98,4195.999999999992
25,WEAgent7,OLD_HIGH_INCOME,28,1215.0,28,1194.8196721311476
25,WFAgent10,MALE_OLD_HIGH_INCOME,18,808.0,18,768.0983606557378
25,WEAgent8,FEMALE_YOUNG_HIGH_INCOME,6,256.0,6,255.99999999999997
25,WEAgent1,YOUNG_HIGH_INCOME,18,773.0,18,767.9999999999998
25,WEAgent2,OLD_HIGH_INCOME,28,1215.0,28,1194.8196721311476
25,WEAgent0,MALE_OLD,61,2603.0,61,2602.9999999999973
25,WEAgent5,FEMALE_YOUNG_LOW_INCOME,46,1980.0,1917,1549.565217391303
25,WEAgent6,YOUNG_LOW_INCOME,89,3816.0,1754,1665.209302325582
25,WEAgent3,FEMALE_HIGH_INCOME,15,663.0,15,639.9999999999999
25,WEAgent4,FEMALE_HIGH_INCOME,15,663.0,15,639.9999999999999
25,WFAgent0,MALE_LOW_INCOME,85,3631.0,85,3630.5006839945227
25,WFAgent1,MALE_OLD,61,2603.0,1578,0.0
25,WFAgent2,MALE_YOUNG,55,2353.0,55,2348.3720930232557
25,WFAgent3,MALE_LOW_INCOME,85,3631.0,85,3630.9999999999936
25,WFAgent4,FEMALE_OLD_HIGH_INCOME,9,407.0,9,384.0491803278689
25,WFAgent5,OLD_LOW_INCOME,98,4196.0,2264,3425.3061224489747
26,WFAgent6,OLD_LOW_INCOME,98,4196.0,2383,0.0
26,WFAgent7,MALE_OLD_LOW_INCOME,42,1795.0,42,1793.9015047879632
26,WFAgent8,FEMALE_OLD,65,2808.0,334,2678.3999999999987
26,WFAgent9,MALE_OLD_LOW_INCOME,42,1795.0,42,1794.1411764705892
26,WEAgent16,MALE_LOW_INCOME,85,3631.0,85,3629.3023255813905
26,WEAgent17,MALE_YOUNG_HIGH_INCOME,12,517.0,12,512.0655737704918
26,WEAgent14,FEMALE_HIGH_INCOME,15,663.0,15,640.0819672131148
26,WEAgent15,MALE_OLD,61,2603.0,61,2602.9999999999973
26,WEAgent12,YOUNG_HIGH_INCOME,18,773.0,233,426.7213114754099
26,WEAgent13,FEMALE_YOUNG_LOW_INCOME,46,1980.0,46,1964.093023255815
26,WFAgent13,MALE_HIGH_INCOME,31,1325.0,0,0.0
26,WEAgent9,OLD_LOW_INCOME,98,4196.0,98,4183.759054517721
26,WEAgent10,MALE_HIGH_INCOME,31,1325.0,471,1194.8196721311476
26,WFAgent12,MALE_LOW_INCOME,85,3631.0,1503,0.0
26,WEAgent11,FEMALE_LOW_INCOME,102,4381.0,102,4355.16279069767
26,WFAgent11,MALE_YOUNG_LOW_INCOME,43,1836.0,42,1793.3023255813962
26,WEAgent7,MALE_YOUNG_LOW_INCOME,43,1836.0,1795,1665.209302325582
26,WFAgent10,MALE_OLD_HIGH_INCOME,18,808.0,18,768.0983606557378
26,WEAgent8,FEMALE_LOW_INCOME,102,4381.0,102,4355.16279069767
26,WEAgent1,MALE_OLD,61,2603.0,61,2602.9999999999973
26,WEAgent2,MALE_YOUNG_HIGH_INCOME,12,517.0,12,512.0655737704918
26,WEAgent0,MALE_OLD_HIGH_INCOME,18,808.0,18,768.0983606557378
26,WEAgent5,YOUNG_LOW_INCOME,89,3816.0,1459,3245.02325581395
26,WEAgent6,FEMALE_YOUNG_LOW_INCOME,46,1980.0,46,1964.093023255815
26,WEAgent3,FEMALE_LOW_INCOME,102,4381.0,102,4355.16279069767
26,WEAgent4,MALE_OLD,61,2603.0,655,2048.2622950819673
26,WFAgent0,FEMALE_OLD_HIGH_INCOME,9,407.0,9,388.79999999999995
26,WFAgent1,MALE_OLD_LOW_INCOME,42,1795.0,42,1794.1411764705892
26,WFAgent2,FEMALE_YOUNG_LOW_INCOME,46,1980.0,46,1972.314606741574
26,WFAgent3,FEMALE_OLD,65,2808.0,65,2807.999999999998
26,WFAgent4,MALE_YOUNG_HIGH_INCOME,12,517.0,12,512.0655737704918
26,WFAgent5,YOUNG_LOW_INCOME,89,3816.0,89,3800.0930232558085
27,WFAgent6,MALE_HIGH_INCOME,31,1325.0,0,0.0
27,WFAgent7,FEMALE_OLD_HIGH_INCOME,9,407.0,9,388.79999999999995
27,WFAgent8,FEMALE_YOUNG_LOW_INCOME,46,1980.0,46,1979.999999999998
27,WFAgent9,MALE_OLD,61,2603.0,0,0.0
27,WEAgent16,MALE_OLD_LOW_INCOME,42,1795.0,42,1793.3023255813962
27,WEAgent17,FEMALE_YOUNG_LOW_INCOME,46,1980.0,46,1979.999999999998
27,WEAgent14,FEMALE_OLD_LOW_INCOME,56,2401.0,56,2397.7142857142853
27,WEAgent15,MALE_HIGH_INCOME,31,1325.0,31,1322.8360655737706
27,WEAgent12,FEMALE_YOUNG,52,2236.0,162,1877.3333333333344
27,WEAgent13,MALE_LOW_INCOME,85,3631.0,85,3629.3023255813905
27,WFAgent13,FEMALE_OLD,65,2808.0,65,2790.125
27,WEAgent9,MALE_OLD_LOW_INCOME,42,1795.0,42,1793.3023255813962
27,WEAgent10,FEMALE_YOUNG_HIGH_INCOME,6,256.0,6,255.99999999999997
27,WFAgent12,FEMALE_OLD_HIGH_INCOME,9,407.0,9,388.79999999999995
27,WEAgent11,MALE_LOW_INCOME,85,3631.0,85,3629.3023255813905
27,WFAgent11,FEMALE_OLD_LOW_INCOME,56,2401.0,2371,0.0
27,WEAgent7,MALE_YOUNG_HIGH_INCOME,12,517.0,12,512.0655737704918
27,WFAgent10,FEMALE_YOUNG_LOW_INCOME,46,1980.0,1972,1205.2173913043468
27,WEAgent8,MALE_YOUNG_HIGH_INCOME,12,517.0,12,512.0655737704918
27,WEAgent1,OLD_LOW_INCOME,98,4196.0,1397,3671.999999999995
27,WEAgent2,MALE_OLD_LOW_INCOME,42,1795.0,42,1793.3023255813962
27,WEAgent0,FEMALE_OLD_HIGH_INCOME,9,407.0,323,0.0
27,WEAgent5,YOUNG_HIGH_INCOME,18,773.0,18,767.9999999999998
27,WEAgent6,YOUNG_HIGH_INCOME,18,773.0,18,767.9999999999998
27,WEAgent3,FEMALE_YOUNG,52,2236.0,52,2218.6666666666674
27,WEAgent4,MALE_YOUNG,55,2353.0,380,1237.4918032786886
27,WFAgent0,FEMALE_YOUNG_HIGH_INCOME,6,256.0,0,0.0
27,WFAgent1,MALE_YOUNG,55,2353.0,1831,0.0
27,WFAgent2,MALE_YOUNG_LOW_INCOME,43,1836.0,0,0.0
27,WFAgent3,MALE_LOW_INCOME,85,3631.0,85,3629.3023255813905
27,WFAgent4,MALE_HIGH_INCOME,31,1325.0,31,1322.8360655737706
27,WFAgent5,FEMALE_OLD,65,2808.0,0,0.0
28,WFAgent6,YOUNG_HIGH_INCOME,18,773.0,18,767.9999999999998
28,WFAgent7,OLD_LOW_INCOME,98,4196.0,0,0.0
28,WFAgent8,MALE_YOUNG_HIGH_INCOME,12,517.0,12,513.3818181818181
28,WFAgent9,MALE_HIGH_INCOME,31,1325.0,31,1325.0
28,WEAgent16,MALE_LOW_INCOME,85,3631.0,1630,1836.8588235294128
28,WEAgent17,FEMALE_YOUNG,52,2236.0,221,1109.333333333333
28,WEAgent14,FEMALE_OLD_HIGH_INCOME,9,407.0,9,390.5357142857142
28,WEAgent15,MALE_YOUNG,55,2353.0,55,2350.8064516129016
28,WEAgent12,FEMALE_YOUNG_LOW_INCOME,46,1980.0,46,1979.999999999998
28,WEAgent13,OLD_HIGH_INCOME,28,1215.0,435,260.35714285714283
28,WFAgent13,FEMALE_OLD_LOW_INCOME,56,2401.0,2294,2401.0
28,WEAgent9,MALE_OLD_LOW_INCOME,42,1795.0,42,1794.1411764705892
28,WEAgent10,FEMALE_YOUNG_HIGH_INCOME,6,256.0,6,255.99999999999997
28,WFAgent12,MALE_OLD_HIGH_INCOME,18,808.0,18,802.015873015873
28,WEAgent11,FEMALE_OLD_LOW_INCOME,56,2401.0,56,2401.0
28,WFAgent11,FEMALE_YOUNG_HIGH_INCOME,6,256.0,6,255.99999999999997
28,WEAgent7,MALE_YOUNG,55,2353.0,310,1282.258064516129
28,WFAgent10,MALE_OLD_HIGH_INCOME,18,808.0,17,763.1111111111113
28,WEAgent8,FEMALE_OLD_LOW_INCOME,56,2401.0,56,2401.0
28,WEAgent1,FEMALE_YOUNG_HIGH_INCOME,6,256.0,6,255.99999999999997
28,WEAgent2,FEMALE_YOUNG_HIGH_INCOME,6,256.0,6,255.99999999999997
28,WEAgent0,FEMALE_YOUNG_LOW_INCOME,46,1980.0,1929,1549.565217391303
28,WEAgent5,MALE_OLD_HIGH_INCOME,18,808.0,17,763.1111111111113
28,WEAgent6,MALE_OLD_LOW_INCOME,42,1795.0,42,1794.1411764705892
28,WEAgent3,MALE_HIGH_INCOME,31,1325.0,31,1325.0
28,WEAgent4,FEMALE_YOUNG_HIGH_INCOME,6,256.0,6,255.99999999999997
28,WFAgent0,FEMALE_OLD_LOW_INCOME,56,2401.0,56,2401.0
28,WFAgent1,MALE_OLD_HIGH_INCOME,18,808.0,730,0.0
28,WFAgent2,FEMALE_YOUNG_HIGH_INCOME,6,256.0,0,0.0
28,WFAgent3,MALE_YOUNG,55,2353.0,55,2350.8064516129016
28,WFAgent4,FEMALE_YOUNG_HIGH_INCOME,6,256.0,0,0.0
28,WFAgent5,YOUNG_LOW_INCOME,89,3816.0,0,0.0
29,WFAgent6,FEMALE_OLD,65,2808.0,65,2773.6885245901603
29,WFAgent7,MALE_OLD,61,2603.0,61,2602.9999999999973
29,WFAgent8,FEMALE_YOUNG_LOW_INCOME,46,1980.0,46,1964.093023255815
29,WFAgent9,OLD_LOW_INCOME,98,4196.0,0,0.0
29,WEAgent16,FEMALE_LOW_INCOME,102,4381.0,1716,3543.9069767441815
29,WEAgent17,FEMALE_OLD_HIGH_INCOME,9,407.0,9,384.0491803278689
29,WEAgent14,MALE_OLD_LOW_INCOME,42,1795.0,42,1793.3023255813962
29,WEAgent15,MALE_OLD_LOW_INCOME,42,1795.0,42,1793.2767823103325
29,WEAgent12,YOUNG_LOW_INCOME,89,3816.0,89,3800.0930232558085
29,WEAgent13,FEMALE_OLD_HIGH_INCOME,9,407.0,9,384.0491803278689
29,WFAgent13,FEMALE_OLD_HIGH_INCOME,9,407.0,9,390.5357142857144
29,WEAgent9,FEMALE_YOUNG_HIGH_INCOME,6,256.0,6,255.99999999999997
29,WEAgent10,OLD_HIGH_INCOME,28,1215.0,28,1194.8196721311476
29,WFAgent12,MALE_LOW_INCOME,85,3631.0,1556,2987.049180327864
29,WEAgent11,FEMALE_OLD,65,2808.0,269,1365.5081967213116
29,WFAgent11,FEMALE_LOW_INCOME,102,4381.0,102,4372.193877551017
29,WEAgent7,MALE_YOUNG_HIGH_INCOME,12,517.0,506,0.0
29,WFAgent10,FEMALE_OLD_HIGH_INCOME,9,407.0,9,388.79999999999995
29,WEAgent8,MALE_YOUNG_LOW_INCOME,43,1836.0,1917,0.0
29,WEAgent1,FEMALE_YOUNG_HIGH_INCOME,6,256.0,6,255.99999999999997
29,WEAgent2,FEMALE_OLD_HIGH_INCOME,9,407.0,9,384.0491803278689
29,WEAgent0,FEMALE_OLD_LOW_INCOME,56,2401.0,56,2401.0
29,WEAgent5,FEMALE_YOUNG,52,2236.0,184,341.3333333333333
29,WEAgent6,FEMALE_YOUNG_LOW_INCOME,46,1980.0,46,1964.093023255815
29,WEAgent3,MALE_OLD,61,2603.0,61,2602.9999999999973
29,WEAgent4,FEMALE_YOUNG_LOW_INCOME,46,1980.0,46,1964.093023255815
29,WFAgent0,MALE_OLD_LOW_INCOME,42,1795.0,42,1794.9999999999984
29,WFAgent1,MALE_OLD_LOW_INCOME,42,1795.0,42,1794.5553709856033
29,WFAgent2,YOUNG_HIGH_INCOME,18,773.0,0,0.0
29,WFAgent3,OLD_HIGH_INCOME,28,1215.0,752,0.0
29,WFAgent4,FEMALE_OLD_LOW_INCOME,56,2401.0,2223,0.0
29,WFAgent5,FEMALE_YOUNG,52,2236.0,52,2218.6666666666674
30,WFAgent6,FEMALE_YOUNG,52,2236.0,52,2218.6666666666674
30,WFAgent7,FEMALE_OLD_LOW_INCOME,56,2401.0,56,2397.7142857142853
30,WFAgent8,YOUNG_HIGH_INCOME,18,773.0,18,767.9999999999998
30,WFAgent9,MALE_HIGH_INCOME,31,1325.0,0,0.0
30,WEAgent16,MALE_YOUNG,55,2353.0,494,0.0
30,WEAgent17,MALE_YOUNG_LOW_INCOME,43,1836.0,42,1793.3023255813962
30,WEAgent14,MALE_YOUNG_LOW_INCOME,43,1836.0,1717,1280.9302325581396
30,WEAgent15,OLD_LOW_INCOME,98,4196.0,98,4183.707967975593
30,WEAgent12,OLD_HIGH_INCOME,28,1215.0,28,1194.8196721311476
30,WEAgent13,MALE_OLD_HIGH_INCOME,18,808.0,18,768.0983606557378
30,WFAgent13,MALE_YOUNG,55,2353.0,55,2348.3720930232557
30,WEAgent9,FEMALE_YOUNG,52,2236.0,156,1408.0000000000002
30,WEAgent10,MALE_OLD_HIGH_INCOME,18,808.0,812,768.0983606557378
30,WFAgent12,MALE_OLD,61,2603.0,0,0.0
30,WEAgent11,MALE_OLD_HIGH_INCOME,18,808.0,18,768.0983606557378
30,WFAgent11,MALE_OLD_LOW_INCOME,42,1795.0,42,1793.3023255813962
30,WEAgent7,MALE_LOW_INCOME,85,3631.0,85,3629.3023255813905
30,WFAgent10,MALE_LOW_INCOME,85,3631.0,1546,0.0
30,WEAgent8,YOUNG_LOW_INCOME,89,3816.0,89,3800.0930232558085
30,WEAgent1,FEMALE_YOUNG_LOW_INCOME,46,1980.0,46,1964.093023255815
30,WEAgent2,YOUNG_LOW_INCOME,89,3816.0,1753,2818.046511627905
30,WEAgent0,FEMALE_HIGH_INCOME,15,663.0,15,639.9999999999999
30,WEAgent5,FEMALE_HIGH_INCOME,15,663.0,15,639.9999999999999
30,WEAgent6,OLD_HIGH_INCOME,28,1215.0,28,1194.8196721311476
30,WEAgent3,FEMALE_OLD,65,2808.0,289,1152.1475409836066
30,WEAgent4,FEMALE_HIGH_INCOME,15,663.0,15,639.9999999999999
30,WFAgent0,OLD_LOW_INCOME,98,4196.0,2155,2697.4285714285697
30,WFAgent1,FEMALE_LOW_INCOME,102,4381.0,102,4373.25
30,WFAgent2,FEMALE_YOUNG_HIGH_INCOME,6,256.0,0,0.0
30,WFAgent3,FEMALE_LOW_INCOME,102,4381.0,102,4367.26530612244
30,WFAgent4,FEMALE_OLD,65,2808.0,65,2773.6885245901603
30,WFAgent5,YOUNG_LOW_INCOME,89,3816.0,89,3800.0930232558085
31,WFAgent6,FEMALE_OLD_LOW_INCOME,56,2401.0,56,2401.0
31,WFAgent7,MALE_LOW_INCOME,85,3631.0,1595,0.0
31,WFAgent8,YOUNG_LOW_INCOME,89,3816.0,0,0.0
31,WFAgent9,MALE_HIGH_INCOME,31,1325.0,31,1325.0
31,WEAgent16,FEMALE_YOUNG_LOW_INCOME,46,1980.0,46,1964.093023255815
31,WEAgent17,MALE_HIGH_INCOME,31,1325.0,31,1322.8360655737706
31,WEAgent14,FEMALE_YOUNG_HIGH_INCOME,6,256.0,6,255.99999999999997
31,WEAgent15,MALE_HIGH_INCOME,31,1325.0,31,1322.8360655737706
31,WEAgent12,MALE_YOUNG_HIGH_INCOME,12,517.0,12,512.0655737704918
31,WEAgent13,FEMALE_YOUNG,52,2236.0,131,895.9999999999997
31,WFAgent13,MALE_HIGH_INCOME,31,1325.0,31,1324.79058699101
31,WEAgent9,MALE_OLD_HIGH_INCOME,18,808.0,18,768.0983606557378
31,WEAgent10,FEMALE_YOUNG_HIGH_INCOME,6,256.0,6,255.99999999999997
31,WFAgent12,YOUNG_HIGH_INCOME,18,773.0,18,767.9999999999998
31,WEAgent11,FEMALE_HIGH_INCOME,15,663.0,15,639.9999999999999
31,WFAgent11,FEMALE_YOUNG,52,2236.0,52,2218.6666666666674
31,WEAgent7,FEMALE_OLD,65,2808.0,391,0.0
31,WFAgent10,MALE_YOUNG,55,2353.0,55,2348.3720930232557
31,WEAgent8,MALE_YOUNG,55,2353.0,297,1834.9016393442625
31,WEAgent1,MALE_OLD,61,2603.0,706,640.0819672131148
31,WEAgent2,MALE_OLD_LOW_INCOME,42,1795.0,42,1793.3023255813962
31,WEAgent0,FEMALE_LOW_INCOME,102,4381.0,1984,1622.5116279069773
31,WEAgent5,MALE_OLD_HIGH_INCOME,18,808.0,18,768.0983606557378
31,WEAgent6,MALE_LOW_INCOME,85,3631.0,85,3628.9447197864984
31,WEAgent3,MALE_YOUNG_LOW_INCOME,43,1836.0,1819,0.0
31,WEAgent4,MALE_OLD_LOW_INCOME,42,1795.0,42,1793.3023255813962
31,WFAgent0,FEMALE_LOW_INCOME,102,4381.0,102,4373.25
31,WFAgent1,FEMALE_OLD_LOW_INCOME,56,2401.0,0,0.0
31,WFAgent2,MALE_OLD_LOW_INCOME,42,1795.0,42,1793.3023255813962
31,WFAgent3,FEMALE_OLD_LOW_INCOME,56,2401.0,2265,2272.375
31,WFAgent4,MALE_OLD_HIGH_INCOME,18,808.0,18,768.0983606557378
31,WFAgent5,MALE_YOUNG,55,2353.0,55,2350.8064516129016
32,WFAgent6,MALE_LOW_INCOME,85,3631.0,85,3630.7403556771487
32,WFAgent7,MALE_YOUNG,55,2353.0,54,2310.218181818182
32,WFAgent8,YOUNG_HIGH_INCOME,18,773.0,17,730.0555555555557
32,WFAgent9,MALE_YOUNG_LOW_INCOME,43,1836.0,1818,0.0
32,WEAgent16,FEMALE_YOUNG_HIGH_INCOME,6,256.0,6,255.99999999999997
32,WEAgent17,MALE_OLD_LOW_INCOME,42,1795.0,42,1793.3023255813962
32,WEAgent14,FEMALE_YOUNG_HIGH_INCOME,6,256.0,6,255.99999999999997
32,WEAgent15,FEMALE_HIGH_INCOME,15,663.0,15,639.9999999999999
32,WEAgent12,YOUNG_HIGH_INCOME,18,773.0,18,767.9999999999998
32,WEAgent13,MALE_OLD,61,2603.0,775,0.0
32,WFAgent13,YOUNG_HIGH_INCOME,18,773.0,18,770.4999999999999
32,WEAgent9,MALE_YOUNG,55,2353.0,55,2346.666666666667
32,WEAgent10,MALE_YOUNG,55,2353.0,219,2261.333333333334
32,WFAgent12,MALE_OLD,61,2603.0,61,2602.9999999999973
32,WEAgent11,FEMALE_YOUNG_HIGH_INCOME,6,256.0,6,255.99999999999997
32,WFAgent11,FEMALE_OLD_HIGH_INCOME,9,407.0,410,0.0
32,WEAgent7,MALE_YOUNG_HIGH_INCOME,12,517.0,12,512.0
32,WFAgent10,MALE_OLD,61,2603.0,1376,2218.9508196721304
32,WEAgent8,MALE_LOW_INCOME,85,3631.0,85,3629.3023255813905
32,WEAgent1,FEMALE_YOUNG_LOW_INCOME,46,1980.0,46,1975.745098039217
32,WEAgent2,MALE_LOW_INCOME,85,3631.0,85,3629.251239039263
32,WEAgent0,FEMALE_YOUNG,52,2236.0,167,810.6666666666664
32,WEAgent5,FEMALE_HIGH_INCOME,15,663.0,15,639.9999999999999
32,WEAgent6,MALE_HIGH_INCOME,31,1325.0,31,1322.6666666666667
32,WEAgent3,MALE_HIGH_INCOME,31,1325.0,31,1322.6666666666667
32,WEAgent4,FEMALE_LOW_INCOME,102,4381.0,1924,2147.5490196078445
32,WFAgent0,MALE_YOUNG,55,2353.0,55,2352.654545454545
32,WFAgent1,MALE_LOW_INCOME,85,3631.0,85,3630.9999999999936
32,WFAgent2,OLD_HIGH_INCOME,28,1215.0,0,0.0
32,WFAgent3,MALE_OLD,61,2603.0,0,0.0
32,WFAgent4,YOUNG_HIGH_INCOME,18,773.0,18,767.9999999999998
32,WFAgent5,MALE_YOUNG,55,2353.0,54,2310.218181818182
33,WFAgent6,MALE_LOW_INCOME,85,3631.0,1537,0.0
33,WFAgent7,FEMALE_YOUNG,52,2236.0,52,2218.9508196721304
33,WFAgent8,FEMALE_OLD_LOW_INCOME,56,2401.0,2114,0.0
33,WFAgent9,MALE_YOUNG,55,2353.0,55,2348.3720930232557
33,WEAgent16,YOUNG_HIGH_INCOME,18,773.0,18,768.0983606557378
33,WEAgent17,FEMALE_OLD_LOW_INCOME,56,2401.0,56,2401.0
33,WEAgent14,YOUNG_HIGH_INCOME,18,773.0,192,554.7377049180328
33,WEAgent15,MALE_YOUNG_HIGH_INCOME,12,517.0,12,512.0655737704918
33,WEAgent12,MALE_YOUNG_LOW_INCOME,43,1836.0,1805,1707.9069767441867
33,WEAgent13,FEMALE_OLD,65,2808.0,428,853.4426229508198
33,WFAgent13,MALE_LOW_INCOME,85,3631.0,85,3629.3023255813905
33,WEAgent9,MALE_HIGH_INCOME,31,1325.0,31,1322.8360655737706
33,WEAgent10,MALE_YOUNG_HIGH_INCOME,12,517.0,12,512.0655737704918
33,WFAgent12,OLD_LOW_INCOME,98,4196.0,0,0.0
33,WEAgent11,FEMALE_OLD_LOW_INCOME,56,2401.0,56,2400.4719387755085
33,WFAgent11,MALE_YOUNG_HIGH_INCOME,12,517.0,12,512.0655737704918
33,WEAgent7,FEMALE_OLD_LOW_INCOME,56,2401.0,56,2401.0
33,WFAgent10,YOUNG_LOW_INCOME,89,3816.0,0,0.0
33,WEAgent8,MALE_YOUNG_HIGH_INCOME,12,517.0,12,512.0655737704918
33,WEAgent1,FEMALE_LOW_INCOME,102,4381.0,102,4355.16279069767
33,WEAgent2,MALE_HIGH_INCOME,31,1325.0,31,1322.8360655737706
33,WEAgent0,MALE_HIGH_INCOME,31,1325.0,428,1280.1639344262296
33,WEAgent5,MALE_LOW_INCOME,85,3631.0,85,3627.1311475409757
33,WEAgent6,FEMALE_OLD_LOW_INCOME,56,2401.0,56,2401.0
33,WEAgent3,FEMALE_OLD_HIGH_INCOME,9,407.0,9,384.0491803278689
33,WEAgent4,FEMALE_LOW_INCOME,102,4381.0,1855,3970.8837209302264
33,WFAgent0,OLD_LOW_INCOME,98,4196.0,0,0.0
33,WFAgent1,FEMALE_YOUNG_LOW_INCOME,46,1980.0,46,1964.093023255815
33,WFAgent2,MALE_YOUNG_HIGH_INCOME,12,517.0,12,515.3333333333334
33,WFAgent3,MALE_YOUNG_LOW_INCOME,43,1836.0,42,1793.3023255813962
33,WFAgent4,OLD_HIGH_INCOME,28,1215.0,801,0.0
33,WFAgent5,MALE_OLD,61,2603.0,0,0.0
34,WFAgent6,YOUNG_HIGH_INCOME,18,773.0,17,730.0555555555557
34,WFAgent7,MALE_OLD_LOW_INCOME,42,1795.0,42,1793.3023255813962
34,WFAgent8,OLD_HIGH_INCOME,28,1215.0,0,0.0
34,WFAgent9,FEMALE_HIGH_INCOME,15,663.0,15,645.0
34,WEAgent16,FEMALE_OLD_HIGH_INCOME,9,407.0,9,385.875
34,WEAgent17,FEMALE_OLD,65,2808.0,363,385.875
34,WEAgent14,MALE_YOUNG,55,2353.0,426,2092.186046511629
34,WEAgent15,MALE_LOW_INCOME,85,3631.0,85,3629.3023255813905
34,WEAgent12,FEMALE_HIGH_INCOME,15,663.0,15,640.4651162790697
34,WEAgent13,FEMALE_YOUNG_LOW_INCOME,46,1980.0,46,1972.25
34,WFAgent13,MALE_OLD_HIGH_INCOME,18,808.0,861,0.0
34,WEAgent9,OLD_LOW_INCOME,98,4196.0,1575,3714.6976744185995
34,WEAgent10,FEMALE_YOUNG_LOW_INCOME,46,1980.0,46,1972.25
34,WFAgent12,FEMALE_YOUNG,52,2236.0,52,2234.166666666664
34,WEAgent11,MALE_YOUNG_LOW_INCOME,43,1836.0,42,1793.3023255813962
34,WFAgent11,FEMALE_YOUNG,52,2236.0,52,2223.24031007752
34,WEAgent7,FEMALE_HIGH_INCOME,15,663.0,15,640.4651162790697
34,WFAgent10,MALE_YOUNG_HIGH_INCOME,12,517.0,12,512.3720930232558
34,WEAgent8,MALE_OLD_LOW_INCOME,42,1795.0,42,1793.3023255813962
34,WEAgent1,FEMALE_LOW_INCOME,102,4381.0,1803,1757.875
34,WEAgent2,MALE_YOUNG,55,2353.0,55,2348.3720930232557
34,WEAgent0,YOUNG_HIGH_INCOME,18,773.0,69,725.8604651162789
34,WEAgent5,MALE_LOW_INCOME,85,3631.0,85,3629.3023255813905
34,WEAgent6,YOUNG_LOW_INCOME,89,3816.0,1664,3629.3023255813905
34,WEAgent3,FEMALE_YOUNG_LOW_INCOME,46,1980.0,46,1972.25
34,WEAgent4,YOUNG_LOW_INCOME,89,3816.0,89,3800.0930232558085
34,WFAgent0,FEMALE_YOUNG_LOW_INCOME,46,1980.0,46,1972.25
34,WFAgent1,OLD_HIGH_INCOME,28,1215.0,0,0.0
34,WFAgent2,OLD_HIGH_INCOME,28,1215.0,28,1200.5
34,WFAgent3,MALE_YOUNG_HIGH_INCOME,12,517.0,12,515.3333333333334
34,WFAgent4,FEMALE_OLD_LOW_INCOME,56,2401.0,2388,0.0
34,WFAgent5,OLD_LOW_INCOME,98,4196.0,0,0.0
35,WFAgent6,MALE_YOUNG_LOW_INCOME,43,1836.0,0,0.0
35,WFAgent7,YOUNG_HIGH_INCOME,18,773.0,18,767.9999999999998
35,WFAgent8,FEMALE_OLD_LOW_INCOME,56,2401.0,2236,0.0
35,WFAgent9,FEMALE_LOW_INCOME,102,4381.0,102,4367.26530612244
35,WEAgent16,FEMALE_LOW_INCOME,102,4381.0,102,4355.16279069767
35,WEAgent17,FEMALE_YOUNG_HIGH_INCOME,6,256.0,6,255.99999999999997
35,WEAgent14,MALE_OLD_HIGH_INCOME,18,808.0,17,763.1111111111113
35,WEAgent15,FEMALE_LOW_INCOME,102,4381.0,1595,4098.97674418604
35,WEAgent12,FEMALE_YOUNG_LOW_INCOME,46,1980.0,46,1964.093023255815
35,WEAgent13,MALE_YOUNG,55,2353.0,311,1964.093023255815
35,WFAgent13,FEMALE_YOUNG,52,2236.0,52,2218.6666666666674
35,WEAgent9,OLD_HIGH_INCOME,28,1215.0,376,0.0
35,WEAgent10,FEMALE_YOUNG,52,2236.0,186,1066.6666666666663
35,WFAgent12,MALE_OLD_LOW_INCOME,42,1795.0,42,1794.9999999999984
35,WEAgent11,MALE_OLD_LOW_INCOME,42,1795.0,42,1794.9999999999984
35,WFAgent11,MALE_YOUNG,55,2353.0,54,2310.218181818182
35,WEAgent7,MALE_YOUNG_HIGH_INCOME,12,517.0,12,512.3720930232558
35,WFAgent10,FEMALE_OLD_HIGH_INCOME,9,407.0,9,385.875
35,WEAgent8,MALE_OLD_LOW_INCOME,42,1795.0,42,1794.9999999999984
35,WEAgent1,YOUNG_HIGH_INCOME,18,773.0,18,767.9999999999998
35,WEAgent2,OLD_LOW_INCOME,98,4196.0,1771,1410.3571428571418
35,WEAgent0,MALE_YOUNG,55,2353.0,55,2348.3720930232557
35,WEAgent5,MALE_HIGH_INCOME,31,1325.0,31,1323.6279069767443
35,WEAgent6,MALE_HIGH_INCOME,31,1325.0,31,1323.6279069767443
35,WEAgent3,FEMALE_LOW_INCOME,102,4381.0,102,4355.16279069767
35,WEAgent4,MALE_OLD_HIGH_INCOME,18,808.0,18,803.7060931899643
35,WFAgent0,FEMALE_OLD,65,2808.0,0,0.0
35,WFAgent1,MALE_YOUNG_LOW_INCOME,43,1836.0,1825,0.0
35,WFAgent2,OLD_HIGH_INCOME,28,1215.0,800,0.0
35,WFAgent3,MALE_YOUNG,55,2353.0,55,2352.9158562367866
35,WFAgent4,YOUNG_LOW_INCOME,89,3816.0,0,0.0
35,WFAgent5,FEMALE_YOUNG_LOW_INCOME,46,1980.0,46,1964.093023255815
36,WFAgent6,MALE_YOUNG_LOW_INCOME,43,1836.0,42,1793.3023255813962
36,WFAgent7,MALE_OLD,61,2603.0,1451,1792.2295081967216
36,WFAgent8,MALE_YOUNG,55,2353.0,55,2348.3720930232557
36,WFAgent9,FEMALE_YOUNG_LOW_INCOME,46,1980.0,46,1979.999999999998
36,WEAgent16,FEMALE_YOUNG_LOW_INCOME,46,1980.0,46,1964.093023255815
36,WEAgent17,FEMALE_LOW_INCOME,102,4381.0,102,4355.16279069767
36,WEAgent14,MALE_YOUNG_LOW_INCOME,43,1836.0,1738,1622.5116279069773
36,WEAgent15,FEMALE_YOUNG,52,2236.0,239,683.1627906976743
36,WEAgent12,MALE_YOUNG,55,2353.0,473,0.0
36,WEAgent13,YOUNG_HIGH_INCOME,18,773.0,18,768.5581395348835
36,WFAgent13,MALE_OLD,61,2603.0,0,0.0
36,WEAgent9,FEMALE_OLD,65,2808.0,304,298.7049180327869
36,WEAgent10,FEMALE_YOUNG_LOW_INCOME,46,1980.0,46,1964.093023255815
36,WFAgent12,MALE_OLD,61,2603.0,61,2602.9999999999973
36,WEAgent11,MALE_LOW_INCOME,85,3631.0,85,3628.152878383523
36,WFAgent11,MALE_YOUNG_LOW_INCOME,43,1836.0,42,1793.3023255813962
36,WEAgent7,MALE_YOUNG_LOW_INCOME,43,1836.0,42,1793.3023255813962
36,WFAgent10,FEMALE_OLD,65,2808.0,0,0.0
36,WEAgent8,MALE_OLD_LOW_INCOME,42,1795.0,42,1793.3023255813962
36,WEAgent1,FEMALE_OLD_LOW_INCOME,56,2401.0,2386,2100.875
36,WEAgent2,FEMALE_OLD_HIGH_INCOME,9,407.0,9,384.0491803278689
36,WEAgent0,FEMALE_LOW_INCOME,102,4381.0,102,4355.16279069767
36,WEAgent5,FEMALE_HIGH_INCOME,15,663.0,15,640.0819672131148
36,WEAgent6,MALE_OLD_LOW_INCOME,42,1795.0,42,1793.3023255813962
36,WEAgent3,YOUNG_LOW_INCOME,89,3816.0,1558,3629.3023255813905
36,WEAgent4,MALE_OLD_LOW_INCOME,42,1795.0,42,1793.3023255813962
36,WFAgent0,MALE_OLD_HIGH_INCOME,18,808.0,18,768.0983606557378
36,WFAgent1,OLD_HIGH_INCOME,28,1215.0,787,0.0
36,WFAgent2,FEMALE_YOUNG_LOW_INCOME,46,1980.0,46,1978.9625884732036
36,WFAgent3,FEMALE_OLD,65,2808.0,65,2773.6885245901603
36,WFAgent4,MALE_OLD_LOW_INCOME,42,1795.0,42,1793.3023255813962
36,WFAgent5,FEMALE_OLD_LOW_INCOME,56,2401.0,56,2401.0
37,WFAgent6,FEMALE_LOW_INCOME,102,4381.0,2251,3564.9313725490224
37,WFAgent7,OLD_HIGH_INCOME,28,1215.0,750,0.0
37,WFAgent8,MALE_YOUNG,55,2353.0,1851,1707.9069767441867
37,WFAgent9,FEMALE_OLD_HIGH_INCOME,9,407.0,9,390.5357142857144
37,WEAgent16,MALE_OLD_HIGH_INCOME,18,808.0,17,763.1111111111113
37,WEAgent17,FEMALE_HIGH_INCOME,15,663.0,15,639.9999999999999
37,WEAgent14,FEMALE_OLD,65,2808.0,65,2773.333333333332
37,WEAgent15,MALE_OLD_HIGH_INCOME,18,808.0,18,805.8530465949823
37,WEAgent12,MALE_YOUNG_HIGH_INCOME,12,517.0,12,512.3720930232558
37,WEAgent13,FEMALE_LOW_INCOME,102,4381.0,102,4355.16279069767
37,WFAgent13,FEMALE_LOW_INCOME,102,4381.0,101,4338.0490196078445
37,WEAgent9,MALE_YOUNG_HIGH_INCOME,12,517.0,12,512.3720930232558
37,WEAgent10,YOUNG_LOW_INCOME,89,3816.0,1760,3543.9069767441815
37,WFAgent12,MALE_YOUNG_LOW_INCOME,43,1836.0,0,0.0
37,WEAgent11,FEMALE_YOUNG,52,2236.0,222,895.9999999999997
37,WFAgent11,FEMALE_YOUNG_LOW_INCOME,46,1980.0,46,1964.093023255815
37,WEAgent7,MALE_YOUNG_LOW_INCOME,43,1836.0,42,1793.3023255813962
37,WFAgent10,MALE_OLD_LOW_INCOME,42,1795.0,0,0.0
37,WEAgent8,MALE_YOUNG_HIGH_INCOME,12,517.0,12,512.3720930232558
37,WEAgent1,FEMALE_OLD,65,2808.0,65,2773.333333333332
37,WEAgent2,FEMALE_YOUNG_LOW_INCOME,46,1980.0,46,1964.093023255815
37,WEAgent0,FEMALE_OLD,65,2808.0,183,2687.999999999999
37,WEAgent5,FEMALE_YOUNG_LOW_INCOME,46,1980.0,46,1964.093023255815
37,WEAgent6,MALE_YOUNG,55,2353.0,457,853.9534883720927
37,WEAgent3,OLD_LOW_INCOME,98,4196.0,1764,0.0
37,WEAgent4,OLD_HIGH_INCOME,28,1215.0,28,1194.6666666666665
37,WFAgent0,MALE_HIGH_INCOME,31,1325.0,0,0.0
37,WFAgent1,FEMALE_OLD,65,2808.0,65,2773.333333333332
37,WFAgent2,OLD_HIGH_INCOME,28,1215.0,28,1209.6000000000006
37,WFAgent3,FEMALE_HIGH_INCOME,15,663.0,15,639.9999999999999
37,WFAgent4,YOUNG_HIGH_INCOME,18,773.0,18,767.9999999999998
37,WFAgent5,FEMALE_YOUNG_HIGH_INCOME,6,256.0,0,0.0
38,WFAgent6,FEMALE_YOUNG,52,2236.0,1872,0.0
38,WFAgent7,MALE_LOW_INCOME,85,3631.0,1497,0.0
38,WFAgent8,FEMALE_OLD,65,2808.0,65,2775.3488372093007
38,WFAgent9,OLD_LOW_INCOME,98,4196.0,0,0.0
38,WEAgent16,MALE_OLD,61,2603.0,721,2261.622950819671
38,WEAgent17,FEMALE_OLD,65,2808.0,212,2689.9534883720917
38,WEAgent14,MALE_OLD,61,2603.0,61,2602.9999999999973
38,WEAgent15,MALE_OLD_HIGH_INCOME,18,808.0,18,768.0983606557378
38,WEAgent12,FEMALE_YOUNG,52,2236.0,130,2134.8837209302333
38,WEAgent13,FEMALE_OLD,65,2808.0,65,2775.3488372093007
38,WFAgent13,MALE_YOUNG_LOW_INCOME,43,1836.0,0,0.0
38,WEAgent9,MALE_LOW_INCOME,85,3631.0,85,3629.251239039263
38,WEAgent10,OLD_LOW_INCOME,98,4196.0,98,4184.37209302325
38,WFAgent12,OLD_LOW_INCOME,98,4196.0,2348,0.0
38,WEAgent11,MALE_YOUNG_HIGH_INCOME,12,517.0,12,512.3720930232558
38,WFAgent11,FEMALE_YOUNG,52,2236.0,52,2228.139534883722
38,WEAgent7,FEMALE_OLD,65,2808.0,65,2775.3488372093007
38,WFAgent10,YOUNG_LOW_INCOME,89,3816.0,0,0.0
38,WEAgent8,FEMALE_YOUNG,52,2236.0,52,2220.2790697674423
38,WEAgent1,MALE_YOUNG,55,2353.0,55,2348.3720930232557
38,WEAgent2,FEMALE_OLD_LOW_INCOME,56,2401.0,56,2397.7142857142853
38,WEAgent0,MALE_LOW_INCOME,85,3631.0,85,3629.3023255813905
38,WEAgent5,MALE_OLD_LOW_INCOME,42,1795.0,42,1793.3023255813962
38,WEAgent6,MALE_YOUNG,55,2353.0,440,2177.5813953488378
38,WEAgent3,FEMALE_OLD_HIGH_INCOME,9,407.0,9,384.2790697674419
38,WEAgent4,YOUNG_LOW_INCOME,89,3816.0,1866,0.0
38,WFAgent0,FEMALE_HIGH_INCOME,15,663.0,15,645.0
38,WFAgent1,YOUNG_HIGH_INCOME,18,773.0,0,0.0
38,WFAgent2,MALE_OLD_HIGH_INCOME,18,808.0,18,768.0983606557378
38,WFAgent3,YOUNG_HIGH_INCOME,18,773.0,0,0.0
38,WFAgent4,FEMALE_HIGH_INCOME,15,663.0,15,645.0
38,WFAgent5,FEMALE_YOUNG_LOW_INCOME,46,1980.0,46,1972.314606741574
39,WFAgent6,MALE_YOUNG_LOW_INCOME,43,1836.0,42,1793.3023255813962
39,WFAgent7,MALE_LOW_INCOME,85,3631.0,1571,2731.0163934426196
39,WFAgent8,MALE_OLD,61,2603.0,61,2602.9999999999973
39,WFAgent9,FEMALE_LOW_INCOME,102,4381.0,101,4338.0490196078445
39,WEAgent16,FEMALE_LOW_INCOME,102,4381.0,1742,3629.3023255813905
39,WEAgent17,FEMALE_OLD,65,2808.0,65,2773.6885245901603
39,WEAgent14,YOUNG_LOW_INCOME,89,3816.0,89,3800.0930232558085
39,WEAgent15,MALE_YOUNG_LOW_INCOME,43,1836.0,1883,1409.0232558139537
39,WEAgent12,FEMALE_OLD_HIGH_INCOME,9,407.0,9,384.0491803278689
39,WEAgent13,FEMALE_YOUNG_LOW_INCOME,46,1980.0,46,1964.093023255815
39,WFAgent13,FEMALE_YOUNG_HIGH_INCOME,6,256.0,227,0.0
39,WEAgent9,OLD_LOW_INCOME,98,4196.0,98,4181.868852459007
39,WEAgent10,FEMALE_OLD,65,2808.0,131,2688.344262295079
39,WFAgent12,OLD_LOW_INCOME,98,4196.0,0,0.0
39,WEAgent11,FEMALE_OLD_LOW_INCOME,56,2401.0,56,2401.0
39,WFAgent11,MALE_OLD_LOW_INCOME,42,1795.0,42,1793.3023255813962
39,WEAgent7,FEMALE_LOW_INCOME,102,4381.0,102,4355.16279069767
39,WFAgent10,YOUNG_LOW_INCOME,89,3816.0,0,0.0
39,WEAgent8,MALE_YOUNG_HIGH_INCOME,12,517.0,12,512.3720930232558
39,WEAgent1,FEMALE_OLD_HIGH_INCOME,9,407.0,9,384.0491803278689
39,WEAgent2,MALE_YOUNG,55,2353.0,425,426.9767441860466
39,WEAgent0,FEMALE_OLD,65,2808.0,65,2773.6885245901603
39,WEAgent5,FEMALE_OLD,65,2808.0,65,2773.6885245901603
39,WEAgent6,OLD_HIGH_INCOME,28,1215.0,28,1194.8196721311476
39,WEAgent3,OLD_HIGH_INCOME,28,1215.0,28,1194.8196721311476
39,WEAgent4,MALE_OLD,61,2603.0,781,0.0
39,WFAgent0,FEMALE_LOW_INCOME,102,4381.0,2064,1543.5
39,WFAgent1,FEMALE_YOUNG_LOW_INCOME,46,1980.0,46,1964.093023255815
39,WFAgent2,FEMALE_OLD_HIGH_INCOME,9,407.0,9,384.0491803278689
39,WFAgent3,FEMALE_YOUNG_LOW_INCOME,46,1980.0,46,1975.745098039217
39,WFAgent4,FEMALE_LOW_INCOME,102,4381.0,102,4380.9240196078445
39,WFAgent5,MALE_YOUNG,55,2353.0,55,2348.3720930232557
40,WFAgent6,FEMALE_OLD_HIGH_INCOME,9,407.0,9,384.0491803278689
40,WFAgent7,MALE_OLD_LOW_INCOME,42,1795.0,42,1794.9999999999984
40,WFAgent8,FEMALE_HIGH_INCOME,15,663.0,14,618.8000000000001
40,WFAgent9,MALE_LOW_INCOME,85,3631.0,1585,0.0
40,WEAgent16,MALE_YOUNG,55,2353.0,388,1621.5409836065576
40,WEAgent17,FEMALE_OLD_LOW_INCOME,56,2401.0,56,2401.0
40,WEAgent14,FEMALE_OLD_LOW_INCOME,56,2401.0,56,2401.0
40,WEAgent15,MALE_OLD_LOW_INCOME,42,1795.0,42,1793.3023255813962
40,WEAgent12,OLD_HIGH_INCOME,28,1215.0,298,981.4590163934428
40,WEAgent13,OLD_LOW_INCOME,98,4196.0,98,4182.711780404108
40,WFAgent13,MALE_HIGH_INCOME,31,1325.0,31,1322.8360655737706
40,WEAgent9,FEMALE_YOUNG_HIGH_INCOME,6,256.0,6,255.99999999999997
40,WEAgent10,OLD_HIGH_INCOME,28,1215.0,28,1194.8196721311476
40,WFAgent12,YOUNG_LOW_INCOME,89,3816.0,0,0.0
40,WEAgent11,MALE_HIGH_INCOME,31,1325.0,31,1322.8360655737706
40,WFAgent11,FEMALE_HIGH_INCOME,15,663.0,15,656.8666666666664
40,WEAgent7,YOUNG_LOW_INCOME,89,3816.0,1784,0.0
40,WFAgent10,MALE_YOUNG_LOW_INCOME,43,1836.0,0,0.0
40,WEAgent8,FEMALE_OLD_LOW_INCOME,56,2401.0,56,2401.0
40,WEAgent1,YOUNG_HIGH_INCOME,18,773.0,18,767.9999999999998
40,WEAgent2,OLD_HIGH_INCOME,28,1215.0,28,1194.8196721311476
40,WEAgent0,FEMALE_OLD_LOW_INCOME,56,2401.0,56,2400.882653061224
40,WEAgent5,FEMALE_LOW_INCOME,102,4381.0,1995,0.0
40,WEAgent6,OLD_HIGH_INCOME,28,1215.0,28,1194.8196721311476
40,WEAgent3,FEMALE_HIGH_INCOME,15,663.0,216,554.6666666666666
40,WEAgent4,MALE_YOUNG_HIGH_INCOME,12,517.0,12,512.0655737704918
40,WFAgent0,MALE_HIGH_INCOME,31,1325.0,0,0.0
40,WFAgent1,OLD_LOW_INCOME,98,4196.0,2177,0.0
40,WFAgent2,MALE_OLD_LOW_INCOME,42,1795.0,42,1794.3128460686605
40,WFAgent3,MALE_YOUNG,55,2353.0,55,2350.8064516129016
40,WFAgent4,MALE_OLD_HIGH_INCOME,18,808.0,834,0.0
40,WFAgent5,MALE_OLD,61,2603.0,0,0.0
41,WFAgent6,MALE_YOUNG_HIGH_INCOME,12,517.0,12,516.9999999999999
41,WFAgent7,YOUNG_LOW_INCOME,89,3816.0,0,0.0
41,WFAgent8,MALE_LOW_INCOME,85,3631.0,85,3630.9999999999936
41,WFAgent9,MALE_YOUNG,55,2353.0,0,0.0
41,WEAgent16,MALE_OLD_LOW_INCOME,42,1795.0,42,1794.1411764705892
41,WEAgent17,OLD_HIGH_INCOME,28,1215.0,28,1194.8196721311476
41,WEAgent14,YOUNG_HIGH_INCOME,18,773.0,18,767.9999999999998
41,WEAgent15,MALE_OLD,61,2603.0,61,2602.9999999999973
41,WEAgent12,FEMALE_LOW_INCOME,102,4381.0,102,4373.393258426959
41,WEAgent13,MALE_OLD,61,2603.0,61,2602.9999999999973
41,WFAgent13,FEMALE_YOUNG_HIGH_INCOME,6,256.0,6,255.99999999999997
41,WEAgent9,FEMALE_YOUNG,52,2236.0,118,938.6666666666663
41,WEAgent10,OLD_LOW_INCOME,98,4196.0,98,4186.329411764698
41,WFAgent12,MALE_LOW_INCOME,85,3631.0,1847,0.0
41,WEAgent11,FEMALE_YOUNG_HIGH_INCOME,6,256.0,6,255.99999999999997
41,WFAgent11,MALE_YOUNG,55,2353.0,487,0.0
41,WEAgent7,FEMALE_YOUNG_HIGH_INCOME,6,256.0,6,255.99999999999997
41,WFAgent10,YOUNG_LOW_INCOME,89,3816.0,89,3815.999999999994
41,WEAgent8,FEMALE_YOUNG_LOW_INCOME,46,1980.0,46,1972.314606741574
41,WEAgent1,FEMALE_LOW_INCOME,102,4381.0,1559,3773.1235955056122
41,WEAgent2,FEMALE_LOW_INCOME,102,4381.0,102,4373.393258426959
41,WEAgent0,FEMALE_OLD,65,2808.0,336,1450.8524590163936
41,WEAgent5,MALE_LOW_INCOME,85,3631.0,1560,3331.9764705882303
41,WEAgent6,FEMALE_OLD_HIGH_INCOME,9,407.0,9,384.0491803278689
41,WEAgent3,YOUNG_LOW_INCOME,89,3816.0,89,3815.999999999994
41,WEAgent4,FEMALE_OLD_HIGH_INCOME,9,407.0,9,384.0491803278689
41,WFAgent0,FEMALE_YOUNG,52,2236.0,52,2233.1111111111086
41,WFAgent1,FEMALE_YOUNG,52,2236.0,52,2218.6666666666674
41,WFAgent2,MALE_YOUNG_HIGH_INCOME,12,517.0,12,516.6984848484848
41,WFAgent3,OLD_HIGH_INCOME,28,1215.0,634,938.7868852459018
41,WFAgent4,OLD_HIGH_INCOME,28,1215.0,28,1194.8196721311476
41,WFAgent5,FEMALE_LOW_INCOME,102,4381.0,2446,0.0
42,WFAgent6,MALE_YOUNG_LOW_INCOME,43,1836.0,42,1793.3023255813962
42,WFAgent7,MALE_LOW_INCOME,85,3631.0,1417,3499.1147540983534
42,WFAgent8,MALE_YOUNG,55,2353.0,55,2351.4012684989416
42,WFAgent9,MALE_YOUNG_LOW_INCOME,43,1836.0,0,0.0
42,WEAgent16,MALE_OLD_LOW_INCOME,42,1795.0,42,1793.3023255813962
42,WEAgent17,FEMALE_LOW_INCOME,102,4381.0,1726,4056.2790697674354
42,WEAgent14,YOUNG_LOW_INCOME,89,3816.0,89,3800.0930232558085
42,WEAgent15,FEMALE_YOUNG,52,2236.0,231,384.0
42,WEAgent12,FEMALE_OLD_HIGH_INCOME,9,407.0,9,385.875
42,WEAgent13,FEMALE_OLD_LOW_INCOME,56,2401.0,56,2401.0
42,WFAgent13,FEMALE_LOW_INCOME,102,4381.0,2290,2529.625
42,WEAgent9,MALE_YOUNG_HIGH_INCOME,12,517.0,12,512.3720930232558
42,WEAgent10,OLD_LOW_INCOME,98,4196.0,98,4183.759054517721
42,WFAgent12,MALE_YOUNG_LOW_INCOME,43,1836.0,1837,1195.53488372093
42,WEAgent11,MALE_YOUNG_HIGH_INCOME,12,517.0,12,512.3720930232558
42,WFAgent11,FEMALE_OLD_HIGH_INCOME,9,407.0,9,385.875
42,WEAgent7,FEMALE_YOUNG_HIGH_INCOME,6,256.0,6,255.99999999999997
42,WFAgent10,FEMALE_LOW_INCOME,102,4381.0,102,4373.25
42,WEAgent8,FEMALE_OLD,65,2808.0,383,428.75
42,WEAgent1,OLD_LOW_INCOME,98,4196.0,98,4184.37209302325
42,WEAgent2,MALE_YOUNG_HIGH_INCOME,12,517.0,393,469.67441860465124
42,WEAgent0,FEMALE_YOUNG_LOW_INCOME,46,1980.0,46,1964.093023255815
42,WEAgent5,MALE_OLD_HIGH_INCOME,18,808.0,18,768.0983606557378
42,WEAgent6,FEMALE_LOW_INCOME,102,4381.0,102,4355.16279069767
42,WEAgent3,MALE_YOUNG_HIGH_INCOME,12,517.0,12,512.3720930232558
42,WEAgent4,MALE_OLD,61,2603.0,755,853.4426229508198
42,WFAgent0,FEMALE_HIGH_INCOME,15,663.0,15,639.9999999999999
42,WFAgent1,MALE_YOUNG,55,2353.0,54,2310.218181818182
42,WFAgent2,FEMALE_OLD,65,2808.0,0,0.0
42,WFAgent3,FEMALE_YOUNG_HIGH_INCOME,6,256.0,6,255.99999999999997
42,WFAgent4,MALE_OLD,61,2603.0,0,0.0
42,WFAgent5,MALE_LOW_INCOME,85,3631.0,85,3627.1311475409757
43,WFAgent6,FEMALE_YOUNG_HIGH_INCOME,6,256.0,0,0.0
43,WFAgent7,FEMALE_YOUNG_HIGH_INCOME,6,256.0,6,255.99999999999997
43,WFAgent8,FEMALE_YOUNG,52,2236.0,52,2233.1111111111086
43,WFAgent9,OLD_HIGH_INCOME,28,1215.0,658,0.0
43,WEAgent16,MALE_LOW_INCOME,85,3631.0,85,3629.3023255813905
43,WEAgent17,YOUNG_HIGH_INCOME,18,773.0,18,767.9999999999998
43,WEAgent14,MALE_YOUNG,55,2353.0,456,725.8604651162789
43,WEAgent15,MALE_OLD,61,2603.0,61,2602.9999999999973
43,WEAgent12,YOUNG_LOW_INCOME,89,3816.0,89,3800.0930232558085
43,WEAgent13,MALE_YOUNG_HIGH_INCOME,12,517.0,12,512.3720930232558
43,WFAgent13,FEMALE_YOUNG_LOW_INCOME,46,1980.0,46,1979.4782608695639
43,WEAgent9,MALE_YOUNG_LOW_INCOME,43,1836.0,42,1793.3023255813962
43,WEAgent10,MALE_OLD_HIGH_INCOME,18,808.0,18,768.0983606557378
43,WFAgent12,FEMALE_OLD_LOW_INCOME,56,2401.0,56,2401.0
43,WEAgent11,YOUNG_LOW_INCOME,89,3816.0,1736,3629.3023255813905
43,WFAgent11,FEMALE_YOUNG,52,2236.0,52,2231.9999999999973
43,WEAgent7,OLD_LOW_INCOME,98,4196.0,98,4184.37209302325
43,WFAgent10,FEMALE_LOW_INCOME,102,4381.0,102,4371.7831632653015
43,WEAgent8,MALE_YOUNG_HIGH_INCOME,12,517.0,12,512.3720930232558
43,WEAgent1,FEMALE_YOUNG,52,2236.0,114,384.0
43,WEAgent2,MALE_YOUNG_HIGH_INCOME,12,517.0,12,512.3720930232558
43,WEAgent0,MALE_OLD_LOW_INCOME,42,1795.0,42,1793.3023255813962
43,WEAgent5,FEMALE_OLD,65,2808.0,327,2517.6557377049157
43,WEAgent6,MALE_OLD,61,2603.0,61,2602.9999999999973
43,WEAgent3,OLD_LOW_INCOME,98,4196.0,1515,4013.581395348831
43,WEAgent4,FEMALE_OLD,65,2808.0,65,2773.6885245901603
43,WFAgent0,FEMALE_YOUNG_LOW_INCOME,46,1980.0,46,1979.999999999998
43,WFAgent1,MALE_OLD_HIGH_INCOME,18,808.0,18,768.0983606557378
43,WFAgent2,FEMALE_OLD_LOW_INCOME,56,2401.0,2270,0.0
43,WFAgent3,FEMALE_YOUNG_LOW_INCOME,46,1980.0,1877,0.0
43,WFAgent4,MALE_OLD_LOW_INCOME,42,1795.0,42,1793.3023255813962
43,WFAgent5,MALE_YOUNG_HIGH_INCOME,12,517.0,12,512.3720930232558
44,WFAgent6,FEMALE_LOW_INCOME,102,4381.0,1965,2529.625
44,WFAgent7,FEMALE_LOW_INCOME,102,4381.0,101,4338.0490196078445
44,WFAgent8,MALE_YOUNG,55,2353.0,55,2346.9672131147527
44,WFAgent9,FEMALE_OLD_LOW_INCOME,56,2401.0,56,2401.0
44,WEAgent16,MALE_YOUNG_HIGH_INCOME,12,517.0,12,512.0655737704918
44,WEAgent17,FEMALE_YOUNG_HIGH_INCOME,6,256.0,6,255.99999999999997
44,WEAgent14,YOUNG_LOW_INCOME,89,3816.0,1948,0.0
44,WEAgent15,FEMALE_OLD_HIGH_INCOME,9,407.0,9,384.0491803278689
44,WEAgent12,MALE_YOUNG_HIGH_INCOME,12,517.0,12,512.0655737704918
44,WEAgent13,FEMALE_OLD_LOW_INCOME,56,2401.0,56,2401.0
44,WFAgent13,OLD_HIGH_INCOME,28,1215.0,28,1194.8196721311476
44,WEAgent9,MALE_OLD_HIGH_INCOME,18,808.0,18,768.0983606557378
44,WEAgent10,MALE_OLD,61,2603.0,777,512.0655737704918
44,WFAgent12,FEMALE_OLD_LOW_INCOME,56,2401.0,56,2401.0
44,WEAgent11,FEMALE_OLD_HIGH_INCOME,9,407.0,9,384.0491803278689
44,WFAgent11,FEMALE_YOUNG_HIGH_INCOME,6,256.0,6,255.99999999999997
44,WEAgent7,OLD_LOW_INCOME,98,4196.0,98,4184.37209302325
44,WFAgent10,FEMALE_LOW_INCOME,102,4381.0,102,4379.632352941179
44,WEAgent8,OLD_LOW_INCOME,98,4196.0,98,4184.091117041549
44,WEAgent1,MALE_YOUNG,55,2353.0,429,1578.8688524590166
44,WEAgent2,MALE_HIGH_INCOME,31,1325.0,31,1322.8360655737706
44,WEAgent0,FEMALE_HIGH_INCOME,15,663.0,15,639.9999999999999
44,WEAgent5,FEMALE_HIGH_INCOME,15,663.0,15,639.9999999999999
44,WEAgent6,FEMALE_OLD_HIGH_INCOME,9,407.0,9,384.0491803278689
44,WEAgent3,FEMALE_YOUNG,52,2236.0,52,2218.6666666666674
44,WEAgent4,OLD_HIGH_INCOME,28,1215.0,364,938.7868852459018
44,WFAgent0,FEMALE_OLD_LOW_INCOME,56,2401.0,56,2401.0
44,WFAgent1,MALE_LOW_INCOME,85,3631.0,1577,0.0
44,WFAgent2,FEMALE_HIGH_INCOME,15,663.0,15,639.9999999999999
44,WFAgent3,FEMALE_OLD,65,2808.0,0,0.0
44,WFAgent4,FEMALE_YOUNG,52,2236.0,125,1834.6666666666677
44,WFAgent5,MALE_YOUNG_LOW_INCOME,43,1836.0,1900,0.0
45,WFAgent6,YOUNG_LOW_INCOME,89,3816.0,89,3815.999999999994
45,WFAgent7,MALE_OLD_HIGH_INCOME,18,808.0,18,768.0983606557378
45,WFAgent8,OLD_HIGH_INCOME,28,1215.0,28,1194.8196721311476
45,WFAgent9,OLD_LOW_INCOME,98,4196.0,2275,3125.5918367346903
45,WEAgent16,FEMALE_OLD,65,2808.0,65,2773.6885245901603
45,WEAgent17,YOUNG_HIGH_INCOME,18,773.0,18,768.0983606557378
45,WEAgent14,MALE_YOUNG_LOW_INCOME,43,1836.0,42,1793.3023255813962
45,WEAgent15,MALE_LOW_INCOME,85,3631.0,85,3629.3023255813905
45,WEAgent12,FEMALE_YOUNG_LOW_INCOME,46,1980.0,46,1979.999999999998
45,WEAgent13,FEMALE_YOUNG,52,2236.0,168,1066.8032786885246
45,WFAgent13,FEMALE_YOUNG_LOW_INCOME,46,1980.0,46,1979.4782608695639
45,WEAgent9,MALE_YOUNG_LOW_INCOME,43,1836.0,1648,1707.9069767441867
45,WEAgent10,MALE_YOUNG_LOW_INCOME,43,1836.0,42,1793.3023255813962
45,WFAgent12,OLD_LOW_INCOME,98,4196.0,0,0.0
45,WEAgent11,FEMALE_OLD,65,2808.0,225,2688.344262295079
45,WFAgent11,FEMALE_HIGH_INCOME,15,663.0,15,644.9444444444445
45,WEAgent7,MALE_LOW_INCOME,85,3631.0,1703,3287.7209302325546
45,WFAgent10,FEMALE_YOUNG_LOW_INCOME,46,1980.0,46,1977.3820224719104
45,WEAgent8,MALE_YOUNG_LOW_INCOME,43,1836.0,42,1793.3023255813962
45,WEAgent1,FEMALE_OLD_HIGH_INCOME,9,407.0,9,384.0491803278689
45,WEAgent2,MALE_OLD_LOW_INCOME,42,1795.0,42,1793.3023255813962
45,WEAgent0,YOUNG_HIGH_INCOME,18,773.0,18,768.0983606557378
45,WEAgent5,FEMALE_OLD_LOW_INCOME,56,2401.0,56,2397.7142857142853
45,WEAgent6,OLD_HIGH_INCOME,28,1215.0,28,1194.8196721311476
45,WEAgent3,MALE_OLD,61,2603.0,801,0.0
45,WEAgent4,FEMALE_OLD,65,2808.0,65,2773.6885245901603
45,WFAgent0,YOUNG_HIGH_INCOME,18,773.0,18,768.0983606557378
45,WFAgent1,FEMALE_HIGH_INCOME,15,663.0,15,645.0
45,WFAgent2,YOUNG_LOW_INCOME,89,3816.0,1646,2872.719101123593
45,WFAgent3,FEMALE_YOUNG,52,2236.0,52,2229.5730337078653
45,WFAgent4,FEMALE_YOUNG_LOW_INCOME,46,1980.0,46,1978.0
45,WFAgent5,OLD_LOW_INCOME,98,4196.0,98,4195.999999999992
46,WFAgent6,MALE_OLD_HIGH_INCOME,18,808.0,18,768.0983606557378
46,WFAgent7,FEMALE_YOUNG_LOW_INCOME,46,1980.0,1933,1975.745098039217
46,WFAgent8,MALE_YOUNG_HIGH_INCOME,12,517.0,12,512.0655737704918
46,WFAgent9,MALE_YOUNG,55,2353.0,55,2348.3720930232557
46,WEAgent16,MALE_OLD_HIGH_INCOME,18,808.0,18,768.0983606557378
46,WEAgent17,MALE_LOW_INCOME,85,3631.0,85,3629.3023255813905
46,WEAgent14,OLD_LOW_INCOME,98,4196.0,98,4188.33333333334
46,WEAgent15,YOUNG_LOW_INCOME,89,3816.0,89,3800.0930232558085
46,WEAgent12,OLD_HIGH_INCOME,28,1215.0,28,1194.8196721311476
46,WEAgent13,FEMALE_YOUNG_LOW_INCOME,46,1980.0,46,1975.745098039217
46,WFAgent13,FEMALE_LOW_INCOME,102,4381.0,2416,0.0
46,WEAgent9,MALE_YOUNG_HIGH_INCOME,12,517.0,471,0.0
46,WEAgent10,MALE_OLD_HIGH_INCOME,18,808.0,18,768.0983606557378
46,WFAgent12,MALE_HIGH_INCOME,31,1325.0,0,0.0
46,WEAgent11,YOUNG_LOW_INCOME,89,3816.0,89,3800.0930232558085
46,WFAgent11,FEMALE_HIGH_INCOME,15,663.0,15,639.9999999999999
46,WEAgent7,OLD_HIGH_INCOME,28,1215.0,28,1194.8196721311476
46,WFAgent10,MALE_YOUNG_LOW_INCOME,43,1836.0,0,0.0
46,WEAgent8,FEMALE_YOUNG_HIGH_INCOME,6,256.0,6,255.99999999999997
46,WEAgent1,OLD_LOW_INCOME,98,4196.0,1582,4145.595238095245
46,WEAgent2,OLD_HIGH_INCOME,28,1215.0,303,896.1147540983608
46,WEAgent0,MALE_LOW_INCOME,85,3631.0,85,3629.3023255813905
46,WEAgent5,MALE_OLD,61,2603.0,765,1322.8360655737706
46,WEAgent6,MALE_OLD_LOW_INCOME,42,1795.0,42,1794.9999999999984
46,WEAgent3,YOUNG_LOW_INCOME,89,3816.0,1472,3458.5116279069725
46,WEAgent4,MALE_OLD_LOW_INCOME,42,1795.0,42,1794.9999999999984
46,WFAgent0,OLD_HIGH_INCOME,28,1215.0,0,0.0
46,WFAgent1,OLD_HIGH_INCOME,28,1215.0,28,1194.8196721311476
46,WFAgent2,MALE_OLD,61,2603.0,0,0.0
46,WFAgent3,FEMALE_OLD_HIGH_INCOME,9,407.0,9,390.5357142857144
46,WFAgent4,FEMALE_YOUNG_HIGH_INCOME,6,256.0,0,0.0
46,WFAgent5,YOUNG_HIGH_INCOME,18,773.0,247,170.66666666666666
47,WFAgent6,MALE_HIGH_INCOME,31,1325.0,0,0.0
47,WFAgent7,OLD_HIGH_INCOME,28,1215.0,28,1194.8196721311476
47,WFAgent8,FEMALE_OLD_HIGH_INCOME,9,407.0,9,390.5357142857144
47,WFAgent9,MALE_HIGH_INCOME,31,1325.0,31,1322.8360655737706
47,WEAgent16,MALE_OLD_HIGH_INCOME,18,808.0,18,768.0983606557378
47,WEAgent17,YOUNG_HIGH_INCOME,18,773.0,18,768.0983606557378
47,WEAgent14,FEMALE_LOW_INCOME,102,4381.0,1945,0.0
47,WEAgent15,YOUNG_HIGH_INCOME,18,773.0,18,768.0983606557378
47,WEAgent12,FEMALE_HIGH_INCOME,15,663.0,15,640.0819672131148
47,WEAgent13,MALE_OLD_LOW_INCOME,42,1795.0,42,1794.9999999999984
47,WFAgent13,MALE_HIGH_INCOME,31,1325.0,0,0.0
47,WEAgent9,MALE_YOUNG_HIGH_INCOME,12,517.0,12,512.0655737704918
47,WEAgent10,FEMALE_YOUNG,52,2236.0,52,2218.9508196721304
47,WFAgent12,FEMALE_YOUNG,52,2236.0,52,2218.9508196721304
47,WEAgent11,OLD_HIGH_INCOME,28,1215.0,343,597.4098360655738
47,WFAgent11,MALE_OLD_HIGH_INCOME,18,808.0,18,768.0983606557378
47,WEAgent7,MALE_HIGH_INCOME,31,1325.0,31,1322.8360655737706
47,WFAgent10,MALE_OLD,61,2603.0,0,0.0
47,WEAgent8,MALE_YOUNG,55,2353.0,391,1322.8360655737706
47,WEAgent1,MALE_OLD_HIGH_INCOME,18,808.0,730,554.7377049180328
47,WEAgent2,YOUNG_HIGH_INCOME,18,773.0,18,768.0983606557378
47,WEAgent0,OLD_LOW_INCOME,98,4196.0,1756,1709.523809523808
47,WEAgent5,YOUNG_HIGH_INCOME,18,773.0,18,768.0983606557378
47,WEAgent6,FEMALE_OLD_HIGH_INCOME,9,407.0,9,384.0491803278689
47,WEAgent3,FEMALE_OLD_HIGH_INCOME,9,407.0,9,384.0491803278689
47,WEAgent4,FEMALE_YOUNG,52,2236.0,56,2133.606557377049
47,WFAgent0,FEMALE_HIGH_INCOME,15,663.0,14,618.8000000000001
47,WFAgent1,FEMALE_HIGH_INCOME,15,663.0,15,660.6
47,WFAgent2,FEMALE_YOUNG_LOW_INCOME,46,1980.0,46,1979.9075021312854
47,WFAgent3,FEMALE_YOUNG_LOW_INCOME,46,1980.0,46,1979.999999999998
47,WFAgent4,YOUNG_HIGH_INCOME,18,773.0,18,769.3548387096774
47,WFAgent5,YOUNG_LOW_INCOME,89,3816.0,0,0.0
48,WFAgent6,FEMALE_OLD_HIGH_INCOME,9,407.0,9,391.688524590164
48,WFAgent7,MALE_YOUNG_LOW_INCOME,43,1836.0,1787,1451.7209302325584
48,WFAgent8,MALE_OLD_HIGH_INCOME,18,808.0,18,768.0983606557378
48,WFAgent9,MALE_OLD,61,2603.0,1440,2261.622950819671
48,WEAgent16,FEMALE_OLD_LOW_INCOME,56,2401.0,2358,0.0
48,WEAgent17,OLD_HIGH_INCOME,28,1215.0,396,853.4426229508198
48,WEAgent14,MALE_OLD_HIGH_INCOME,18,808.0,744,682.7540983606558
48,WEAgent15,FEMALE_HIGH_INCOME,15,663.0,241,554.6666666666666
48,WEAgent12,OLD_HIGH_INCOME,28,1215.0,28,1194.8196721311476
48,WEAgent13,MALE_OLD_LOW_INCOME,42,1795.0,42,1793.3023255813962
48,WFAgent13,FEMALE_YOUNG_HIGH_INCOME,6,256.0,6,255.99999999999997
48,WEAgent9,MALE_YOUNG_HIGH_INCOME,12,517.0,480,172.33333333333331
48,WEAgent10,FEMALE_LOW_INCOME,102,4381.0,1764,4355.16279069767
48,WFAgent12,MALE_YOUNG_HIGH_INCOME,12,517.0,0,0.0
48,WEAgent11,OLD_LOW_INCOME,98,4196.0,98,4184.37209302325
48,WFAgent11,FEMALE_HIGH_INCOME,15,663.0,15,639.9999999999999
48,WEAgent7,MALE_YOUNG_LOW_INCOME,43,1836.0,42,1793.3023255813962
48,WFAgent10,YOUNG_LOW_INCOME,89,3816.0,0,0.0
48,WEAgent8,MALE_OLD_HIGH_INCOME,18,808.0,18,768.0983606557378
48,WEAgent1,FEMALE_YOUNG_HIGH_INCOME,6,256.0,6,255.99999999999997
48,WEAgent2,FEMALE_YOUNG_HIGH_INCOME,6,256.0,6,255.99999999999997
48,WEAgent0,FEMALE_LOW_INCOME,102,4381.0,102,4355.16279069767
48,WEAgent5,MALE_LOW_INCOME,85,3631.0,85,3629.3023255813905
48,WEAgent6,FEMALE_YOUNG_LOW_INCOME,46,1980.0,46,1964.093023255815
48,WEAgent3,OLD_LOW_INCOME,98,4196.0,98,4183.988943957294
48,WEAgent4,MALE_YOUNG_HIGH_INCOME,12,517.0,12,516.9999999999999
48,WFAgent0,OLD_HIGH_INCOME,28,1215.0,0,0.0
48,WFAgent1,FEMALE_OLD_HIGH_INCOME,9,407.0,9,397.79999999999995
48,WFAgent2,MALE_OLD,61,2603.0,0,0.0
48,WFAgent3,MALE_YOUNG_LOW_INCOME,43,1836.0,0,0.0
48,WFAgent4,MALE_OLD,61,2603.0,61,2602.9999999999973
48,WFAgent5,YOUNG_LOW_INCOME,89,3816.0,89,3800.0930232558085
49,WFAgent6,MALE_LOW_INCOME,85,3631.0,0,0.0
49,WFAgent7,FEMALE_YOUNG_HIGH_INCOME,6,256.0,6,255.99999999999997
49,WFAgent8,FEMALE_OLD_HIGH_INCOME,9,407.0,9,404.65277777777777
49,WFAgent9,OLD_LOW_INCOME,98,4196.0,0,0.0
49,WEAgent16,FEMALE_YOUNG_LOW_INCOME,46,1980.0,46,1972.25
49,WEAgent17,FEMALE_OLD,65,2808.0,65,2786.875
49,WEAgent14,FEMALE_OLD_HIGH_INCOME,9,407.0,9,385.875
49,WEAgent15,YOUNG_LOW_INCOME,89,3816.0,1772,1195.53488372093
49,WEAgent12,FEMALE_OLD,65,2808.0,65,2786.875
49,WEAgent13,FEMALE_LOW_INCOME,102,4381.0,1855,2058.0
49,WFAgent13,FEMALE_YOUNG,52,2236.0,52,2221.722222222223
49,WEAgent9,FEMALE_OLD_LOW_INCOME,56,2401.0,2337,0.0
49,WEAgent10,MALE_YOUNG,55,2353.0,430,1793.3023255813962
49,WFAgent12,MALE_LOW_INCOME,85,3631.0,85,3630.680437756492
49,WEAgent11,FEMALE_OLD,65,2808.0,182,2744.0
49,WFAgent11,MALE_HIGH_INCOME,31,1325.0,0,0.0
49,WEAgent7,FEMALE_YOUNG_LOW_INCOME,46,1980.0,46,1972.25
49,WFAgent10,YOUNG_HIGH_INCOME,18,773.0,17,730.0555555555557
49,WEAgent8,MALE_YOUNG,55,2353.0,55,2348.3720930232557
49,WEAgent1,YOUNG_HIGH_INCOME,18,773.0,168,597.3333333333333
49,WEAgent2,FEMALE_YOUNG_HIGH_INCOME,6,256.0,6,255.99999999999997
49,WEAgent0,YOUNG_HIGH_INCOME,18,773.0,18,767.9999999999998
49,WEAgent5,MALE_OLD_LOW_INCOME,42,1795.0,1685,0.0
49,WEAgent6,FEMALE_YOUNG_LOW_INCOME,46,1980.0,46,1972.25
49,WEAgent3,MALE_YOUNG,55,2353.0,55,2348.3720930232557
49,WEAgent4,FEMALE_OLD,65,2808.0,65,2786.875
49,WFAgent0,MALE_YOUNG_LOW_INCOME,43,1836.0,42,1793.3023255813962
49,WFAgent1,OLD_HIGH_INCOME,28,1215.0,748,0.0
49,WFAgent2,MALE_YOUNG_LOW_INCOME,43,1836.0,0,0.0
49,WFAgent3,MALE_YOUNG_LOW_INCOME,43,1836.0,42,1793.3023255813962
49,WFAgent4,MALE_LOW_INCOME,85,3631.0,85,3630.9999999999936
49,WFAgent5,FEMALE_OLD_HIGH_INCOME,9,407.0,9,407.0
50,WFAgent6,MALE_YOUNG_HIGH_INCOME,12,517.0,12,512.9032258064516
50,WFAgent7,FEMALE_OLD_LOW_INCOME,56,2401.0,0,0.0
50,WFAgent8,MALE_OLD_LOW_INCOME,42,1795.0,42,1794.9999999999984
50,WFAgent9,FEMALE_OLD_LOW_INCOME,56,2401.0,56,2401.0
50,WEAgent16,MALE_YOUNG_LOW_INCOME,43,1836.0,1891,0.0
50,WEAgent17,MALE_OLD,61,2603.0,776,0.0
50,WEAgent14,FEMALE_OLD_LOW_INCOME,56,2401.0,56,2401.0
50,WEAgent15,FEMALE_YOUNG,52,2236.0,171,938.6666666666663
50,WEAgent12,FEMALE_YOUNG_LOW_INCOME,46,1980.0,1808,1586.375
50,WEAgent13,MALE_YOUNG_HIGH_INCOME,12,517.0,12,512.0655737704918
50,WFAgent13,MALE_YOUNG_LOW_INCOME,43,1836.0,0,0.0
50,WEAgent9,FEMALE_YOUNG_HIGH_INCOME,6,256.0,6,255.99999999999997
50,WEAgent10,MALE_YOUNG,55,2353.0,55,2346.9672131147527
50,WFAgent12,MALE_HIGH_INCOME,31,1325.0,31,1322.8360655737706
50,WEAgent11,FEMALE_OLD,65,2808.0,281,1024.1311475409836
50,WFAgent11,FEMALE_YOUNG_HIGH_INCOME,6,256.0,0,0.0
50,WEAgent7,OLD_HIGH_INCOME,28,1215.0,28,1194.8196721311476
50,WFAgent10,FEMALE_OLD,65,2808.0,65,2773.6885245901603
50,WEAgent8,MALE_OLD_LOW_INCOME,42,1795.0,1762,0.0
50,WEAgent1,MALE_YOUNG,55,2353.0,55,2346.9672131147527
50,WEAgent2,FEMALE_YOUNG_LOW_INCOME,46,1980.0,46,1972.25
50,WEAgent0,FEMALE_YOUNG_LOW_INCOME,46,1980.0,46,1972.25
50,WEAgent5,MALE_YOUNG,55,2353.0,283,2261.622950819671
50,WEAgent6,FEMALE_OLD_HIGH_INCOME,9,407.0,9,384.0491803278689
50,WEAgent3,FEMALE_YOUNG_HIGH_INCOME,6,256.0,6,255.99999999999997
50,WEAgent4,MALE_HIGH_INCOME,31,1325.0,31,1322.8360655737706
50,WFAgent0,FEMALE_OLD_LOW_INCOME,56,2401.0,2328,2015.125
50,WFAgent1,YOUNG_HIGH_INCOME,18,773.0,18,767.9999999999998
50,WFAgent2,FEMALE_LOW_INCOME,102,4381.0,0,0.0
50,WFAgent3,FEMALE_YOUNG_LOW_INCOME,46,1980.0,46,1972.25
50,WFAgent4,FEMALE_YOUNG,52,2236.0,52,2218.6666666666674
50,WFAgent5,OLD_HIGH_INCOME,28,1215.0,28,1194.8196721311476
51,WFAgent6,FEMALE_HIGH_INCOME,15,663.0,15,639.9999999999999
51,WFAgent7,MALE_OLD_HIGH_INCOME,18,808.0,18,768.0983606557378
51,WFAgent8,FEMALE_LOW_INCOME,102,4381.0,101,4338.0490196078445
51,WFAgent9,FEMALE_OLD,65,2808.0,425,0.0
51,WEAgent16,OLD_LOW_INCOME,98,4196.0,98,4184.37209302325
51,WEAgent17,MALE_OLD,61,2603.0,61,2602.9999999999973
51,WEAgent14,MALE_YOUNG_HIGH_INCOME,12,517.0,12,512.0655737704918
51,WEAgent15,YOUNG_HIGH_INCOME,18,773.0,255,298.66666666666663
51,WEAgent12,MALE_OLD,61,2603.0,697,2389.6393442622934
51,WEAgent13,FEMALE_OLD_LOW_INCOME,56,2401.0,56,2401.0
51,WFAgent13,OLD_LOW_INCOME,98,4196.0,0,0.0
51,WEAgent9,OLD_LOW_INCOME,98,4196.0,98,4184.295463210059
51,WEAgent10,YOUNG_LOW_INCOME,89,3816.0,89,3800.0930232558085
51,WFAgent12,FEMALE_LOW_INCOME,102,4381.0,102,4380.012254901963
51,WEAgent11,FEMALE_YOUNG_LOW_INCOME,46,1980.0,46,1964.093023255815
51,WFAgent11,YOUNG_LOW_INCOME,89,3816.0,89,3800.0930232558085
51,WEAgent7,MALE_HIGH_INCOME,31,1325.0,540,469.3934426229509
51,WFAgent10,OLD_LOW_INCOME,98,4196.0,0,0.0
51,WEAgent8,FEMALE_YOUNG_LOW_INCOME,46,1980.0,46,1964.093023255815
51,WEAgent1,FEMALE_OLD_LOW_INCOME,56,2401.0,56,2401.0
51,WEAgent2,FEMALE_LOW_INCOME,102,4381.0,1513,4312.465116279065
51,WEAgent0,MALE_YOUNG_LOW_INCOME,43,1836.0,1758,1707.9069767441867
51,WEAgent5,MALE_YOUNG_LOW_INCOME,43,1836.0,42,1793.3023255813962
51,WEAgent6,FEMALE_YOUNG_HIGH_INCOME,6,256.0,6,255.99999999999997
51,WEAgent3,FEMALE_LOW_INCOME,102,4381.0,102,4355.16279069767
51,WEAgent4,MALE_OLD_HIGH_INCOME,18,808.0,18,768.0983606557378
51,WFAgent0,OLD_LOW_INCOME,98,4196.0,1978,0.0
51,WFAgent1,FEMALE_OLD_LOW_INCOME,56,2401.0,56,2401.0
51,WFAgent2,MALE_LOW_INCOME,85,3631.0,1564,2389.6393442622934
51,WFAgent3,MALE_OLD,61,2603.0,61,2602.9999999999973
51,WFAgent4,MALE_YOUNG_LOW_INCOME,43,1836.0,42,1793.3023255813962
51,WFAgent5,FEMALE_OLD_LOW_INCOME,56,2401.0,56,2400.823979591836
52,WFAgent6,FEMALE_YOUNG,52,2236.0,52,2224.3333333333344
52,WFAgent7,MALE_LOW_INCOME,85,3631.0,0,0.0
52,WFAgent8,FEMALE_YOUNG_HIGH_INCOME,6,256.0,0,0.0
52,WFAgent9,FEMALE_OLD_HIGH_INCOME,9,407.0,9,407.0
52,WEAgent16,FEMALE_YOUNG,52,2236.0,149,682.6666666666665
52,WEAgent17,MALE_OLD_HIGH_INCOME,18,808.0,18,768.0983606557378
52,WEAgent14,OLD_LOW_INCOME,98,4196.0,98,4186.329411764698
52,WEAgent15,OLD_HIGH_INCOME,28,1215.0,28,1194.8196721311476
52,WEAgent12,FEMALE_OLD_HIGH_INCOME,9,407.0,9,384.0491803278689
52,WEAgent13,MALE_YOUNG_HIGH_INCOME,12,517.0,12,513.3818181818181
52,WFAgent13,FEMALE_OLD,65,2808.0,0,0.0
52,WEAgent9,MALE_YOUNG_HIGH_INCOME,12,517.0,12,513.3818181818181
52,WEAgent10,MALE_OLD,61,2603.0,753,1280.1639344262296
52,WFAgent12,FEMALE_YOUNG_LOW_INCOME,46,1980.0,46,1972.314606741574
52,WEAgent11,YOUNG_LOW_INCOME,89,3816.0,1799,0.0
52,WFAgent11,YOUNG_LOW_INCOME,89,3816.0,89,3815.875
52,WEAgent7,FEMALE_OLD_LOW_INCOME,56,2401.0,56,2397.7142857142853
52,WFAgent10,FEMALE_OLD_HIGH_INCOME,9,407.0,9,400.9333333333333
52,WEAgent8,FEMALE_OLD_HIGH_INCOME,9,407.0,9,384.0491803278689
52,WEAgent1,FEMALE_LOW_INCOME,102,4381.0,1894,2015.125
52,WEAgent2,FEMALE_YOUNG_LOW_INCOME,46,1980.0,46,1972.25
52,WEAgent0,FEMALE_HIGH_INCOME,15,663.0,15,639.9999999999999
52,WEAgent5,FEMALE_OLD_HIGH_INCOME,9,407.0,9,384.0491803278689
52,WEAgent6,OLD_LOW_INCOME,98,4196.0,1635,3759.1529411764636
52,WEAgent3,MALE_YOUNG,55,2353.0,500,727.2909090909088
52,WEAgent4,FEMALE_OLD,65,2808.0,281,1152.1475409836066
52,WFAgent0,MALE_YOUNG_HIGH_INCOME,12,517.0,12,513.3818181818181
52,WFAgent1,FEMALE_OLD,65,2808.0,65,2773.6885245901603
52,WFAgent2,MALE_OLD_HIGH_INCOME,18,808.0,18,768.0983606557378
52,WFAgent3,YOUNG_HIGH_INCOME,18,773.0,18,767.9999999999998
52,WFAgent4,OLD_LOW_INCOME,98,4196.0,2344,0.0
52,WFAgent5,FEMALE_HIGH_INCOME,15,663.0,15,645.0
53,WFAgent6,FEMALE_YOUNG,52,2236.0,52,2218.6666666666674
53,WFAgent7,YOUNG_LOW_INCOME,89,3816.0,0,0.0
53,WFAgent8,FEMALE_HIGH_INCOME,15,663.0,15,660.6
53,WFAgent9,OLD_HIGH_INCOME,28,1215.0,28,1194.8196721311476
53,WEAgent16,FEMALE_OLD,65,2808.0,65,2773.6885245901603
53,WEAgent17,FEMALE_YOUNG_LOW_INCOME,46,1980.0,46,1972.25
53,WEAgent14,MALE_LOW_INCOME,85,3631.0,85,3630.9999999999936
53,WEAgent15,YOUNG_HIGH_INCOME,18,773.0,18,767.9999999999998
53,WEAgent12,FEMALE_YOUNG,52,2236.0,42,1792.000000000001
53,WEAgent13,MALE_OLD_HIGH_INCOME,18,808.0,18,768.0983606557378
53,WFAgent13,FEMALE_HIGH_INCOME,15,663.0,14,618.8000000000001
53,WEAgent9,MALE_YOUNG_HIGH_INCOME,12,517.0,466,298.7049180327869
53,WEAgent10,YOUNG_LOW_INCOME,89,3816.0,1794,3161.105882352937
53,WFAgent12,OLD_HIGH_INCOME,28,1215.0,28,1194.8196721311476
53,WEAgent11,MALE_OLD_LOW_INCOME,42,1795.0,42,1794.9999999999984
53,WFAgent11,FEMALE_OLD_HIGH_INCOME,9,407.0,9,396.99285714285713
53,WEAgent7,FEMALE_LOW_INCOME,102,4381.0,1920,1414.875
53,WFAgent10,FEMALE_OLD_HIGH_INCOME,9,407.0,9,397.79999999999995
53,WEAgent8,MALE_OLD_LOW_INCOME,42,1795.0,42,1794.9999999999984
53,WEAgent1,FEMALE_YOUNG,52,2236.0,50,2133.3333333333344
53,WEAgent2,MALE_OLD_LOW_INCOME,42,1795.0,42,1794.9999999999984
53,WEAgent0,OLD_LOW_INCOME,98,4196.0,1681,1880.4761904761888
53,WEAgent5,YOUNG_HIGH_INCOME,18,773.0,18,767.9999999999998
53,WEAgent6,FEMALE_OLD,65,2808.0,323,1578.8688524590166
53,WEAgent3,MALE_OLD,61,2603.0,714,1280.1639344262296
53,WEAgent4,MALE_YOUNG_HIGH_INCOME,12,517.0,12,512.0655737704918
53,WFAgent0,YOUNG_HIGH_INCOME,18,773.0,18,767.9999999999998
53,WFAgent1,MALE_HIGH_INCOME,31,1325.0,0,0.0
53,WFAgent2,FEMALE_YOUNG_HIGH_INCOME,6,256.0,6,255.99999999999997
53,WFAgent3,FEMALE_YOUNG_HIGH_INCOME,6,256.0,6,255.99999999999997
53,WFAgent4,FEMALE_OLD_LOW_INCOME,56,2401.0,2431,0.0
53,WFAgent5,FEMALE_YOUNG_HIGH_INCOME,6,256.0,6,255.99999999999997
54,WFAgent6,MALE_OLD,61,2603.0,1500,2432.311475409834
54,WFAgent7,FEMALE_YOUNG_LOW_INCOME,46,1980.0,46,1975.745098039217
54,WFAgent8,MALE_OLD_HIGH_INCOME,18,808.0,18,768.0983606557378
54,WFAgent9,FEMALE_YOUNG_HIGH_INCOME,6,256.0,0,0.0
54,WEAgent16,OLD_LOW_INCOME,98,4196.0,98,4186.192864030851
54,WEAgent17,YOUNG_HIGH_INCOME,18,773.0,162,597.3333333333333
54,WEAgent14,MALE_OLD_HIGH_INCOME,18,808.0,18,768.0983606557378
54,WEAgent15,MALE_LOW_INCOME,85,3631.0,85,3630.9999999999936
54,WEAgent12,MALE_OLD_LOW_INCOME,42,1795.0,42,1794.1411764705892
54,WEAgent13,FEMALE_YOUNG_LOW_INCOME,46,1980.0,46,1975.745098039217
54,WFAgent13,FEMALE_YOUNG_HIGH_INCOME,6,256.0,0,0.0
54,WEAgent9,MALE_YOUNG_HIGH_INCOME,12,517.0,12,512.0655737704918
54,WEAgent10,MALE_OLD,61,2603.0,636,2474.983606557375
54,WFAgent12,FEMALE_OLD,65,2808.0,0,0.0
54,WEAgent11,OLD_HIGH_INCOME,28,1215.0,377,0.0
54,WFAgent11,FEMALE_HIGH_INCOME,15,663.0,14,618.8000000000001
54,WEAgent7,MALE_OLD_HIGH_INCOME,18,808.0,18,768.0983606557378
54,WFAgent10,MALE_OLD,61,2603.0,61,2602.9999999999973
54,WEAgent8,FEMALE_LOW_INCOME,102,4381.0,1951,2276.401960784315
54,WEAgent1,MALE_OLD,61,2603.0,61,2602.9999999999973
54,WEAgent2,MALE_YOUNG,55,2353.0,370,1578.8688524590166
54,WEAgent0,MALE_HIGH_INCOME,31,1325.0,31,1322.8360655737706
54,WEAgent5,MALE_YOUNG_HIGH_INCOME,12,517.0,12,512.0655737704918
54,WEAgent6,YOUNG_HIGH_INCOME,18,773.0,18,767.9999999999998
54,WEAgent3,FEMALE_YOUNG_LOW_INCOME,46,1980.0,46,1975.745098039217
54,WEAgent4,MALE_OLD,61,2603.0,61,2602.9999999999973
54,WFAgent0,MALE_OLD,61,2603.0,0,0.0
54,WFAgent1,MALE_OLD_LOW_INCOME,42,1795.0,42,1794.1411764705892
54,WFAgent2,YOUNG_HIGH_INCOME,18,773.0,18,772.7222222222223
54,WFAgent3,FEMALE_HIGH_INCOME,15,663.0,15,659.2333333333333
54,WFAgent4,MALE_YOUNG,55,2353.0,55,2346.9672131147527
54,WFAgent5,YOUNG_HIGH_INCOME,18,773.0,17,730.0555555555557
55,WFAgent6,MALE_YOUNG_HIGH_INCOME,12,517.0,12,515.3333333333334
55,WFAgent7,FEMALE_YOUNG_HIGH_INCOME,6,256.0,0,0.0
55,WFAgent8,FEMALE_YOUNG,52,2236.0,52,2233.1111111111086
55,WFAgent9,MALE_YOUNG_HIGH_INCOME,12,517.0,504,0.0
55,WEAgent16,OLD_LOW_INCOME,98,4196.0,98,4184.346549752187
55,WEAgent17,MALE_OLD_HIGH_INCOME,18,808.0,18,768.0983606557378
55,WEAgent14,MALE_YOUNG_LOW_INCOME,43,1836.0,42,1793.3023255813962
55,WEAgent15,FEMALE_YOUNG_HIGH_INCOME,6,256.0,6,255.99999999999997
55,WEAgent12,OLD_HIGH_INCOME,28,1215.0,28,1194.8196721311476
55,WEAgent13,MALE_LOW_INCOME,85,3631.0,85,3629.3023255813905
55,WFAgent13,MALE_LOW_INCOME,85,3631.0,1360,0.0
55,WEAgent9,OLD_HIGH_INCOME,28,1215.0,330,1194.8196721311476
55,WEAgent10,MALE_OLD_LOW_INCOME,42,1795.0,42,1793.3023255813962
55,WFAgent12,YOUNG_HIGH_INCOME,18,773.0,17,730.0555555555557
55,WEAgent11,OLD_LOW_INCOME,98,4196.0,98,4184.37209302325
55,WFAgent11,MALE_YOUNG_LOW_INCOME,43,1836.0,0,0.0
55,WEAgent7,FEMALE_YOUNG,52,2236.0,109,170.66666666666666
55,WFAgent10,MALE_OLD_HIGH_INCOME,18,808.0,18,781.0714285714286
55,WEAgent8,MALE_YOUNG_LOW_INCOME,43,1836.0,1826,1537.1162790697679
55,WEAgent1,OLD_HIGH_INCOME,28,1215.0,28,1194.8196721311476
55,WEAgent2,MALE_OLD,61,2603.0,736,512.0655737704918
55,WEAgent0,MALE_LOW_INCOME,85,3631.0,85,3629.3023255813905
55,WEAgent5,FEMALE_OLD_LOW_INCOME,56,2401.0,2291,2401.0
55,WEAgent6,OLD_HIGH_INCOME,28,1215.0,28,1194.8196721311476
55,WEAgent3,FEMALE_OLD_LOW_INCOME,56,2401.0,56,2401.0
55,WEAgent4,FEMALE_LOW_INCOME,102,4381.0,1987,0.0
55,WFAgent0,FEMALE_OLD_LOW_INCOME,56,2401.0,56,2401.0
55,WFAgent1,YOUNG_HIGH_INCOME,18,773.0,0,0.0
55,WFAgent2,MALE_OLD_HIGH_INCOME,18,808.0,18,781.0714285714286
55,WFAgent3,MALE_OLD_HIGH_INCOME,18,808.0,18,781.0714285714286
55,WFAgent4,FEMALE_YOUNG,52,2236.0,52,2224.777777777779
55,WFAgent5,YOUNG_LOW_INCOME,89,3816.0,0,0.0
56,WFAgent6,OLD_LOW_INCOME,98,4196.0,98,4195.999999999992
56,WFAgent7,FEMALE_OLD_HIGH_INCOME,9,407.0,9,407.0
56,WFAgent8,FEMALE_OLD_HIGH_INCOME,9,407.0,9,407.0
56,WFAgent9,MALE_OLD_HIGH_INCOME,18,808.0,18,768.0983606557378
56,WEAgent16,FEMALE_LOW_INCOME,102,4381.0,1950,1929.375
56,WEAgent17,OLD_HIGH_INCOME,28,1215.0,28,1194.8196721311476
56,WEAgent14,YOUNG_LOW_INCOME,89,3816.0,1449,3671.999999999995
56,WEAgent15,YOUNG_HIGH_INCOME,18,773.0,174,426.7213114754099
56,WEAgent12,MALE_OLD_HIGH_INCOME,18,808.0,18,768.0983606557378
56,WEAgent13,MALE_YOUNG_LOW_INCOME,43,1836.0,42,1793.3023255813962
56,WFAgent13,FEMALE_YOUNG,52,2236.0,52,2218.9508196721304
56,WEAgent9,FEMALE_OLD,65,2808.0,330,1365.5081967213116
56,WEAgent10,YOUNG_LOW_INCOME,89,3816.0,89,3800.0930232558085
56,WFAgent12,MALE_YOUNG_LOW_INCOME,43,1836.0,0,0.0
56,WEAgent11,FEMALE_YOUNG_LOW_INCOME,46,1980.0,46,1972.25
56,WFAgent11,MALE_LOW_INCOME,85,3631.0,1729,0.0
56,WEAgent7,MALE_HIGH_INCOME,31,1325.0,31,1322.8360655737706
56,WFAgent10,OLD_LOW_INCOME,98,4196.0,2274,4195.999999999992
56,WEAgent8,MALE_YOUNG_LOW_INCOME,43,1836.0,42,1793.3023255813962
56,WEAgent1,FEMALE_HIGH_INCOME,15,663.0,15,640.0819672131148
56,WEAgent2,YOUNG_LOW_INCOME,89,3816.0,89,3800.0930232558085
56,WEAgent0,FEMALE_HIGH_INCOME,15,663.0,15,640.0819672131148
56,WEAgent5,MALE_OLD,61,2603.0,787,1024.1311475409836
56,WEAgent6,MALE_YOUNG,55,2353.0,479,1365.5081967213116
56,WEAgent3,MALE_YOUNG_LOW_INCOME,43,1836.0,42,1793.3023255813962
56,WEAgent4,YOUNG_LOW_INCOME,89,3816.0,89,3800.0930232558085
56,WFAgent0,MALE_YOUNG_HIGH_INCOME,12,517.0,12,512.0655737704918
56,WFAgent1,MALE_HIGH_INCOME,31,1325.0,0,0.0
56,WFAgent2,FEMALE_OLD_LOW_INCOME,56,2401.0,56,2397.7142857142853
56,WFAgent3,OLD_LOW_INCOME,98,4196.0,0,0.0
56,WFAgent4,OLD_HIGH_INCOME,28,1215.0,28,1194.8196721311476
56,WFAgent5,MALE_HIGH_INCOME,31,1325.0,0,0.0
57,WFAgent6,MALE_OLD_LOW_INCOME,42,1795.0,42,1794.1411764705892
57,WFAgent7,FEMALE_HIGH_INCOME,15,663.0,15,644.1666666666667
57,WFAgent8,YOUNG_HIGH_INCOME,18,773.0,18,767.9999999999998
57,WFAgent9,FEMALE_OLD_LOW_INCOME,56,2401.0,56,2401.0
57,WEAgent16,MALE_YOUNG_HIGH_INCOME,12,517.0,12,512.0655737704918
57,WEAgent17,YOUNG_LOW_INCOME,89,3816.0,1705,3087.0
57,WEAgent14,OLD_LOW_INCOME,98,4196.0,1721,1665.9882352941186
57,WEAgent15,YOUNG_HIGH_INCOME,18,773.0,18,767.9999999999998
57,WEAgent12,MALE_OLD_HIGH_INCOME,18,808.0,18,768.0983606557378
57,WEAgent13,FEMALE_YOUNG_HIGH_INCOME,6,256.0,6,255.99999999999997
57,WFAgent13,MALE_YOUNG_HIGH_INCOME,12,517.0,12,512.9032258064516
57,WEAgent9,MALE_HIGH_INCOME,31,1325.0,31,1322.8360655737706
57,WEAgent10,MALE_OLD,61,2603.0,731,554.7377049180328
57,WFAgent12,FEMALE_OLD_LOW_INCOME,56,2401.0,56,2401.0
57,WEAgent11,YOUNG_HIGH_INCOME,18,773.0,18,767.9999999999998
57,WFAgent11,FEMALE_HIGH_INCOME,15,663.0,15,645.0
57,WEAgent7,FEMALE_OLD_LOW_INCOME,56,2401.0,56,2401.0
57,WFAgent10,OLD_LOW_INCOME,98,4196.0,0,0.0
57,WEAgent8,FEMALE_YOUNG_HIGH_INCOME,6,256.0,6,255.99999999999997
57,WEAgent1,MALE_HIGH_INCOME,31,1325.0,426,853.4426229508198
57,WEAgent2,FEMALE_YOUNG_LOW_INCOME,46,1980.0,2002,0.0
57,WEAgent0,MALE_OLD_HIGH_INCOME,18,808.0,18,768.0983606557378
57,WEAgent5,YOUNG_HIGH_INCOME,18,773.0,18,767.9999999999998
57,WEAgent6,FEMALE_YOUNG,52,2236.0,154,1408.0000000000002
57,WEAgent3,OLD_HIGH_INCOME,28,1215.0,429,0.0
57,WEAgent4,YOUNG_LOW_INCOME,89,3816.0,89,3815.875
57,WFAgent0,MALE_LOW_INCOME,85,3631.0,0,0.0
57,WFAgent1,OLD_LOW_INCOME,98,4196.0,98,4195.999999999992
57,WFAgent2,OLD_HIGH_INCOME,28,1215.0,0,0.0
57,WFAgent3,MALE_HIGH_INCOME,31,1325.0,31,1322.8360655737706
57,WFAgent4,FEMALE_LOW_INCOME,102,4381.0,102,4372.017857142853
57,WFAgent5,OLD_LOW_INCOME,98,4196.0,2097,3553.755102040811
58,WFAgent6,OLD_HIGH_INCOME,28,1215.0,0,0.0
58,WFAgent7,MALE_OLD_HIGH_INCOME,18,808.0,18,768.0983606557378
58,WFAgent8,MALE_YOUNG,55,2353.0,54,2310.218181818182
58,WFAgent9,FEMALE_YOUNG_HIGH_INCOME,6,256.0,6,255.99999999999997
58,WEAgent16,MALE_YOUNG_LOW_INCOME,43,1836.0,42,1793.3023255813962
58,WEAgent17,MALE_YOUNG_LOW_INCOME,43,1836.0,1756,1665.209302325582
58,WEAgent14,FEMALE_OLD_HIGH_INCOME,9,407.0,9,384.0491803278689
58,WEAgent15,YOUNG_HIGH_INCOME,18,773.0,18,767.9999999999998
58,WEAgent12,FEMALE_LOW_INCOME,102,4381.0,1761,4123.294117647062
58,WEAgent13,MALE_YOUNG_LOW_INCOME,43,1836.0,42,1793.3023255813962
58,WFAgent13,OLD_LOW_INCOME,98,4196.0,2426,0.0
58,WEAgent9,OLD_HIGH_INCOME,28,1215.0,28,1194.8196721311476
58,WEAgent10,FEMALE_YOUNG,52,2236.0,211,938.6666666666663
58,WFAgent12,FEMALE_YOUNG_HIGH_INCOME,6,256.0,0,0.0
58,WEAgent11,MALE_LOW_INCOME,85,3631.0,1717,3586.604651162786
58,WFAgent11,MALE_YOUNG,55,2353.0,55,2352.5214076246307
58,WEAgent7,MALE_YOUNG,55,2353.0,299,1280.1639344262296
58,WFAgent10,MALE_HIGH_INCOME,31,1325.0,31,1325.0
58,WEAgent8,MALE_OLD,61,2603.0,759,0.0
58,WEAgent1,FEMALE_LOW_INCOME,102,4381.0,101,4338.0490196078445
58,WEAgent2,YOUNG_HIGH_INCOME,18,773.0,18,767.9999999999998
58,WEAgent0,OLD_HIGH_INCOME,28,1215.0,368,1109.4754098360656
58,WEAgent5,FEMALE_YOUNG_HIGH_INCOME,6,256.0,6,255.99999999999997
58,WEAgent6,FEMALE_YOUNG_LOW_INCOME,46,1980.0,46,1975.745098039217
58,WEAgent3,MALE_HIGH_INCOME,31,1325.0,31,1322.8360655737706
58,WEAgent4,MALE_LOW_INCOME,85,3631.0,85,3629.3023255813905
58,WFAgent0,MALE_OLD,61,2603.0,0,0.0
58,WFAgent1,FEMALE_YOUNG_HIGH_INCOME,6,256.0,0,0.0
58,WFAgent2,YOUNG_HIGH_INCOME,18,773.0,18,767.9999999999998
58,WFAgent3,MALE_HIGH_INCOME,31,1325.0,31,1324.3019566367002
58,WFAgent4,FEMALE_YOUNG_LOW_INCOME,46,1980.0,46,1975.745098039217
58,WFAgent5,MALE_OLD_HIGH_INCOME,18,808.0,18,781.0714285714286
59,WFAgent6,FEMALE_OLD,65,2808.0,0,0.0
59,WFAgent7,MALE_OLD_HIGH_INCOME,18,808.0,18,769.3548387096774
59,WFAgent8,FEMALE_YOUNG_LOW_INCOME,46,1980.0,46,1976.625
59,WFAgent9,FEMALE_OLD_HIGH_INCOME,9,407.0,9,385.875
59,WEAgent16,OLD_LOW_INCOME,98,4196.0,1514,4100.894117647051
59,WEAgent17,MALE_OLD_LOW_INCOME,42,1795.0,42,1794.1411764705892
59,WEAgent14,MALE_YOUNG,55,2353.0,422,1666.9354838709678
59,WEAgent15,OLD_HIGH_INCOME,28,1215.0,28,1200.5
59,WEAgent12,OLD_HIGH_INCOME,28,1215.0,28,1200.5
59,WEAgent13,OLD_HIGH_INCOME,28,1215.0,28,1200.5
59,WFAgent13,FEMALE_LOW_INCOME,102,4381.0,102,4371.25510204081
59,WEAgent9,MALE_HIGH_INCOME,31,1325.0,31,1325.0
59,WEAgent10,MALE_OLD_LOW_INCOME,42,1795.0,42,1794.1411764705892
59,WFAgent12,FEMALE_YOUNG,52,2236.0,52,2226.7222222222226
59,WEAgent11,MALE_LOW_INCOME,85,3631.0,85,3630.9999999999936
59,WFAgent11,MALE_HIGH_INCOME,31,1325.0,31,1325.0
59,WEAgent7,YOUNG_LOW_INCOME,89,3816.0,89,3815.875
59,WFAgent10,FEMALE_YOUNG_HIGH_INCOME,6,256.0,6,255.99999999999997
59,WEAgent8,FEMALE_OLD_HIGH_INCOME,9,407.0,9,385.875
59,WEAgent1,MALE_HIGH_INCOME,31,1325.0,31,1325.0
59,WEAgent2,FEMALE_LOW_INCOME,102,4381.0,1690,4201.75
59,WEAgent0,OLD_HIGH_INCOME,28,1215.0,293,986.125
59,WEAgent5,YOUNG_LOW_INCOME,89,3816.0,89,3815.875
59,WEAgent6,FEMALE_OLD_LOW_INCOME,56,2401.0,56,2401.0
59,WEAgent3,FEMALE_HIGH_INCOME,15,663.0,169,639.9999999999999
59,WEAgent4,OLD_LOW_INCOME,98,4196.0,98,4186.329411764698
59,WFAgent0,YOUNG_HIGH_INCOME,18,773.0,18,767.9999999999998
59,WFAgent1,OLD_LOW_INCOME,98,4196.0,2207,0.0
59,WFAgent2,YOUNG_HIGH_INCOME,18,773.0,17,730.0555555555557
59,WFAgent3,FEMALE_YOUNG_HIGH_INCOME,6,256.0,6,255.99999999999997
59,WFAgent4,OLD_HIGH_INCOME,28,1215.0,825,0.0
59,WFAgent5,FEMALE_YOUNG_LOW_INCOME,46,1980.0,46,1978.0
60,WFAgent6,FEMALE_YOUNG_LOW_INCOME,46,1980.0,1961,0.0
60,WFAgent7,FEMALE_YOUNG,52,2236.0,52,2225.1803278688517
60,WFAgent8,FEMALE_OLD_LOW_INCOME,56,2401.0,2346,2058.0
60,WFAgent9,FEMALE_OLD,65,2808.0,0,0.0
60,WEAgent16,MALE_YOUNG,55,2353.0,465,1365.5081967213116
60,WEAgent17,MALE_HIGH_INCOME,31,1325.0,31,1322.8360655737706
60,WEAgent14,FEMALE_OLD_LOW_INCOME,56,2401.0,56,2401.0
60,WEAgent15,MALE_YOUNG_HIGH_INCOME,12,517.0,12,512.0655737704918
60,WEAgent12,OLD_LOW_INCOME,98,4196.0,1578,3415.813953488368
60,WEAgent13,MALE_OLD,61,2603.0,61,2602.9999999999973
60,WFAgent13,OLD_HIGH_INCOME,28,1215.0,28,1194.8196721311476
60,WEAgent9,YOUNG_LOW_INCOME,89,3816.0,1752,1238.2325581395348
60,WEAgent10,MALE_OLD,61,2603.0,61,2602.9999999999973
60,WFAgent12,MALE_LOW_INCOME,85,3631.0,85,3630.7803009575864
60,WEAgent11,YOUNG_HIGH_INCOME,18,773.0,18,768.0983606557378
60,WFAgent11,FEMALE_HIGH_INCOME,15,663.0,15,645.0
60,WEAgent7,MALE_LOW_INCOME,85,3631.0,85,3629.3023255813905
60,WFAgent10,FEMALE_HIGH_INCOME,15,663.0,15,645.0
60,WEAgent8,MALE_YOUNG_LOW_INCOME,43,1836.0,42,1793.3023255813962
60,WEAgent1,MALE_YOUNG_HIGH_INCOME,12,517.0,12,512.0655737704918
60,WEAgent2,FEMALE_OLD,65,2808.0,363,810.7704918032788
60,WEAgent0,MALE_OLD,61,2603.0,626,2261.622950819671
60,WEAgent5,OLD_HIGH_INCOME,28,1215.0,28,1194.8196721311476
60,WEAgent6,MALE_YOUNG_HIGH_INCOME,12,517.0,12,512.0655737704918
60,WEAgent3,FEMALE_YOUNG,52,2236.0,95,1877.5737704918035
60,WEAgent4,FEMALE_YOUNG,52,2236.0,52,2218.9508196721304
60,WFAgent0,OLD_HIGH_INCOME,28,1215.0,28,1194.8196721311476
60,WFAgent1,MALE_YOUNG_HIGH_INCOME,12,517.0,12,512.0655737704918
60,WFAgent2,MALE_LOW_INCOME,85,3631.0,85,3630.9999999999936
60,WFAgent3,FEMALE_HIGH_INCOME,15,663.0,15,645.0
60,WFAgent4,OLD_LOW_INCOME,98,4196.0,0,0.0
60,WFAgent5,FEMALE_OLD_HIGH_INCOME,9,407.0,9,390.5357142857144
61,WFAgent6,YOUNG_LOW_INCOME,89,3816.0,0,0.0
61,WFAgent7,FEMALE_LOW_INCOME,102,4381.0,102,4370.727040816319
61,WFAgent8,YOUNG_LOW_INCOME,89,3816.0,89,3800.0930232558085
61,WFAgent9,FEMALE_YOUNG,52,2236.0,52,2218.6666666666674
61,WEAgent16,MALE_HIGH_INCOME,31,1325.0,519,1109.4754098360656
61,WEAgent17,FEMALE_OLD_LOW_INCOME,56,2401.0,56,2401.0
61,WEAgent14,YOUNG_HIGH_INCOME,18,773.0,18,767.9999999999998
61,WEAgent15,MALE_LOW_INCOME,85,3631.0,85,3629.3023255813905
61,WEAgent12,MALE_OLD_LOW_INCOME,42,1795.0,42,1793.3023255813962
61,WEAgent13,FEMALE_LOW_INCOME,102,4381.0,102,4355.16279069767
61,WFAgent13,YOUNG_HIGH_INCOME,18,773.0,147,554.6666666666666
61,WEAgent9,MALE_HIGH_INCOME,31,1325.0,31,1322.8360655737706
61,WEAgent10,OLD_LOW_INCOME,98,4196.0,1561,3373.1162790697636
61,WFAgent12,MALE_YOUNG_HIGH_INCOME,12,517.0,12,512.0655737704918
61,WEAgent11,OLD_HIGH_INCOME,28,1215.0,384,298.7049180327869
61,WFAgent11,FEMALE_OLD_HIGH_INCOME,9,407.0,9,384.0491803278689
61,WEAgent7,FEMALE_LOW_INCOME,102,4381.0,102,4355.16279069767
61,WFAgent10,MALE_HIGH_INCOME,31,1325.0,0,0.0
61,WEAgent8,FEMALE_YOUNG_HIGH_INCOME,6,256.0,6,255.99999999999997
61,WEAgent1,FEMALE_LOW_INCOME,102,4381.0,1491,4269.76744186046
61,WEAgent2,FEMALE_OLD_HIGH_INCOME,9,407.0,9,384.0491803278689
61,WEAgent0,MALE_LOW_INCOME,85,3631.0,85,3629.3023255813905
61,WEAgent5,FEMALE_YOUNG_HIGH_INCOME,6,256.0,6,255.99999999999997
61,WEAgent6,FEMALE_LOW_INCOME,102,4381.0,102,4355.16279069767
61,WEAgent3,FEMALE_OLD_HIGH_INCOME,9,407.0,9,384.0491803278689
61,WEAgent4,FEMALE_OLD_LOW_INCOME,56,2401.0,56,2401.0
61,WFAgent0,MALE_YOUNG_LOW_INCOME,43,1836.0,1864,0.0
61,WFAgent1,FEMALE_YOUNG_LOW_INCOME,46,1980.0,46,1972.314606741574
61,WFAgent2,FEMALE_OLD_LOW_INCOME,56,2401.0,2161,0.0
61,WFAgent3,MALE_OLD,61,2603.0,0,0.0
61,WFAgent4,FEMALE_OLD_LOW_INCOME,56,2401.0,56,2401.0
61,WFAgent5,FEMALE_HIGH_INCOME,15,663.0,15,644.1666666666667
62,WFAgent6,FEMALE_LOW_INCOME,102,4381.0,102,4373.25
62,WFAgent7,MALE_OLD_HIGH_INCOME,18,808.0,18,768.0983606557378
62,WFAgent8,MALE_YOUNG,55,2353.0,54,2310.218181818182
62,WFAgent9,MALE_YOUNG,55,2353.0,55,2351.4643815201166
62,WEAgent16,MALE_OLD_HIGH_INCOME,18,808.0,18,768.0983606557378
62,WEAgent17,MALE_OLD_HIGH_INCOME,18,808.0,18,768.0983606557378
62,WEAgent14,FEMALE_OLD_LOW_INCOME,56,2401.0,56,2401.0
62,WEAgent15,YOUNG_HIGH_INCOME,18,773.0,18,768.0983606557378
62,WEAgent12,MALE_OLD_LOW_INCOME,42,1795.0,42,1793.3023255813962
62,WEAgent13,FEMALE_YOUNG,52,2236.0,127,725.4262295081968
62,WFAgent13,FEMALE_OLD_HIGH_INCOME,9,407.0,9,384.0491803278689
62,WEAgent9,MALE_OLD,61,2603.0,715,1066.8032786885246
62,WEAgent10,OLD_HIGH_INCOME,28,1215.0,28,1194.8196721311476
62,WFAgent12,FEMALE_HIGH_INCOME,15,663.0,14,618.8000000000001
62,WEAgent11,FEMALE_OLD_LOW_INCOME,56,2401.0,56,2401.0
62,WFAgent11,YOUNG_LOW_INCOME,89,3816.0,0,0.0
62,WEAgent7,MALE_HIGH_INCOME,31,1325.0,371,0.0
62,WFAgent10,FEMALE_YOUNG,52,2236.0,52,2223.0355191256826
62,WEAgent8,FEMALE_LOW_INCOME,102,4381.0,2063,0.0
62,WEAgent1,FEMALE_OLD,65,2808.0,296,2560.3278688524565
62,WEAgent2,MALE_YOUNG_LOW_INCOME,43,1836.0,1805,1665.209302325582
62,WEAgent0,FEMALE_OLD_LOW_INCOME,56,2401.0,56,2401.0
62,WEAgent5,MALE_YOUNG_LOW_INCOME,43,1836.0,42,1793.3023255813962
62,WEAgent6,MALE_LOW_INCOME,85,3631.0,85,3629.3023255813905
62,WEAgent3,FEMALE_OLD,65,2808.0,65,2773.6885245901603
62,WEAgent4,OLD_LOW_INCOME,98,4196.0,1646,2903.441860465114
62,WFAgent0,YOUNG_HIGH_INCOME,18,773.0,0,0.0
62,WFAgent1,YOUNG_HIGH_INCOME,18,773.0,17,730.0555555555557
62,WFAgent2,FEMALE_HIGH_INCOME,15,663.0,15,655.4666666666667
62,WFAgent3,MALE_YOUNG,55,2353.0,54,2310.218181818182
62,WFAgent4,FEMALE_OLD_LOW_INCOME,56,2401.0,56,2401.0
62,WFAgent5,FEMALE_LOW_INCOME,102,4381.0,2047,2529.625
63,WFAgent6,FEMALE_HIGH_INCOME,15,663.0,15,657.9777777777778
63,WFAgent7,FEMALE_OLD_HIGH_INCOME,9,407.0,9,388.79999999999995
63,WFAgent8,FEMALE_OLD,65,2808.0,65,2802.666666666665
63,WFAgent9,YOUNG_HIGH_INCOME,18,773.0,18,772.1666666666666
63,WEAgent16,FEMALE_LOW_INCOME,102,4381.0,102,4373.25
63,WEAgent17,FEMALE_OLD,65,2808.0,177,2176.000000000001
63,WEAgent14,MALE_HIGH_INCOME,31,1325.0,31,1322.8360655737706
63,WEAgent15,FEMALE_HIGH_INCOME,15,663.0,15,639.9999999999999
63,WEAgent12,FEMALE_LOW_INCOME,102,4381.0,1540,4244.625
63,WEAgent13,FEMALE_LOW_INCOME,102,4381.0,102,4373.25
63,WFAgent13,YOUNG_HIGH_INCOME,18,773.0,17,730.0555555555557
63,WEAgent9,MALE_YOUNG,55,2353.0,429,2176.2786885245896
63,WEAgent10,FEMALE_OLD,65,2808.0,65,2773.333333333332
63,WFAgent12,MALE_OLD,61,2603.0,1675,0.0
63,WEAgent11,OLD_HIGH_INCOME,28,1215.0,28,1194.6666666666665
63,WFAgent11,FEMALE_HIGH_INCOME,15,663.0,14,618.8000000000001
63,WEAgent7,MALE_YOUNG,55,2353.0,55,2346.9672131147527
63,WFAgent10,FEMALE_YOUNG_HIGH_INCOME,6,256.0,6,255.99999999999997
63,WEAgent8,YOUNG_LOW_INCOME,89,3816.0,89,3815.875
63,WEAgent1,FEMALE_OLD_LOW_INCOME,56,2401.0,2276,0.0
63,WEAgent2,MALE_YOUNG_HIGH_INCOME,12,517.0,12,512.0655737704918
63,WEAgent0,MALE_OLD,61,2603.0,775,0.0
63,WEAgent5,MALE_LOW_INCOME,85,3631.0,85,3627.1311475409757
63,WEAgent6,YOUNG_LOW_INCOME,89,3816.0,89,3815.875
63,WEAgent3,MALE_YOUNG_HIGH_INCOME,12,517.0,12,512.0655737704918
63,WEAgent4,FEMALE_YOUNG,52,2236.0,192,1023.9999999999995
63,WFAgent0,MALE_YOUNG_HIGH_INCOME,12,517.0,12,512.0655737704918
63,WFAgent1,OLD_HIGH_INCOME,28,1215.0,28,1194.8196721311476
63,WFAgent2,FEMALE_OLD,65,2808.0,65,2807.999999999998
63,WFAgent3,FEMALE_LOW_INCOME,102,4381.0,102,4373.25
63,WFAgent4,FEMALE_YOUNG_HIGH_INCOME,6,256.0,0,0.0
63,WFAgent5,FEMALE_YOUNG_LOW_INCOME,46,1980.0,46,1972.25
64,WFAgent6,FEMALE_HIGH_INCOME,15,663.0,15,645.0
64,WFAgent7,FEMALE_OLD,65,2808.0,0,0.0
64,WFAgent8,OLD_HIGH_INCOME,28,1215.0,758,0.0
64,WFAgent9,MALE_YOUNG_LOW_INCOME,43,1836.0,0,0.0
64,WEAgent16,FEMALE_YOUNG_LOW_INCOME,46,1980.0,46,1964.093023255815
64,WEAgent17,MALE_YOUNG_HIGH_INCOME,12,517.0,511,0.0
64,WEAgent14,YOUNG_HIGH_INCOME,18,773.0,18,767.9999999999998
64,WEAgent15,YOUNG_HIGH_INCOME,18,773.0,18,767.9999999999998
64,WEAgent12,FEMALE_YOUNG_LOW_INCOME,46,1980.0,46,1964.093023255815
64,WEAgent13,FEMALE_HIGH_INCOME,15,663.0,15,639.9999999999999
64,WFAgent13,FEMALE_YOUNG_LOW_INCOME,46,1980.0,46,1964.093023255815
64,WEAgent9,MALE_LOW_INCOME,85,3631.0,1703,2561.860465116278
64,WEAgent10,FEMALE_OLD_LOW_INCOME,56,2401.0,56,2401.0
64,WFAgent12,FEMALE_YOUNG,52,2236.0,52,2234.9999999999995
64,WEAgent11,MALE_YOUNG_LOW_INCOME,43,1836.0,1794,1707.9069767441867
64,WFAgent11,FEMALE_YOUNG_LOW_INCOME,46,1980.0,46,1979.999999999998
64,WEAgent7,FEMALE_YOUNG,52,2236.0,80,1237.3333333333333
64,WFAgent10,FEMALE_OLD_HIGH_INCOME,9,407.0,377,0.0
64,WEAgent8,MALE_OLD,61,2603.0,61,2602.9999999999973
64,WEAgent1,MALE_OLD_LOW_INCOME,42,1795.0,42,1793.3023255813962
64,WEAgent2,YOUNG_LOW_INCOME,89,3816.0,1763,2177.5813953488378
64,WEAgent0,MALE_OLD_LOW_INCOME,42,1795.0,42,1793.3023255813962
64,WEAgent5,FEMALE_OLD_LOW_INCOME,56,2401.0,56,2401.0
64,WEAgent6,MALE_YOUNG_LOW_INCOME,43,1836.0,42,1793.3023255813962
64,WEAgent3,MALE_YOUNG_LOW_INCOME,43,1836.0,42,1793.3023255813962
64,WEAgent4,FEMALE_OLD_LOW_INCOME,56,2401.0,2070,2015.125
64,WFAgent0,FEMALE_LOW_INCOME,102,4381.0,102,4380.316176470591
64,WFAgent1,YOUNG_LOW_INCOME,89,3816.0,0,0.0
64,WFAgent2,FEMALE_YOUNG_LOW_INCOME,46,1980.0,46,1979.913043478259
64,WFAgent3,FEMALE_LOW_INCOME,102,4381.0,101,4338.0490196078445
64,WFAgent4,FEMALE_YOUNG,52,2236.0,52,2236.0
64,WFAgent5,FEMALE_YOUNG_HIGH_INCOME,6,256.0,0,0.0
65,WFAgent6,FEMALE_YOUNG,52,2236.0,52,2218.9508196721304
65,WFAgent7,FEMALE_YOUNG_LOW_INCOME,46,1980.0,46,1978.0
65,WFAgent8,OLD_HIGH_INCOME,28,1215.0,28,1194.8196721311476
65,WFAgent9,MALE_LOW_INCOME,85,3631.0,1360,0.0
65,WEAgent16,MALE_YOUNG_LOW_INCOME,43,1836.0,1830,0.0
65,WEAgent17,FEMALE_OLD,65,2808.0,410,0.0
65,WEAgent14,FEMALE_LOW_INCOME,102,4381.0,102,4355.16279069767
65,WEAgent15,FEMALE_HIGH_INCOME,15,663.0,15,640.0819672131148
65,WEAgent12,FEMALE_OLD_LOW_INCOME,56,2401.0,56,2401.0
65,WEAgent13,YOUNG_HIGH_INCOME,18,773.0,18,768.0983606557378
65,WFAgent13,FEMALE_LOW_INCOME,102,4381.0,102,4370.844387755094
65,WEAgent9,MALE_OLD,61,2603.0,758,2517.6557377049157
65,WEAgent10,OLD_LOW_INCOME,98,4196.0,98,4184.37209302325
65,WFAgent12,FEMALE_YOUNG_LOW_INCOME,46,1980.0,46,1964.093023255815
65,WEAgent11,FEMALE_YOUNG,52,2236.0,165,725.4262295081968
65,WFAgent11,MALE_HIGH_INCOME,31,1325.0,522,0.0
65,WEAgent7,FEMALE_OLD_LOW_INCOME,56,2401.0,56,2401.0
65,WFAgent10,FEMALE_OLD_LOW_INCOME,56,2401.0,56,2401.0
65,WEAgent8,OLD_LOW_INCOME,98,4196.0,98,4184.065573770486
65,WEAgent1,MALE_LOW_INCOME,85,3631.0,85,3629.3023255813905
65,WEAgent2,MALE_OLD,61,2603.0,61,2602.9999999999973
65,WEAgent0,FEMALE_LOW_INCOME,102,4381.0,102,4355.16279069767
65,WEAgent5,YOUNG_LOW_INCOME,89,3816.0,89,3800.0930232558085
65,WEAgent6,MALE_OLD_HIGH_INCOME,18,808.0,18,768.0983606557378
65,WEAgent3,MALE_OLD_LOW_INCOME,42,1795.0,42,1793.3023255813962
65,WEAgent4,FEMALE_LOW_INCOME,102,4381.0,1632,4312.465116279065
65,WFAgent0,MALE_OLD_LOW_INCOME,42,1795.0,42,1793.3023255813962
65,WFAgent1,FEMALE_OLD_HIGH_INCOME,9,407.0,9,407.0
65,WFAgent2,OLD_LOW_INCOME,98,4196.0,2037,0.0
65,WFAgent3,FEMALE_OLD_LOW_INCOME,56,2401.0,56,2401.0
65,WFAgent4,FEMALE_OLD_HIGH_INCOME,9,407.0,9,399.3497267759563
65,WFAgent5,YOUNG_HIGH_INCOME,18,773.0,0,0.0
66,WFAgent6,FEMALE_OLD,65,2808.0,0,0.0
66,WFAgent7,MALE_OLD_LOW_INCOME,42,1795.0,42,1793.3023255813962
66,WFAgent8,YOUNG_HIGH_INCOME,18,773.0,17,730.0555555555557
66,WFAgent9,MALE_LOW_INCOME,85,3631.0,0,0.0
66,WEAgent16,FEMALE_OLD_HIGH_INCOME,9,407.0,9,385.875
66,WEAgent17,YOUNG_HIGH_INCOME,18,773.0,122,767.9999999999998
66,WEAgent14,MALE_OLD_LOW_INCOME,42,1795.0,42,1793.3023255813962
66,WEAgent15,OLD_LOW_INCOME,98,4196.0,1596,2775.3488372093007
66,WEAgent12,FEMALE_OLD,65,2808.0,65,2786.875
66,WEAgent13,MALE_LOW_INCOME,85,3631.0,85,3629.3023255813905
66,WFAgent13,MALE_YOUNG_LOW_INCOME,43,1836.0,0,0.0
66,WEAgent9,FEMALE_LOW_INCOME,102,4381.0,102,4355.16279069767
66,WEAgent10,FEMALE_OLD_LOW_INCOME,56,2401.0,56,2397.7142857142853
66,WFAgent12,FEMALE_YOUNG_LOW_INCOME,46,1980.0,46,1964.093023255815
66,WEAgent11,YOUNG_LOW_INCOME,89,3816.0,89,3800.0930232558085
66,WFAgent11,YOUNG_HIGH_INCOME,18,773.0,17,730.0555555555557
66,WEAgent7,YOUNG_HIGH_INCOME,18,773.0,18,767.9999999999998
66,WFAgent10,FEMALE_LOW_INCOME,102,4381.0,102,4373.25
66,WEAgent8,MALE_OLD_HIGH_INCOME,18,808.0,17,763.1111111111113
66,WEAgent1,MALE_OLD_HIGH_INCOME,18,808.0,753,628.4444444444446
66,WEAgent2,FEMALE_LOW_INCOME,102,4381.0,1693,4184.37209302325
66,WEAgent0,FEMALE_OLD,65,2808.0,270,2401.0
66,WEAgent5,MALE_YOUNG_LOW_INCOME,43,1836.0,1932,0.0
66,WEAgent6,FEMALE_LOW_INCOME,102,4381.0,102,4355.16279069767
66,WEAgent3,FEMALE_OLD_HIGH_INCOME,9,407.0,9,385.875
66,WEAgent4,FEMALE_YOUNG_HIGH_INCOME,6,256.0,6,255.99999999999997
66,WFAgent0,MALE_YOUNG_HIGH_INCOME,12,517.0,502,0.0
66,WFAgent1,FEMALE_OLD_LOW_INCOME,56,2401.0,2224,0.0
66,WFAgent2,FEMALE_YOUNG,52,2236.0,52,2223.9444444444457
66,WFAgent3,MALE_OLD_HIGH_INCOME,18,808.0,17,763.1111111111113
66,WFAgent4,FEMALE_OLD_HIGH_INCOME,9,407.0,9,385.875
66,WFAgent5,FEMALE_YOUNG_HIGH_INCOME,6,256.0,6,255.99999999999997
67,WFAgent6,FEMALE_YOUNG_HIGH_INCOME,6,256.0,6,255.99999999999997
67,WFAgent7,FEMALE_OLD_HIGH_INCOME,9,407.0,9,385.875
67,WFAgent8,OLD_LOW_INCOME,98,4196.0,0,0.0
67,WFAgent9,MALE_OLD,61,2603.0,61,2602.9999999999973
67,WEAgent16,FEMALE_HIGH_INCOME,15,663.0,15,639.9999999999999
67,WEAgent17,FEMALE_LOW_INCOME,102,4381.0,1565,3330.418604651159
67,WEAgent14,MALE_YOUNG_LOW_INCOME,43,1836.0,1760,1707.9069767441867
67,WEAgent15,FEMALE_YOUNG_LOW_INCOME,46,1980.0,46,1964.093023255815
67,WEAgent12,FEMALE_HIGH_INCOME,15,663.0,15,639.9999999999999
67,WEAgent13,FEMALE_OLD_HIGH_INCOME,9,407.0,9,385.875
67,WFAgent13,MALE_OLD,61,2603.0,1457,2560.3278688524565
67,WEAgent9,YOUNG_LOW_INCOME,89,3816.0,89,3800.0930232558085
67,WEAgent10,FEMALE_OLD_HIGH_INCOME,9,407.0,9,385.875
67,WFAgent12,MALE_OLD,61,2603.0,61,2602.9999999999973
67,WEAgent11,FEMALE_LOW_INCOME,102,4381.0,102,4355.16279069767
67,WFAgent11,YOUNG_HIGH_INCOME,18,773.0,18,767.9999999999998
67,WEAgent7,FEMALE_OLD_LOW_INCOME,56,2401.0,56,2401.0
67,WFAgent10,MALE_OLD_LOW_INCOME,42,1795.0,42,1794.9999999999984
67,WEAgent8,MALE_LOW_INCOME,85,3631.0,85,3627.1311475409757
67,WEAgent1,FEMALE_OLD_LOW_INCOME,56,2401.0,56,2401.0
67,WEAgent2,FEMALE_YOUNG,52,2236.0,195,426.6666666666667
67,WEAgent0,MALE_OLD_HIGH_INCOME,18,808.0,801,0.0
67,WEAgent5,MALE_YOUNG_LOW_INCOME,43,1836.0,42,1793.3023255813962
67,WEAgent6,FEMALE_OLD,65,2808.0,399,686.0
67,WEAgent3,FEMALE_YOUNG_HIGH_INCOME,6,256.0,6,255.99999999999997
67,WEAgent4,FEMALE_LOW_INCOME,102,4381.0,102,4355.16279069767
67,WFAgent0,MALE_OLD_LOW_INCOME,42,1795.0,42,1793.3023255813962
67,WFAgent1,FEMALE_OLD_LOW_INCOME,56,2401.0,2299,1800.75
67,WFAgent2,MALE_YOUNG_HIGH_INCOME,12,517.0,522,0.0
67,WFAgent3,YOUNG_LOW_INCOME,89,3816.0,89,3800.0930232558085
67,WFAgent4,YOUNG_HIGH_INCOME,18,773.0,0,0.0
67,WFAgent5,MALE_OLD_LOW_INCOME,42,1795.0,42,1794.9591036414552
68,WFAgent6,FEMALE_OLD_HIGH_INCOME,9,407.0,9,384.0491803278689
68,WFAgent7,FEMALE_OLD,65,2808.0,0,0.0
68,WFAgent8,FEMALE_YOUNG_HIGH_INCOME,6,256.0,0,0.0
68,WFAgent9,FEMALE_YOUNG_HIGH_INCOME,6,256.0,6,255.99999999999997
68,WEAgent16,MALE_YOUNG_HIGH_INCOME,12,517.0,12,512.0655737704918
68,WEAgent17,MALE_YOUNG,55,2353.0,55,2346.9672131147527
68,WEAgent14,FEMALE_OLD_HIGH_INCOME,9,407.0,9,384.0491803278689
68,WEAgent15,MALE_LOW_INCOME,85,3631.0,1844,3031.5348837209276
68,WEAgent12,MALE_YOUNG,55,2353.0,231,2176.2786885245896
68,WEAgent13,OLD_HIGH_INCOME,28,1215.0,28,1194.8196721311476
68,WFAgent13,FEMALE_OLD_LOW_INCOME,56,2401.0,56,2401.0
68,WEAgent9,YOUNG_HIGH_INCOME,18,773.0,18,767.9999999999998
68,WEAgent10,MALE_OLD_LOW_INCOME,42,1795.0,42,1794.6728291316524
68,WFAgent12,MALE_YOUNG,55,2353.0,55,2346.9672131147527
68,WEAgent11,FEMALE_OLD,65,2808.0,327,1749.5573770491806
68,WFAgent11,MALE_YOUNG_HIGH_INCOME,12,517.0,12,513.3818181818181
68,WEAgent7,MALE_YOUNG,55,2353.0,55,2346.9672131147527
68,WFAgent10,FEMALE_YOUNG_HIGH_INCOME,6,256.0,6,255.99999999999997
68,WEAgent8,FEMALE_OLD_LOW_INCOME,56,2401.0,56,2401.0
68,WEAgent1,MALE_YOUNG_LOW_INCOME,43,1836.0,42,1793.3023255813962
68,WEAgent2,FEMALE_YOUNG_HIGH_INCOME,6,256.0,6,255.99999999999997
68,WEAgent0,MALE_YOUNG,55,2353.0,55,2346.9672131147527
68,WEAgent5,MALE_OLD_LOW_INCOME,42,1795.0,42,1794.9999999999984
68,WEAgent6,MALE_HIGH_INCOME,31,1325.0,31,1322.8360655737706
68,WEAgent3,MALE_OLD_LOW_INCOME,42,1795.0,42,1794.9999999999984
68,WEAgent4,YOUNG_HIGH_INCOME,18,773.0,18,767.9999999999998
68,WFAgent0,FEMALE_YOUNG,52,2236.0,1877,0.0
68,WFAgent1,YOUNG_LOW_INCOME,89,3816.0,0,0.0
68,WFAgent2,FEMALE_OLD_LOW_INCOME,56,2401.0,2332,1886.5
68,WFAgent3,MALE_LOW_INCOME,85,3631.0,1731,0.0
68,WFAgent4,MALE_OLD,61,2603.0,0,0.0
68,WFAgent5,YOUNG_HIGH_INCOME,18,773.0,179,725.3333333333331
69,WFAgent6,FEMALE_OLD_HIGH_INCOME,9,407.0,9,394.74426229508197
69,WFAgent7,MALE_OLD,61,2603.0,0,0.0
69,WFAgent8,FEMALE_LOW_INCOME,102,4381.0,2126,2272.375
69,WFAgent9,FEMALE_YOUNG_LOW_INCOME,46,1980.0,46,1979.999999999998
69,WEAgent16,FEMALE_YOUNG,52,2236.0,52,2218.9508196721304
69,WEAgent17,MALE_YOUNG,55,2353.0,495,1408.1803278688526
69,WEAgent14,YOUNG_HIGH_INCOME,18,773.0,18,768.0983606557378
69,WEAgent15,MALE_OLD_HIGH_INCOME,18,808.0,18,768.0983606557378
69,WEAgent12,MALE_YOUNG_HIGH_INCOME,12,517.0,12,512.0655737704918
69,WEAgent13,FEMALE_YOUNG,52,2236.0,144,2133.606557377049
69,WFAgent13,FEMALE_OLD_HIGH_INCOME,9,407.0,9,397.79999999999995
69,WEAgent9,MALE_LOW_INCOME,85,3631.0,1688,0.0
69,WEAgent10,FEMALE_OLD_LOW_INCOME,56,2401.0,56,2401.0
69,WFAgent12,MALE_OLD_LOW_INCOME,42,1795.0,42,1794.9999999999984
69,WEAgent11,FEMALE_YOUNG_LOW_INCOME,46,1980.0,46,1964.093023255815
69,WFAgent11,FEMALE_YOUNG,52,2236.0,52,2218.9508196721304
69,WEAgent7,YOUNG_LOW_INCOME,89,3816.0,89,3800.0930232558085
69,WFAgent10,FEMALE_LOW_INCOME,102,4381.0,102,4373.25
69,WEAgent8,FEMALE_OLD_LOW_INCOME,56,2401.0,56,2401.0
69,WEAgent1,MALE_OLD_HIGH_INCOME,18,808.0,793,640.0819672131148
69,WEAgent2,MALE_HIGH_INCOME,31,1325.0,31,1322.8360655737706
69,WEAgent0,FEMALE_LOW_INCOME,102,4381.0,102,4355.16279069767
69,WEAgent5,MALE_YOUNG_LOW_INCOME,43,1836.0,1806,0.0
69,WEAgent6,YOUNG_LOW_INCOME,89,3816.0,1614,3714.6976744185995
69,WEAgent3,MALE_OLD_HIGH_INCOME,18,808.0,18,768.0983606557378
69,WEAgent4,FEMALE_OLD,65,2808.0,390,0.0
69,WFAgent0,OLD_HIGH_INCOME,28,1215.0,28,1194.8196721311476
69,WFAgent1,MALE_YOUNG,55,2353.0,55,2348.3720930232557
69,WFAgent2,FEMALE_YOUNG_LOW_INCOME,46,1980.0,46,1975.158746208291
69,WFAgent3,MALE_HIGH_INCOME,31,1325.0,0,0.0
69,WFAgent4,FEMALE_HIGH_INCOME,15,663.0,15,644.1666666666667
69,WFAgent5,MALE_OLD_LOW_INCOME,42,1795.0,42,1794.9999999999984
70,WFAgent6,YOUNG_HIGH_INCOME,18,773.0,0,0.0
70,WFAgent7,FEMALE_OLD_LOW_INCOME,56,2401.0,0,0.0
70,WFAgent8,MALE_OLD,61,2603.0,1725,0.0
70,WFAgent9,MALE_OLD_HIGH_INCOME,18,808.0,18,768.0983606557378
70,WEAgent16,FEMALE_LOW_INCOME,102,4381.0,102,4355.16279069767
70,WEAgent17,YOUNG_LOW_INCOME,89,3816.0,89,3800.0930232558085
70,WEAgent14,MALE_OLD_LOW_INCOME,42,1795.0,42,1793.3023255813962
70,WEAgent15,MALE_YOUNG,55,2353.0,290,2261.622950819671
70,WEAgent12,FEMALE_OLD_LOW_INCOME,56,2401.0,2345,2058.0
70,WEAgent13,YOUNG_HIGH_INCOME,18,773.0,18,768.0983606557378
70,WFAgent13,FEMALE_HIGH_INCOME,15,663.0,394,0.0
70,WEAgent9,MALE_YOUNG_HIGH_INCOME,12,517.0,12,512.0655737704918
70,WEAgent10,MALE_HIGH_INCOME,31,1325.0,31,1322.8360655737706
70,WFAgent12,FEMALE_YOUNG_LOW_INCOME,46,1980.0,46,1972.314606741574
70,WEAgent11,FEMALE_YOUNG,52,2236.0,160,554.7377049180328
70,WFAgent11,YOUNG_LOW_INCOME,89,3816.0,89,3800.0930232558085
70,WEAgent7,MALE_YOUNG,55,2353.0,55,2346.9672131147527
70,WFAgent10,MALE_YOUNG_HIGH_INCOME,12,517.0,12,516.9999999999999
70,WEAgent8,MALE_OLD_HIGH_INCOME,18,808.0,18,768.0983606557378
70,WEAgent1,MALE_YOUNG_LOW_INCOME,43,1836.0,1821,0.0
70,WEAgent2,FEMALE_OLD_LOW_INCOME,56,2401.0,56,2401.0
70,WEAgent0,MALE_YOUNG,55,2353.0,55,2346.9672131147527
70,WEAgent5,MALE_OLD,61,2603.0,705,1109.4754098360656
70,WEAgent6,FEMALE_LOW_INCOME,102,4381.0,1652,3287.7209302325546
70,WEAgent3,MALE_LOW_INCOME,85,3631.0,85,3628.1017918413954
70,WEAgent4,MALE_OLD_HIGH_INCOME,18,808.0,18,768.0983606557378
70,WFAgent0,MALE_YOUNG_LOW_INCOME,43,1836.0,0,0.0
70,WFAgent1,MALE_YOUNG,55,2353.0,55,2348.3720930232557
70,WFAgent2,MALE_HIGH_INCOME,31,1325.0,31,1322.8360655737706
70,WFAgent3,MALE_YOUNG_HIGH_INCOME,12,517.0,12,516.9999999999999
70,WFAgent4,FEMALE_YOUNG,52,2236.0,52,2218.9508196721304
70,WFAgent5,MALE_YOUNG_HIGH_INCOME,12,517.0,12,516.9999999999999
71,WFAgent6,FEMALE_HIGH_INCOME,15,663.0,15,658.3999999999999
71,WFAgent7,FEMALE_HIGH_INCOME,15,663.0,14,618.8000000000001
71,WFAgent8,MALE_LOW_INCOME,85,3631.0,1612,0.0
71,WFAgent9,MALE_YOUNG_HIGH_INCOME,12,517.0,12,512.0655737704918
71,WEAgent16,FEMALE_YOUNG_LOW_INCOME,46,1980.0,46,1972.25
71,WEAgent17,YOUNG_LOW_INCOME,89,3816.0,89,3800.0930232558085
71,WEAgent14,FEMALE_OLD_HIGH_INCOME,9,407.0,9,384.0491803278689
71,WEAgent15,FEMALE_LOW_INCOME,102,4381.0,1721,2658.25
71,WEAgent12,OLD_LOW_INCOME,98,4196.0,98,4186.983753501391
71,WEAgent13,MALE_LOW_INCOME,85,3631.0,85,3629.3023255813905
71,WFAgent13,FEMALE_YOUNG_HIGH_INCOME,6,256.0,0,0.0
71,WEAgent9,MALE_HIGH_INCOME,31,1325.0,488,0.0
71,WEAgent10,MALE_YOUNG_LOW_INCOME,43,1836.0,42,1793.3023255813962
71,WFAgent12,OLD_LOW_INCOME,98,4196.0,0,0.0
71,WEAgent11,MALE_OLD,61,2603.0,746,554.7377049180328
71,WFAgent11,MALE_OLD_HIGH_INCOME,18,808.0,18,781.0714285714286
71,WEAgent7,FEMALE_OLD,65,2808.0,347,256.0327868852459
71,WFAgent10,YOUNG_HIGH_INCOME,18,773.0,219,384.0
71,WEAgent8,FEMALE_HIGH_INCOME,15,663.0,15,639.9999999999999
71,WEAgent1,MALE_OLD_LOW_INCOME,42,1795.0,42,1794.9999999999984
71,WEAgent2,FEMALE_OLD_LOW_INCOME,56,2401.0,2394,0.0
71,WEAgent0,FEMALE_YOUNG_LOW_INCOME,46,1980.0,46,1972.25
71,WEAgent5,YOUNG_LOW_INCOME,89,3816.0,1581,3800.0930232558085
71,WEAgent6,MALE_OLD_HIGH_INCOME,18,808.0,18,768.0983606557378
71,WEAgent3,FEMALE_YOUNG_LOW_INCOME,46,1980.0,46,1972.25
71,WEAgent4,MALE_YOUNG_LOW_INCOME,43,1836.0,42,1793.3023255813962
71,WFAgent0,MALE_OLD_HIGH_INCOME,18,808.0,18,777.1658986175117
71,WFAgent1,MALE_YOUNG,55,2353.0,55,2348.3720930232557
71,WFAgent2,FEMALE_YOUNG_HIGH_INCOME,6,256.0,0,0.0
71,WFAgent3,FEMALE_OLD,65,2808.0,65,2773.6885245901603
71,WFAgent4,OLD_HIGH_INCOME,28,1215.0,28,1194.8196721311476
71,WFAgent5,YOUNG_LOW_INCOME,89,3816.0,89,3815.875
72,WFAgent6,FEMALE_YOUNG_LOW_INCOME,46,1980.0,46,1972.25
72,WFAgent7,MALE_OLD_LOW_INCOME,42,1795.0,42,1793.3023255813962
72,WFAgent8,OLD_HIGH_INCOME,28,1215.0,28,1194.8196721311476
72,WFAgent9,FEMALE_OLD_HIGH_INCOME,9,407.0,9,390.5357142857144
72,WEAgent16,OLD_HIGH_INCOME,28,1215.0,288,938.7868852459018
72,WEAgent17,YOUNG_HIGH_INCOME,18,773.0,18,768.0983606557378
72,WEAgent14,OLD_HIGH_INCOME,28,1215.0,28,1194.8196721311476
72,WEAgent15,FEMALE_LOW_INCOME,102,4381.0,1939,0.0
72,WEAgent12,MALE_OLD_HIGH_INCOME,18,808.0,18,768.0983606557378
72,WEAgent13,MALE_YOUNG_HIGH_INCOME,12,517.0,499,512.3720930232558
72,WFAgent13,FEMALE_HIGH_INCOME,15,663.0,14,618.8000000000001
72,WEAgent9,FEMALE_OLD_HIGH_INCOME,9,407.0,9,384.0491803278689
72,WEAgent10,MALE_LOW_INCOME,85,3631.0,85,3629.3023255813905
72,WFAgent12,MALE_YOUNG_LOW_INCOME,43,1836.0,1805,0.0
72,WEAgent11,MALE_OLD,61,2603.0,752,298.7049180327869
72,WFAgent11,MALE_YOUNG,55,2353.0,0,0.0
72,WEAgent7,OLD_LOW_INCOME,98,4196.0,1571,4056.2790697674354
72,WFAgent10,FEMALE_LOW_INCOME,102,4381.0,102,4373.25
72,WEAgent8,FEMALE_HIGH_INCOME,15,663.0,15,640.0819672131148
72,WEAgent1,FEMALE_YOUNG,52,2236.0,166,512.0655737704918
72,WEAgent2,MALE_LOW_INCOME,85,3631.0,85,3629.3023255813905
72,WEAgent0,FEMALE_OLD_HIGH_INCOME,9,407.0,9,384.0491803278689
72,WEAgent5,OLD_HIGH_INCOME,28,1215.0,28,1194.8196721311476
72,WEAgent6,MALE_YOUNG_HIGH_INCOME,12,517.0,12,512.3720930232558
72,WEAgent3,FEMALE_OLD_LOW_INCOME,56,2401.0,56,2397.7142857142853
72,WEAgent4,OLD_HIGH_INCOME,28,1215.0,28,1194.8196721311476
72,WFAgent0,FEMALE_HIGH_INCOME,15,663.0,15,653.8327868852459
72,WFAgent1,MALE_YOUNG_HIGH_INCOME,12,517.0,12,512.3720930232558
72,WFAgent2,MALE_YOUNG_HIGH_INCOME,12,517.0,12,515.3333333333334
72,WFAgent3,OLD_LOW_INCOME,98,4196.0,2291,0.0
72,WFAgent4,MALE_OLD_HIGH_INCOME,18,808.0,18,768.0983606557378
72,WFAgent5,FEMALE_OLD,65,2808.0,0,0.0
73,WFAgent6,MALE_LOW_INCOME,85,3631.0,85,3630.9999999999936
73,WFAgent7,MALE_YOUNG_HIGH_INCOME,12,517.0,12,512.0655737704918
73,WFAgent8,MALE_LOW_INCOME,85,3631.0,1833,0.0
73,WFAgent9,FEMALE_YOUNG_LOW_INCOME,46,1980.0,46,1979.7225063938602
73,WEAgent16,OLD_HIGH_INCOME,28,1215.0,28,1194.8196721311476
73,WEAgent17,OLD_LOW_INCOME,98,4196.0,1507,3588.2823529411703
73,WEAgent14,FEMALE_OLD_HIGH_INCOME,9,407.0,9,384.0491803278689
73,WEAgent15,MALE_YOUNG,55,2353.0,55,2346.9672131147527
73,WEAgent12,FEMALE_YOUNG_LOW_INCOME,46,1980.0,46,1975.745098039217
73,WEAgent13,MALE_YOUNG,55,2353.0,424,2133.606557377049
73,WFAgent13,MALE_OLD_LOW_INCOME,42,1795.0,42,1794.9999999999984
73,WEAgent9,MALE_OLD_HIGH_INCOME,18,808.0,18,768.0983606557378
73,WEAgent10,FEMALE_OLD_HIGH_INCOME,9,407.0,9,384.0491803278689
73,WFAgent12,MALE_HIGH_INCOME,31,1325.0,0,0.0
73,WEAgent11,FEMALE_YOUNG,52,2236.0,157,0.0
73,WFAgent11,MALE_OLD_LOW_INCOME,42,1795.0,42,1794.6523809523808
73,WEAgent7,MALE_OLD,61,2603.0,684,2090.934426229508
73,WFAgent10,FEMALE_YOUNG_HIGH_INCOME,6,256.0,0,0.0
73,WEAgent8,MALE_OLD_LOW_INCOME,42,1795.0,42,1794.1411764705892
73,WEAgent1,FEMALE_YOUNG_LOW_INCOME,46,1980.0,46,1975.745098039217
73,WEAgent2,MALE_HIGH_INCOME,31,1325.0,31,1322.8360655737706
73,WEAgent0,MALE_YOUNG_HIGH_INCOME,12,517.0,12,512.0655737704918
73,WEAgent5,MALE_OLD,61,2603.0,61,2602.9999999999973
73,WEAgent6,FEMALE_LOW_INCOME,102,4381.0,1798,1932.7941176470601
73,WEAgent3,FEMALE_OLD,65,2808.0,340,853.4426229508198
73,WEAgent4,OLD_LOW_INCOME,98,4196.0,98,4186.329411764698
73,WFAgent0,FEMALE_YOUNG,52,2236.0,52,2233.666666666666
73,WFAgent1,MALE_OLD_HIGH_INCOME,18,808.0,18,768.0983606557378
73,WFAgent2,FEMALE_YOUNG_LOW_INCOME,46,1980.0,46,1979.999999999998
73,WFAgent3,FEMALE_OLD_HIGH_INCOME,9,407.0,9,384.0491803278689
73,WFAgent4,MALE_OLD,61,2603.0,0,0.0
73,WFAgent5,FEMALE_YOUNG,52,2236.0,52,2236.0
74,WFAgent6,FEMALE_YOUNG,52,2236.0,52,2236.0
74,WFAgent7,MALE_OLD_LOW_INCOME,42,1795.0,42,1794.1411764705892
74,WFAgent8,MALE_LOW_INCOME,85,3631.0,85,3630.4008207934285
74,WFAgent9,FEMALE_OLD_HIGH_INCOME,9,407.0,9,405.97777777777776
74,WEAgent16,MALE_LOW_INCOME,85,3631.0,85,3629.3023255813905
74,WEAgent17,MALE_YOUNG_LOW_INCOME,43,1836.0,1857,0.0
74,WEAgent14,FEMALE_HIGH_INCOME,15,663.0,15,640.4651162790697
74,WEAgent15,MALE_LOW_INCOME,85,3631.0,85,3629.3023255813905
74,WEAgent12,FEMALE_LOW_INCOME,102,4381.0,1503,3458.5116279069725
74,WEAgent13,FEMALE_LOW_INCOME,102,4381.0,102,4355.16279069767
74,WFAgent13,MALE_OLD,61,2603.0,1193,2261.622950819671
74,WEAgent9,MALE_OLD,61,2603.0,781,0.0
74,WEAgent10,FEMALE_LOW_INCOME,102,4381.0,102,4355.16279069767
74,WFAgent12,FEMALE_YOUNG,52,2236.0,52,2234.790697674418
74,WEAgent11,FEMALE_HIGH_INCOME,15,663.0,15,640.4651162790697
74,WFAgent11,FEMALE_OLD_HIGH_INCOME,9,407.0,9,407.0
74,WEAgent7,YOUNG_LOW_INCOME,89,3816.0,89,3800.0930232558085
74,WFAgent10,MALE_OLD,61,2603.0,61,2602.9999999999973
74,WEAgent8,FEMALE_OLD,65,2808.0,65,2786.875
74,WEAgent1,FEMALE_LOW_INCOME,102,4381.0,102,4355.16279069767
74,WEAgent2,YOUNG_LOW_INCOME,89,3816.0,89,3800.0930232558085
74,WEAgent0,FEMALE_YOUNG,52,2236.0,83,811.2558139534881
74,WEAgent5,MALE_LOW_INCOME,85,3631.0,85,3629.251239039263
74,WEAgent6,FEMALE_OLD,65,2808.0,298,2529.625
74,WEAgent3,MALE_LOW_INCOME,85,3631.0,85,3629.3023255813905
74,WEAgent4,OLD_LOW_INCOME,98,4196.0,98,4184.37209302325
74,WFAgent0,FEMALE_OLD_HIGH_INCOME,9,407.0,9,407.0
74,WFAgent1,MALE_YOUNG_LOW_INCOME,43,1836.0,0,0.0
74,WFAgent2,MALE_HIGH_INCOME,31,1325.0,525,0.0
74,WFAgent3,FEMALE_OLD_HIGH_INCOME,9,407.0,9,385.875
74,WFAgent4,FEMALE_LOW_INCOME,102,4381.0,102,4367.26530612244
74,WFAgent5,FEMALE_OLD_LOW_INCOME,56,2401.0,2313,0.0
75,WFAgent6,FEMALE_YOUNG_LOW_INCOME,46,1980.0,46,1979.999999999998
75,WFAgent7,MALE_OLD_HIGH_INCOME,18,808.0,18,768.0983606557378
75,WFAgent8,MALE_OLD_LOW_INCOME,42,1795.0,42,1793.3023255813962
75,WFAgent9,FEMALE_YOUNG_LOW_INCOME,46,1980.0,46,1979.652173913042
75,WEAgent16,MALE_OLD_LOW_INCOME,42,1795.0,42,1793.3023255813962
75,WEAgent17,FEMALE_YOUNG_LOW_INCOME,46,1980.0,46,1964.093023255815
75,WEAgent14,OLD_HIGH_INCOME,28,1215.0,28,1194.8196721311476
75,WEAgent15,OLD_LOW_INCOME,98,4196.0,98,4184.37209302325
75,WEAgent12,FEMALE_OLD_LOW_INCOME,56,2401.0,2262,1886.5
75,WEAgent13,MALE_OLD,61,2603.0,744,0.0
75,WFAgent13,FEMALE_YOUNG_HIGH_INCOME,6,256.0,0,0.0
75,WEAgent9,MALE_HIGH_INCOME,31,1325.0,31,1322.8360655737706
75,WEAgent10,YOUNG_LOW_INCOME,89,3816.0,89,3800.0930232558085
75,WFAgent12,FEMALE_YOUNG_LOW_INCOME,46,1980.0,46,1979.999999999998
75,WEAgent11,FEMALE_OLD,65,2808.0,282,1493.5245901639346
75,WFAgent11,MALE_LOW_INCOME,85,3631.0,1542,0.0
75,WEAgent7,FEMALE_OLD_LOW_INCOME,56,2401.0,56,2401.0
75,WFAgent10,MALE_YOUNG_HIGH_INCOME,12,517.0,12,512.0655737704918
75,WEAgent8,MALE_YOUNG_LOW_INCOME,43,1836.0,1942,0.0
75,WEAgent1,FEMALE_YOUNG,52,2236.0,173,1237.3333333333333
75,WEAgent2,MALE_YOUNG,55,2353.0,446,981.4590163934428
75,WEAgent0,FEMALE_LOW_INCOME,102,4381.0,1469,3458.5116279069725
75,WEAgent5,FEMALE_OLD_HIGH_INCOME,9,407.0,9,384.0491803278689
75,WEAgent6,OLD_LOW_INCOME,98,4196.0,98,4184.321006481123
75,WEAgent3,YOUNG_LOW_INCOME,89,3816.0,89,3800.0930232558085
75,WEAgent4,FEMALE_YOUNG_LOW_INCOME,46,1980.0,46,1964.093023255815
75,WFAgent0,FEMALE_YOUNG_LOW_INCOME,46,1980.0,46,1964.093023255815
75,WFAgent1,FEMALE_HIGH_INCOME,15,663.0,15,645.0
75,WFAgent2,YOUNG_HIGH_INCOME,18,773.0,18,767.9999999999998
75,WFAgent3,FEMALE_YOUNG,52,2236.0,52,2224.000000000001
75,WFAgent4,FEMALE_LOW_INCOME,102,4381.0,102,4373.25
75,WFAgent5,FEMALE_OLD,65,2808.0,65,2773.6885245901603
76,WFAgent6,FEMALE_LOW_INCOME,102,4381.0,102,4367.26530612244
76,WFAgent7,MALE_YOUNG_HIGH_INCOME,12,517.0,513,0.0
76,WFAgent8,FEMALE_OLD_LOW_INCOME,56,2401.0,2365,0.0
76,WFAgent9,MALE_OLD,61,2603.0,0,0.0
76,WEAgent16,FEMALE_OLD,65,2808.0,415,256.0327868852459
76,WEAgent17,MALE_OLD_LOW_INCOME,42,1795.0,42,1794.9999999999984
76,WEAgent14,FEMALE_YOUNG_LOW_INCOME,46,1980.0,46,1964.093023255815
76,WEAgent15,OLD_LOW_INCOME,98,4196.0,98,4185.298985167828
76,WEAgent12,MALE_OLD_HIGH_INCOME,18,808.0,18,768.0983606557378
76,WEAgent13,MALE_OLD_HIGH_INCOME,18,808.0,18,768.0983606557378
76,WFAgent13,MALE_YOUNG_LOW_INCOME,43,1836.0,0,0.0
76,WEAgent9,MALE_OLD,61,2603.0,61,2602.9999999999973
76,WEAgent10,FEMALE_YOUNG_HIGH_INCOME,6,256.0,6,255.99999999999997
76,WFAgent12,MALE_OLD,61,2603.0,0,0.0
76,WEAgent11,FEMALE_HIGH_INCOME,15,663.0,15,639.9999999999999
76,WFAgent11,FEMALE_YOUNG_LOW_INCOME,46,1980.0,46,1972.314606741574
76,WEAgent7,FEMALE_YOUNG_LOW_INCOME,46,1980.0,46,1964.093023255815
76,WFAgent10,MALE_YOUNG_LOW_INCOME,43,1836.0,1735,1494.4186046511632
76,WEAgent8,FEMALE_LOW_INCOME,102,4381.0,1545,3970.8837209302264
76,WEAgent1,FEMALE_HIGH_INCOME,15,663.0,229,639.9999999999999
76,WEAgent2,MALE_OLD_LOW_INCOME,42,1795.0,42,1794.9999999999984
76,WEAgent0,MALE_OLD_HIGH_INCOME,18,808.0,18,768.0983606557378
76,WEAgent5,YOUNG_LOW_INCOME,89,3816.0,89,3800.0930232558085
76,WEAgent6,FEMALE_OLD_HIGH_INCOME,9,407.0,9,384.0491803278689
76,WEAgent3,MALE_YOUNG_LOW_INCOME,43,1836.0,42,1793.3023255813962
76,WEAgent4,FEMALE_LOW_INCOME,102,4381.0,102,4355.16279069767
76,WFAgent0,OLD_HIGH_INCOME,28,1215.0,28,1194.8196721311476
76,WFAgent1,OLD_HIGH_INCOME,28,1215.0,726,810.7704918032788
76,WFAgent2,MALE_OLD_LOW_INCOME,42,1795.0,1555,0.0
76,WFAgent3,YOUNG_LOW_INCOME,89,3816.0,89,3800.0930232558085
76,WFAgent4,MALE_YOUNG_LOW_INCOME,43,1836.0,0,0.0
76,WFAgent5,MALE_YOUNG,55,2353.0,0,0.0
77,WFAgent6,MALE_YOUNG_LOW_INCOME,43,1836.0,0,0.0
77,WFAgent7,MALE_HIGH_INCOME,31,1325.0,0,0.0
77,WFAgent8,OLD_LOW_INCOME,98,4196.0,0,0.0
77,WFAgent9,FEMALE_YOUNG,52,2236.0,52,2232.39344262295
77,WEAgent16,MALE_YOUNG_HIGH_INCOME,12,517.0,471,0.0
77,WEAgent17,FEMALE_LOW_INCOME,102,4381.0,1662,4013.581395348831
77,WEAgent14,YOUNG_LOW_INCOME,89,3816.0,89,3800.0930232558085
77,WEAgent15,MALE_YOUNG_LOW_INCOME,43,1836.0,42,1793.3023255813962
77,WEAgent12,MALE_LOW_INCOME,85,3631.0,1753,2049.4883720930243
77,WEAgent13,FEMALE_OLD_HIGH_INCOME,9,407.0,9,384.0491803278689
77,WFAgent13,MALE_OLD_LOW_INCOME,42,1795.0,42,1793.3023255813962
77,WEAgent9,OLD_HIGH_INCOME,28,1215.0,28,1194.8196721311476
77,WEAgent10,FEMALE_OLD_HIGH_INCOME,9,407.0,9,384.0491803278689
77,WFAgent12,MALE_YOUNG_HIGH_INCOME,12,517.0,12,512.0655737704918
77,WEAgent11,YOUNG_HIGH_INCOME,18,773.0,18,768.0983606557378
77,WFAgent11,MALE_YOUNG_HIGH_INCOME,12,517.0,12,515.3333333333334
77,WEAgent7,YOUNG_HIGH_INCOME,18,773.0,130,554.7377049180328
77,WFAgent10,OLD_HIGH_INCOME,28,1215.0,28,1194.8196721311476
77,WEAgent8,YOUNG_LOW_INCOME,89,3816.0,89,3800.0930232558085
77,WEAgent1,MALE_OLD_LOW_INCOME,42,1795.0,42,1793.3023255813962
77,WEAgent2,MALE_YOUNG_LOW_INCOME,43,1836.0,1737,1579.8139534883726
77,WEAgent0,FEMALE_OLD_HIGH_INCOME,9,407.0,9,384.0491803278689
77,WEAgent5,YOUNG_LOW_INCOME,89,3816.0,89,3800.0930232558085
77,WEAgent6,MALE_OLD,61,2603.0,782,0.0
77,WEAgent3,FEMALE_OLD_HIGH_INCOME,9,407.0,9,384.0491803278689
77,WEAgent4,OLD_HIGH_INCOME,28,1215.0,335,896.1147540983608
77,WFAgent0,OLD_LOW_INCOME,98,4196.0,0,0.0
77,WFAgent1,FEMALE_YOUNG,52,2236.0,52,2236.0
77,WFAgent2,FEMALE_OLD,65,2808.0,0,0.0
77,WFAgent3,MALE_YOUNG,55,2353.0,55,2348.3720930232557
77,WFAgent4,FEMALE_LOW_INCOME,102,4381.0,2444,0.0
77,WFAgent5,MALE_OLD,61,2603.0,0,0.0
78,WFAgent6,MALE_OLD_HIGH_INCOME,18,808.0,17,763.1111111111113
78,WFAgent7,FEMALE_HIGH_INCOME,15,663.0,15,645.0
78,WFAgent8,FEMALE_YOUNG,52,2236.0,52,2234.055555555553
78,WFAgent9,OLD_LOW_INCOME,98,4196.0,2300,0.0
78,WEAgent16,YOUNG_HIGH_INCOME,18,773.0,18,767.9999999999998
78,WEAgent17,FEMALE_OLD_LOW_INCOME,56,2401.0,56,2401.0
78,WEAgent14,MALE_HIGH_INCOME,31,1325.0,31,1323.6279069767443
78,WEAgent15,MALE_YOUNG,55,2353.0,417,1537.1162790697679
78,WEAgent12,FEMALE_YOUNG_LOW_INCOME,46,1980.0,46,1972.25
78,WEAgent13,OLD_HIGH_INCOME,28,1215.0,386,173.57142857142856
78,WFAgent13,FEMALE_YOUNG_LOW_INCOME,46,1980.0,46,1972.25
78,WEAgent9,MALE_YOUNG_LOW_INCOME,43,1836.0,1819,0.0
78,WEAgent10,YOUNG_HIGH_INCOME,18,773.0,18,767.9999999999998
78,WFAgent12,OLD_LOW_INCOME,98,4196.0,0,0.0
78,WEAgent11,OLD_LOW_INCOME,98,4196.0,1811,1538.5714285714273
78,WFAgent11,MALE_YOUNG,55,2353.0,55,2348.3720930232557
78,WEAgent7,FEMALE_YOUNG_HIGH_INCOME,6,256.0,6,255.99999999999997
78,WFAgent10,YOUNG_LOW_INCOME,89,3816.0,0,0.0
78,WEAgent8,MALE_OLD_HIGH_INCOME,18,808.0,755,673.3333333333335
78,WEAgent1,FEMALE_YOUNG_LOW_INCOME,46,1980.0,46,1972.25
78,WEAgent2,MALE_YOUNG_HIGH_INCOME,12,517.0,12,512.3720930232558
78,WEAgent0,MALE_OLD_HIGH_INCOME,18,808.0,17,763.1111111111113
78,WEAgent5,MALE_OLD_LOW_INCOME,42,1795.0,42,1794.9999999999984
78,WEAgent6,FEMALE_OLD_HIGH_INCOME,9,407.0,9,390.5357142857142
78,WEAgent3,YOUNG_HIGH_INCOME,18,773.0,96,725.3333333333331
78,WEAgent4,FEMALE_LOW_INCOME,102,4381.0,1764,2058.0
78,WFAgent0,FEMALE_YOUNG,52,2236.0,52,2218.6666666666674
78,WFAgent1,MALE_OLD_HIGH_INCOME,18,808.0,17,763.1111111111113
78,WFAgent2,FEMALE_OLD_HIGH_INCOME,9,407.0,9,390.5357142857142
78,WFAgent3,MALE_OLD_HIGH_INCOME,18,808.0,17,763.1111111111113
78,WFAgent4,FEMALE_OLD_LOW_INCOME,56,2401.0,56,2400.5892857142844
78,WFAgent5,FEMALE_HIGH_INCOME,15,663.0,15,645.0
79,WFAgent6,FEMALE_HIGH_INCOME,15,663.0,15,644.1666666666667
79,WFAgent7,MALE_HIGH_INCOME,31,1325.0,483,1239.516129032258
79,WFAgent8,FEMALE_OLD,65,2808.0,0,0.0
79,WFAgent9,FEMALE_YOUNG_HIGH_INCOME,6,256.0,0,0.0
79,WEAgent16,MALE_HIGH_INCOME,31,1325.0,31,1325.0
79,WEAgent17,MALE_YOUNG_HIGH_INCOME,12,517.0,12,512.9032258064516
79,WEAgent14,MALE_HIGH_INCOME,31,1325.0,31,1325.0
79,WEAgent15,OLD_HIGH_INCOME,28,1215.0,392,0.0
79,WEAgent12,MALE_YOUNG_HIGH_INCOME,12,517.0,12,512.9032258064516
79,WEAgent13,MALE_YOUNG_LOW_INCOME,43,1836.0,1783,1323.6279069767443
79,WFAgent13,MALE_YOUNG_LOW_INCOME,43,1836.0,0,0.0
79,WEAgent9,FEMALE_OLD_LOW_INCOME,56,2401.0,56,2401.0
79,WEAgent10,FEMALE_YOUNG,52,2236.0,154,981.3333333333329
79,WFAgent12,YOUNG_HIGH_INCOME,18,773.0,18,767.9999999999998
79,WEAgent11,YOUNG_HIGH_INCOME,18,773.0,18,767.9999999999998
79,WFAgent11,OLD_HIGH_INCOME,28,1215.0,28,1200.5
79,WEAgent7,YOUNG_HIGH_INCOME,18,773.0,18,767.9999999999998
79,WFAgent10,OLD_LOW_INCOME,98,4196.0,2248,4110.367346938768
79,WEAgent8,FEMALE_LOW_INCOME,102,4381.0,1866,3458.5116279069725
79,WEAgent1,MALE_LOW_INCOME,85,3631.0,85,3629.3023255813905
79,WEAgent2,MALE_LOW_INCOME,85,3631.0,85,3629.3023255813905
79,WEAgent0,FEMALE_LOW_INCOME,102,4381.0,102,4355.16279069767
79,WEAgent5,MALE_YOUNG_LOW_INCOME,43,1836.0,42,1793.3023255813962
79,WEAgent6,FEMALE_OLD_LOW_INCOME,56,2401.0,56,2400.1198979591823
79,WEAgent3,MALE_OLD_HIGH_INCOME,18,808.0,768,0.0
79,WEAgent4,MALE_LOW_INCOME,85,3631.0,1430,3202.3255813953456
79,WFAgent0,FEMALE_YOUNG_HIGH_INCOME,6,256.0,0,0.0
79,WFAgent1,MALE_LOW_INCOME,85,3631.0,85,3630.1811217510212
79,WFAgent2,MALE_OLD_LOW_INCOME,42,1795.0,42,1794.1411764705892
79,WFAgent3,MALE_YOUNG_LOW_INCOME,43,1836.0,42,1793.3023255813962
79,WFAgent4,YOUNG_LOW_INCOME,89,3816.0,0,0.0
79,WFAgent5,OLD_LOW_INCOME,98,4196.0,98,4195.999999999992
80,WFAgent6,FEMALE_YOUNG_HIGH_INCOME,6,256.0,0,0.0
80,WFAgent7,MALE_LOW_INCOME,85,3631.0,85,3630.9999999999936
80,WFAgent8,FEMALE_YOUNG_LOW_INCOME,46,1980.0,1921,1850.8695652173894
80,WFAgent9,FEMALE_OLD_LOW_INCOME,56,2401.0,2391,0.0
80,WEAgent16,YOUNG_HIGH_INCOME,18,773.0,18,768.0983606557378
80,WEAgent17,MALE_YOUNG_HIGH_INCOME,12,517.0,12,512.0655737704918
80,WEAgent14,OLD_HIGH_INCOME,28,1215.0,28,1194.8196721311476
80,WEAgent15,FEMALE_YOUNG,52,2236.0,52,2218.9508196721304
80,WEAgent12,FEMALE_HIGH_INCOME,15,663.0,15,640.0819672131148
80,WEAgent13,OLD_HIGH_INCOME,28,1215.0,28,1194.8196721311476
80,WFAgent13,FEMALE_YOUNG_LOW_INCOME,46,1980.0,46,1979.999999999998
80,WEAgent9,FEMALE_OLD,65,2808.0,328,938.7868852459018
80,WEAgent10,YOUNG_HIGH_INCOME,18,773.0,18,768.0983606557378
80,WFAgent12,YOUNG_HIGH_INCOME,18,773.0,17,730.0555555555557
80,WEAgent11,FEMALE_YOUNG_LOW_INCOME,46,1980.0,46,1979.999999999998
80,WFAgent11,YOUNG_LOW_INCOME,89,3816.0,0,0.0
80,WEAgent7,FEMALE_YOUNG,52,2236.0,69,1621.5409836065576
80,WFAgent10,FEMALE_YOUNG,52,2236.0,52,2233.1111111111086
80,WEAgent8,MALE_LOW_INCOME,85,3631.0,85,3629.3023255813905
80,WEAgent1,MALE_OLD,61,2603.0,801,0.0
80,WEAgent2,MALE_YOUNG_LOW_INCOME,43,1836.0,42,1793.3023255813962
80,WEAgent0,FEMALE_OLD_HIGH_INCOME,9,407.0,9,384.0491803278689
80,WEAgent5,YOUNG_HIGH_INCOME,18,773.0,140,768.0983606557378
80,WEAgent6,FEMALE_YOUNG,52,2236.0,52,2218.9508196721304
80,WEAgent3,MALE_YOUNG_LOW_INCOME,43,1836.0,1768,1537.1162790697679
80,WEAgent4,MALE_LOW_INCOME,85,3631.0,1422,3501.209302325577
80,WFAgent0,MALE_OLD_LOW_INCOME,42,1795.0,42,1794.1411764705892
80,WFAgent1,OLD_LOW_INCOME,98,4196.0,0,0.0
80,WFAgent2,FEMALE_OLD_LOW_INCOME,56,2401.0,56,2397.7142857142853
80,WFAgent3,YOUNG_HIGH_INCOME,18,773.0,18,772.7276867030967
80,WFAgent4,MALE_HIGH_INCOME,31,1325.0,354,0.0
80,WFAgent5,MALE_LOW_INCOME,85,3631.0,85,3630.840218878243
81,WFAgent6,OLD_LOW_INCOME,98,4196.0,1957,3682.204081632647
81,WFAgent7,FEMALE_YOUNG,52,2236.0,235,469.33333333333337
81,WFAgent8,MALE_YOUNG,55,2353.0,55,2348.3720930232557
81,WFAgent9,FEMALE_HIGH_INCOME,15,663.0,15,639.9999999999999
81,WEAgent16,FEMALE_YOUNG_HIGH_INCOME,6,256.0,6,255.99999999999997
81,WEAgent17,MALE_OLD_HIGH_INCOME,18,808.0,18,768.0983606557378
81,WEAgent14,MALE_YOUNG_LOW_INCOME,43,1836.0,1815,0.0
81,WEAgent15,FEMALE_LOW_INCOME,102,4381.0,102,4373.25
81,WEAgent12,OLD_HIGH_INCOME,28,1215.0,28,1194.8196721311476
81,WEAgent13,FEMALE_LOW_INCOME,102,4381.0,102,4373.25
81,WFAgent13,FEMALE_LOW_INCOME,102,4381.0,102,4380.392156862748
81,WEAgent9,FEMALE_YOUNG_HIGH_INCOME,6,256.0,6,255.99999999999997
81,WEAgent10,OLD_LOW_INCOME,98,4196.0,98,4184.193290125804
81,WFAgent12,MALE_OLD_LOW_INCOME,42,1795.0,42,1793.3023255813962
81,WEAgent11,OLD_LOW_INCOME,98,4196.0,98,4184.37209302325
81,WFAgent11,FEMALE_OLD_HIGH_INCOME,9,407.0,9,384.0491803278689
81,WEAgent7,FEMALE_OLD,65,2808.0,324,1237.4918032786886
81,WFAgent10,MALE_YOUNG,55,2353.0,55,2346.9672131147527
81,WEAgent8,MALE_OLD_LOW_INCOME,42,1795.0,42,1793.3023255813962
81,WEAgent1,MALE_OLD_HIGH_INCOME,18,808.0,18,768.0983606557378
81,WEAgent2,FEMALE_OLD_LOW_INCOME,56,2401.0,56,2397.7142857142853
81,WEAgent0,OLD_HIGH_INCOME,28,1215.0,28,1194.8196721311476
81,WEAgent5,MALE_OLD,61,2603.0,743,597.4098360655738
81,WEAgent6,OLD_HIGH_INCOME,28,1215.0,28,1194.8196721311476
81,WEAgent3,MALE_HIGH_INCOME,31,1325.0,443,0.0
81,WEAgent4,FEMALE_LOW_INCOME,102,4381.0,1787,3773.0
81,WFAgent0,MALE_LOW_INCOME,85,3631.0,1518,0.0
81,WFAgent1,FEMALE_LOW_INCOME,102,4381.0,101,4338.0490196078445
81,WFAgent2,FEMALE_HIGH_INCOME,15,663.0,15,645.0
81,WFAgent3,OLD_LOW_INCOME,98,4196.0,0,0.0
81,WFAgent4,FEMALE_OLD_LOW_INCOME,56,2401.0,56,2397.7142857142853
81,WFAgent5,OLD_LOW_INCOME,98,4196.0,98,4195.999999999992
82,WFAgent6,FEMALE_HIGH_INCOME,15,663.0,14,618.8000000000001
82,WFAgent7,FEMALE_YOUNG_LOW_INCOME,46,1980.0,46,1975.745098039217
82,WFAgent8,FEMALE_YOUNG,52,2236.0,52,2229.5
82,WFAgent9,OLD_HIGH_INCOME,28,1215.0,28,1194.8196721311476
82,WEAgent16,YOUNG_LOW_INCOME,89,3816.0,89,3815.875
82,WEAgent17,MALE_OLD,61,2603.0,780,426.7213114754099
82,WEAgent14,FEMALE_LOW_INCOME,102,4381.0,102,4373.25
82,WEAgent15,FEMALE_YOUNG_LOW_INCOME,46,1980.0,46,1972.25
82,WEAgent12,MALE_HIGH_INCOME,31,1325.0,418,1322.8360655737706
82,WEAgent13,FEMALE_YOUNG,52,2236.0,96,1706.8852459016396
82,WFAgent13,FEMALE_LOW_INCOME,102,4381.0,2281,2486.75
82,WEAgent9,MALE_YOUNG_HIGH_INCOME,12,517.0,12,512.0655737704918
82,WEAgent10,FEMALE_LOW_INCOME,102,4381.0,1635,4030.25
82,WFAgent12,FEMALE_OLD,65,2808.0,65,2802.7213114754077
82,WEAgent11,FEMALE_HIGH_INCOME,15,663.0,15,640.0819672131148
82,WFAgent11,FEMALE_YOUNG,52,2236.0,52,2218.9508196721304
82,WEAgent7,MALE_OLD_HIGH_INCOME,18,808.0,18,768.0983606557378
82,WFAgent10,FEMALE_HIGH_INCOME,15,663.0,15,652.2
82,WEAgent8,MALE_LOW_INCOME,85,3631.0,85,3630.9999999999936
82,WEAgent1,FEMALE_HIGH_INCOME,15,663.0,15,640.0819672131148
82,WEAgent2,OLD_LOW_INCOME,98,4196.0,1621,3545.564705882347
82,WEAgent0,FEMALE_OLD,65,2808.0,205,2176.2786885245896
82,WEAgent5,FEMALE_YOUNG,52,2236.0,52,2218.9508196721304
82,WEAgent6,FEMALE_OLD_LOW_INCOME,56,2401.0,56,2401.0
82,WEAgent3,MALE_HIGH_INCOME,31,1325.0,31,1322.8360655737706
82,WEAgent4,FEMALE_OLD,65,2808.0,65,2773.6885245901603
82,WFAgent0,FEMALE_OLD_LOW_INCOME,56,2401.0,56,2401.0
82,WFAgent1,MALE_HIGH_INCOME,31,1325.0,31,1323.6039132734004
82,WFAgent2,FEMALE_OLD,65,2808.0,65,2807.999999999998
82,WFAgent3,MALE_LOW_INCOME,85,3631.0,85,3630.9999999999936
82,WFAgent4,MALE_YOUNG_HIGH_INCOME,12,517.0,12,512.9032258064516
82,WFAgent5,FEMALE_YOUNG_HIGH_INCOME,6,256.0,0,0.0
83,WFAgent6,OLD_LOW_INCOME,98,4196.0,1208,0.0
83,WFAgent7,OLD_LOW_INCOME,98,4196.0,1238,0.0
83,WFAgent8,MALE_LOW_INCOME,85,3631.0,85,3630.9999999999936
83,WFAgent9,MALE_OLD_LOW_INCOME,42,1795.0,42,1794.1411764705892
83,WEAgent16,OLD_HIGH_INCOME,28,1215.0,28,1209.6000000000006
83,WEAgent17,MALE_OLD_LOW_INCOME,42,1795.0,42,1794.1411764705892
83,WEAgent14,MALE_HIGH_INCOME,31,1325.0,31,1325.0
83,WEAgent15,MALE_HIGH_INCOME,31,1325.0,31,1325.0
83,WEAgent12,MALE_YOUNG_HIGH_INCOME,12,517.0,12,512.9032258064516
83,WEAgent13,FEMALE_OLD,65,2808.0,269,2764.7999999999984
83,WFAgent13,FEMALE_YOUNG_HIGH_INCOME,6,256.0,6,255.99999999999997
83,WEAgent9,FEMALE_LOW_INCOME,102,4381.0,1922,1975.745098039217
83,WEAgent10,FEMALE_HIGH_INCOME,15,663.0,15,639.9999999999999
83,WFAgent12,YOUNG_HIGH_INCOME,18,773.0,17,730.0555555555557
83,WEAgent11,MALE_HIGH_INCOME,31,1325.0,445,1196.774193548387
83,WFAgent11,MALE_HIGH_INCOME,31,1325.0,31,1325.0
83,WEAgent7,MALE_OLD_HIGH_INCOME,18,808.0,807,0.0
83,WFAgent10,MALE_LOW_INCOME,85,3631.0,1464,3588.2823529411703
83,WEAgent8,FEMALE_OLD,65,2808.0,65,2807.999999999998
83,WEAgent1,YOUNG_LOW_INCOME,89,3816.0,89,3815.8412425644356
83,WEAgent2,YOUNG_LOW_INCOME,89,3816.0,89,3815.999999999994
83,WEAgent0,FEMALE_YOUNG_HIGH_INCOME,6,256.0,6,255.99999999999997
83,WEAgent5,YOUNG_HIGH_INCOME,18,773.0,18,767.9999999999998
83,WEAgent6,OLD_HIGH_INCOME,28,1215.0,28,1209.6000000000006
83,WEAgent3,MALE_LOW_INCOME,85,3631.0,85,3630.9999999999936
83,WEAgent4,YOUNG_HIGH_INCOME,18,773.0,156,725.3333333333331
83,WFAgent0,MALE_LOW_INCOME,85,3631.0,85,3630.9999999999936
83,WFAgent1,YOUNG_HIGH_INCOME,18,773.0,18,771.0555555555554
83,WFAgent2,FEMALE_YOUNG_LOW_INCOME,46,1980.0,46,1975.745098039217
83,WFAgent3,FEMALE_YOUNG_HIGH_INCOME,6,256.0,6,255.99999999999997
83,WFAgent4,FEMALE_HIGH_INCOME,15,663.0,15,644.1666666666667
83,WFAgent5,MALE_YOUNG,55,2353.0,1601,0.0
84,WFAgent6,MALE_OLD_LOW_INCOME,42,1795.0,42,1794.1411764705892
84,WFAgent7,MALE_LOW_INCOME,85,3631.0,1871,0.0
84,WFAgent8,FEMALE_LOW_INCOME,102,4381.0,0,0.0
84,WFAgent9,FEMALE_OLD_LOW_INCOME,56,2401.0,56,2397.7142857142853
84,WEAgent16,MALE_OLD,61,2603.0,695,2218.9508196721304
84,WEAgent17,MALE_YOUNG,55,2353.0,55,2346.9672131147527
84,WEAgent14,FEMALE_YOUNG_LOW_INCOME,46,1980.0,1843,1543.5
84,WEAgent15,MALE_OLD_LOW_INCOME,42,1795.0,42,1794.1411764705892
84,WEAgent12,FEMALE_OLD_HIGH_INCOME,9,407.0,9,384.0491803278689
84,WEAgent13,MALE_HIGH_INCOME,31,1325.0,31,1322.8360655737706
84,WFAgent13,FEMALE_OLD_LOW_INCOME,56,2401.0,2341,2312.081632653061
84,WEAgent9,FEMALE_YOUNG,52,2236.0,52,2218.6666666666674
84,WEAgent10,OLD_HIGH_INCOME,28,1215.0,309,1194.8196721311476
84,WFAgent12,FEMALE_OLD_LOW_INCOME,56,2401.0,56,2397.7142857142853
84,WEAgent11,FEMALE_YOUNG_HIGH_INCOME,6,256.0,6,255.99999999999997
84,WFAgent11,FEMALE_OLD,65,2808.0,0,0.0
84,WEAgent7,FEMALE_YOUNG_LOW_INCOME,46,1980.0,46,1972.25
84,WFAgent10,YOUNG_HIGH_INCOME,18,773.0,18,767.9999999999998
84,WEAgent8,FEMALE_YOUNG,52,2236.0,152,2176.000000000001
84,WEAgent1,MALE_YOUNG,55,2353.0,412,2304.295081967212
84,WEAgent2,MALE_OLD,61,2603.0,61,2602.9999999999973
84,WEAgent0,MALE_YOUNG_HIGH_INCOME,12,517.0,12,512.0655737704918
84,WEAgent5,OLD_HIGH_INCOME,28,1215.0,28,1194.8196721311476
84,WEAgent6,FEMALE_HIGH_INCOME,15,663.0,15,639.9999999999999
84,WEAgent3,OLD_LOW_INCOME,98,4196.0,1727,1623.270588235295
84,WEAgent4,FEMALE_OLD_HIGH_INCOME,9,407.0,9,384.0491803278689
84,WFAgent0,FEMALE_HIGH_INCOME,15,663.0,15,639.9999999999999
84,WFAgent1,MALE_OLD_HIGH_INCOME,18,808.0,17,763.1111111111113
84,WFAgent2,MALE_OLD_HIGH_INCOME,18,808.0,18,799.1329690346085
84,WFAgent3,OLD_HIGH_INCOME,28,1215.0,28,1213.5585480093675
84,WFAgent4,OLD_HIGH_INCOME,28,1215.0,28,1214.9999999999998
84,WFAgent5,FEMALE_YOUNG_HIGH_INCOME,6,256.0,6,255.99999999999997
85,WFAgent6,FEMALE_HIGH_INCOME,15,663.0,15,639.9999999999999
85,WFAgent7,MALE_LOW_INCOME,85,3631.0,1791,0.0
85,WFAgent8,MALE_YOUNG_HIGH_INCOME,12,517.0,12,514.7887067395264
85,WFAgent9,MALE_YOUNG,55,2353.0,55,2348.3720930232557
85,WEAgent16,FEMALE_OLD_HIGH_INCOME,9,407.0,9,384.0491803278689
85,WEAgent17,FEMALE_OLD_LOW_INCOME,56,2401.0,2423,0.0
85,WEAgent14,YOUNG_HIGH_INCOME,18,773.0,18,767.9999999999998
85,WEAgent15,MALE_OLD_HIGH_INCOME,18,808.0,18,768.0983606557378
85,WEAgent12,MALE_LOW_INCOME,85,3631.0,1543,3543.9069767441815
85,WEAgent13,FEMALE_YOUNG_HIGH_INCOME,6,256.0,6,255.99999999999997
85,WFAgent13,MALE_HIGH_INCOME,31,1325.0,0,0.0
85,WEAgent9,MALE_OLD,61,2603.0,714,810.7704918032788
85,WEAgent10,FEMALE_YOUNG_HIGH_INCOME,6,256.0,6,255.99999999999997
85,WFAgent12,YOUNG_LOW_INCOME,89,3816.0,0,0.0
85,WEAgent11,MALE_YOUNG,55,2353.0,466,0.0
85,WFAgent11,YOUNG_LOW_INCOME,89,3816.0,0,0.0
85,WEAgent7,FEMALE_YOUNG,52,2236.0,173,938.6666666666663
85,WFAgent10,MALE_YOUNG_LOW_INCOME,43,1836.0,42,1793.3023255813962
85,WEAgent8,FEMALE_OLD,65,2808.0,361,1109.4754098360656
85,WEAgent1,MALE_LOW_INCOME,85,3631.0,85,3629.3023255813905
85,WEAgent2,FEMALE_HIGH_INCOME,15,663.0,15,639.9999999999999
85,WEAgent0,FEMALE_LOW_INCOME,102,4381.0,1974,0.0
85,WEAgent5,MALE_LOW_INCOME,85,3631.0,85,3629.3023255813905
85,WEAgent6,MALE_OLD_LOW_INCOME,42,1795.0,42,1794.1411764705892
85,WEAgent3,FEMALE_YOUNG_HIGH_INCOME,6,256.0,6,255.99999999999997
85,WEAgent4,OLD_HIGH_INCOME,28,1215.0,28,1194.8196721311476
85,WFAgent0,MALE_YOUNG_LOW_INCOME,43,1836.0,0,0.0
85,WFAgent1,FEMALE_OLD_HIGH_INCOME,9,407.0,9,384.0491803278689
85,WFAgent2,YOUNG_HIGH_INCOME,18,773.0,18,767.9999999999998
85,WFAgent3,FEMALE_YOUNG_LOW_INCOME,46,1980.0,46,1972.25
85,WFAgent4,MALE_YOUNG_HIGH_INCOME,12,517.0,12,515.3333333333334
85,WFAgent5,OLD_HIGH_INCOME,28,1215.0,28,1194.8196721311476
86,WFAgent6,YOUNG_LOW_INCOME,89,3816.0,0,0.0
86,WFAgent7,FEMALE_YOUNG,52,2236.0,52,2220.2790697674423
86,WFAgent8,OLD_HIGH_INCOME,28,1215.0,28,1208.2678571428573
86,WFAgent9,MALE_HIGH_INCOME,31,1325.0,0,0.0
86,WEAgent16,FEMALE_YOUNG_LOW_INCOME,46,1980.0,46,1964.093023255815
86,WEAgent17,FEMALE_OLD_LOW_INCOME,56,2401.0,2338,0.0
86,WEAgent14,FEMALE_YOUNG,52,2236.0,52,2220.2790697674423
86,WEAgent15,FEMALE_YOUNG,52,2236.0,153,1707.9069767441867
86,WEAgent12,FEMALE_LOW_INCOME,102,4381.0,1617,3458.5116279069725
86,WEAgent13,MALE_YOUNG_HIGH_INCOME,12,517.0,319,0.0
86,WFAgent13,MALE_YOUNG_HIGH_INCOME,12,517.0,12,513.3818181818181
86,WEAgent9,MALE_OLD_LOW_INCOME,42,1795.0,42,1793.3023255813962
86,WEAgent10,FEMALE_LOW_INCOME,102,4381.0,102,4355.16279069767
86,WFAgent12,MALE_YOUNG,55,2353.0,55,2352.663424947145
86,WEAgent11,OLD_HIGH_INCOME,28,1215.0,28,1200.5
86,WFAgent11,MALE_YOUNG,55,2353.0,54,2310.218181818182
86,WEAgent7,FEMALE_LOW_INCOME,102,4381.0,102,4355.16279069767
86,WFAgent10,MALE_LOW_INCOME,85,3631.0,0,0.0
86,WEAgent8,MALE_LOW_INCOME,85,3631.0,1803,2177.5813953488378
86,WEAgent1,MALE_YOUNG_LOW_INCOME,43,1836.0,1744,0.0
86,WEAgent2,MALE_OLD_HIGH_INCOME,18,808.0,787,0.0
86,WEAgent0,FEMALE_OLD,65,2808.0,320,1972.25
86,WEAgent5,FEMALE_YOUNG,52,2236.0,52,2220.2790697674423
86,WEAgent6,OLD_HIGH_INCOME,28,1215.0,28,1200.5
86,WEAgent3,FEMALE_YOUNG_LOW_INCOME,46,1980.0,46,1964.093023255815
86,WEAgent4,FEMALE_YOUNG_LOW_INCOME,46,1980.0,46,1964.093023255815
86,WFAgent0,FEMALE_LOW_INCOME,102,4381.0,102,4373.25
86,WFAgent1,FEMALE_OLD_HIGH_INCOME,9,407.0,9,390.5357142857144
86,WFAgent2,FEMALE_OLD,65,2808.0,0,0.0
86,WFAgent3,MALE_YOUNG,55,2353.0,54,2310.218181818182
86,WFAgent4,FEMALE_OLD_HIGH_INCOME,9,407.0,9,390.5357142857144
86,WFAgent5,YOUNG_HIGH_INCOME,18,773.0,0,0.0
87,WFAgent6,OLD_LOW_INCOME,98,4196.0,2225,4067.5510204081556
87,WFAgent7,FEMALE_LOW_INCOME,102,4381.0,102,4367.26530612244
87,WFAgent8,MALE_OLD_HIGH_INCOME,18,808.0,18,769.3548387096774
87,WFAgent9,FEMALE_OLD,65,2808.0,65,2807.999999999998
87,WEAgent16,YOUNG_HIGH_INCOME,18,773.0,18,767.9999999999998
87,WEAgent17,FEMALE_OLD,65,2808.0,266,2591.999999999999
87,WEAgent14,FEMALE_YOUNG,52,2236.0,121,981.3333333333329
87,WEAgent15,FEMALE_HIGH_INCOME,15,663.0,15,639.9999999999999
87,WEAgent12,MALE_YOUNG,55,2353.0,55,2346.9672131147527
87,WEAgent13,FEMALE_YOUNG_LOW_INCOME,46,1980.0,46,1972.314606741574
87,WFAgent13,MALE_HIGH_INCOME,31,1325.0,0,0.0
87,WEAgent9,FEMALE_HIGH_INCOME,15,663.0,15,639.9999999999999
87,WEAgent10,MALE_HIGH_INCOME,31,1325.0,31,1322.8360655737706
87,WFAgent12,FEMALE_HIGH_INCOME,15,663.0,15,644.1666666666667
87,WEAgent11,YOUNG_LOW_INCOME,89,3816.0,1897,1543.550561797753
87,WFAgent11,YOUNG_HIGH_INCOME,18,773.0,18,767.9999999999998
87,WEAgent7,MALE_YOUNG,55,2353.0,55,2346.9672131147527
87,WFAgent10,MALE_OLD_HIGH_INCOME,18,808.0,18,768.0983606557378
87,WEAgent8,FEMALE_OLD,65,2808.0,65,2807.999999999998
87,WEAgent1,YOUNG_HIGH_INCOME,18,773.0,18,767.9999999999998
87,WEAgent2,MALE_OLD_HIGH_INCOME,18,808.0,18,768.0983606557378
87,WEAgent0,MALE_YOUNG,55,2353.0,55,2346.9672131147527
87,WEAgent5,OLD_LOW_INCOME,98,4196.0,1777,0.0
87,WEAgent6,MALE_OLD,61,2603.0,768,597.4098360655738
87,WEAgent3,MALE_YOUNG,55,2353.0,326,2090.934426229508
87,WEAgent4,YOUNG_HIGH_INCOME,18,773.0,18,767.9999999999998
87,WFAgent0,FEMALE_OLD_HIGH_INCOME,9,407.0,9,388.79999999999995
87,WFAgent1,MALE_HIGH_INCOME,31,1325.0,0,0.0
87,WFAgent2,MALE_YOUNG_HIGH_INCOME,12,517.0,12,512.0655737704918
87,WFAgent3,FEMALE_YOUNG_HIGH_INCOME,6,256.0,0,0.0
87,WFAgent4,FEMALE_LOW_INCOME,102,4381.0,102,4367.26530612244
87,WFAgent5,MALE_OLD,61,2603.0,0,0.0
88,WFAgent6,OLD_HIGH_INCOME,28,1215.0,28,1214.9999999999998
88,WFAgent7,FEMALE_YOUNG,52,2236.0,52,2218.6666666666674
88,WFAgent8,OLD_HIGH_INCOME,28,1215.0,28,1214.9999999999998
88,WFAgent9,MALE_LOW_INCOME,85,3631.0,85,3627.1311475409757
88,WEAgent16,FEMALE_OLD_LOW_INCOME,56,2401.0,2329,0.0
88,WEAgent17,YOUNG_HIGH_INCOME,18,773.0,18,767.9999999999998
88,WEAgent14,FEMALE_YOUNG_LOW_INCOME,46,1980.0,46,1972.25
88,WEAgent15,YOUNG_LOW_INCOME,89,3816.0,1692,1921.3953488372103
88,WEAgent12,YOUNG_HIGH_INCOME,18,773.0,18,767.9999999999998
88,WEAgent13,FEMALE_HIGH_INCOME,15,663.0,15,639.9999999999999
88,WFAgent13,MALE_LOW_INCOME,85,3631.0,1573,3115.0655737704865
88,WEAgent9,OLD_LOW_INCOME,98,4196.0,98,4181.868852459007
88,WEAgent10,OLD_HIGH_INCOME,28,1215.0,291,896.1147540983608
88,WFAgent12,OLD_HIGH_INCOME,28,1215.0,28,1210.6756440281029
88,WEAgent11,FEMALE_HIGH_INCOME,15,663.0,150,597.3333333333333
88,WFAgent11,MALE_HIGH_INCOME,31,1325.0,0,0.0
88,WEAgent7,MALE_YOUNG_LOW_INCOME,43,1836.0,42,1793.3023255813962
88,WFAgent10,MALE_YOUNG,55,2353.0,55,2348.3720930232557
88,WEAgent8,MALE_HIGH_INCOME,31,1325.0,483,0.0
88,WEAgent1,OLD_HIGH_INCOME,28,1215.0,28,1194.8196721311476
88,WEAgent2,MALE_YOUNG_LOW_INCOME,43,1836.0,42,1793.3023255813962
88,WEAgent0,YOUNG_HIGH_INCOME,18,773.0,18,767.9999999999998
88,WEAgent5,MALE_OLD,61,2603.0,750,1877.5737704918035
88,WEAgent6,FEMALE_LOW_INCOME,102,4381.0,1857,2358.125
88,WEAgent3,MALE_OLD,61,2603.0,61,2602.9999999999973
88,WEAgent4,OLD_HIGH_INCOME,28,1215.0,28,1194.8196721311476
88,WFAgent0,MALE_YOUNG_LOW_INCOME,43,1836.0,42,1793.3023255813962
88,WFAgent1,MALE_YOUNG,55,2353.0,55,2346.9672131147527
88,WFAgent2,MALE_OLD,61,2603.0,0,0.0
88,WFAgent3,FEMALE_YOUNG_HIGH_INCOME,6,256.0,0,0.0
88,WFAgent4,MALE_OLD_LOW_INCOME,42,1795.0,42,1793.3023255813962
88,WFAgent5,FEMALE_YOUNG_LOW_INCOME,46,1980.0,46,1972.25
89,WFAgent6,MALE_LOW_INCOME,85,3631.0,85,3629.3023255813905
89,WFAgent7,YOUNG_HIGH_INCOME,18,773.0,18,767.9999999999998
89,WFAgent8,FEMALE_OLD_LOW_INCOME,56,2401.0,2334,0.0
89,WFAgent9,MALE_OLD_HIGH_INCOME,18,808.0,18,769.3548387096774
89,WEAgent16,OLD_LOW_INCOME,98,4196.0,98,4184.37209302325
89,WEAgent17,MALE_HIGH_INCOME,31,1325.0,31,1323.6279069767443
89,WEAgent14,MALE_OLD_HIGH_INCOME,18,808.0,17,763.1111111111113
89,WEAgent15,FEMALE_YOUNG_HIGH_INCOME,6,256.0,6,255.99999999999997
89,WEAgent12,FEMALE_OLD_HIGH_INCOME,9,407.0,316,257.25
89,WEAgent13,MALE_OLD_HIGH_INCOME,18,808.0,18,799.0238095238094
89,WFAgent13,OLD_HIGH_INCOME,28,1215.0,28,1196.774193548387
89,WEAgent9,MALE_LOW_INCOME,85,3631.0,1432,3586.604651162786
89,WEAgent10,FEMALE_YOUNG,52,2236.0,173,981.3333333333329
89,WFAgent12,MALE_HIGH_INCOME,31,1325.0,0,0.0
89,WEAgent11,MALE_YOUNG,55,2353.0,420,1793.3023255813962
89,WFAgent11,MALE_YOUNG_LOW_INCOME,43,1836.0,1914,0.0
89,WEAgent7,FEMALE_YOUNG_HIGH_INCOME,6,256.0,6,255.99999999999997
89,WFAgent10,FEMALE_HIGH_INCOME,15,663.0,15,645.0
89,WEAgent8,FEMALE_YOUNG_HIGH_INCOME,6,256.0,6,255.99999999999997
89,WEAgent1,FEMALE_OLD_LOW_INCOME,56,2401.0,56,2397.7142857142853
89,WEAgent2,MALE_HIGH_INCOME,31,1325.0,31,1323.6279069767443
89,WEAgent0,MALE_OLD_LOW_INCOME,42,1795.0,42,1793.3023255813962
89,WEAgent5,MALE_OLD_LOW_INCOME,42,1795.0,42,1793.3023255813962
89,WEAgent6,FEMALE_OLD_HIGH_INCOME,9,407.0,9,385.875
89,WEAgent3,MALE_LOW_INCOME,85,3631.0,85,3629.3023255813905
89,WEAgent4,MALE_HIGH_INCOME,31,1325.0,31,1323.6279069767443
89,WFAgent0,OLD_HIGH_INCOME,28,1215.0,683,1111.2903225806451
89,WFAgent1,YOUNG_LOW_INCOME,89,3816.0,1991,0.0
89,WFAgent2,FEMALE_HIGH_INCOME,15,663.0,15,645.0
89,WFAgent3,FEMALE_OLD,65,2808.0,0,0.0
89,WFAgent4,FEMALE_OLD,65,2808.0,65,2786.875
89,WFAgent5,FEMALE_HIGH_INCOME,15,663.0,15,642.6666666666666
90,WFAgent6,YOUNG_HIGH_INCOME,18,773.0,18,770.072727272727
90,WFAgent7,MALE_OLD,61,2603.0,0,0.0
90,WFAgent8,FEMALE_YOUNG,52,2236.0,52,2235.9999999999995
90,WFAgent9,MALE_HIGH_INCOME,31,1325.0,0,0.0
90,WEAgent16,YOUNG_LOW_INCOME,89,3816.0,89,3800.0930232558085
90,WEAgent17,YOUNG_LOW_INCOME,89,3816.0,1600,3671.999999999995
90,WEAgent14,MALE_YOUNG_HIGH_INCOME,12,517.0,12,512.0655737704918
90,WEAgent15,MALE_LOW_INCOME,85,3631.0,85,3629.3023255813905
90,WEAgent12,MALE_YOUNG,55,2353.0,411,1152.1475409836066
90,WEAgent13,FEMALE_YOUNG,52,2236.0,52,2236.0
90,WFAgent13,FEMALE_YOUNG_HIGH_INCOME,6,256.0,0,0.0
90,WEAgent9,YOUNG_HIGH_INCOME,18,773.0,18,768.0983606557378
90,WEAgent10,MALE_OLD_HIGH_INCOME,18,808.0,794,0.0
90,WFAgent12,FEMALE_OLD,65,2808.0,0,0.0
90,WEAgent11,MALE_OLD_LOW_INCOME,42,1795.0,42,1794.9999999999984
90,WFAgent11,MALE_YOUNG,55,2353.0,55,2348.6125186289105
90,WEAgent7,FEMALE_YOUNG,52,2236.0,89,1676.9999999999998
90,WFAgent10,MALE_OLD_LOW_INCOME,42,1795.0,42,1794.9999999999984
90,WEAgent8,FEMALE_YOUNG,52,2236.0,52,2236.0
90,WEAgent1,MALE_HIGH_INCOME,31,1325.0,31,1322.8360655737706
90,WEAgent2,MALE_YOUNG_LOW_INCOME,43,1836.0,42,1793.3023255813962
90,WEAgent0,FEMALE_YOUNG_LOW_INCOME,46,1980.0,1855,1591.0
90,WEAgent5,FEMALE_YOUNG,52,2236.0,52,2235.9999999999995
90,WEAgent6,FEMALE_YOUNG,52,2236.0,52,2235.9999999999995
90,WEAgent3,MALE_OLD_LOW_INCOME,42,1795.0,1683,1367.6190476190466
90,WEAgent4,FEMALE_OLD_HIGH_INCOME,9,407.0,388,0.0
90,WFAgent0,FEMALE_YOUNG_HIGH_INCOME,6,256.0,0,0.0
90,WFAgent1,MALE_OLD_HIGH_INCOME,18,808.0,18,768.0983606557378
90,WFAgent2,OLD_LOW_INCOME,98,4196.0,0,0.0
90,WFAgent3,YOUNG_LOW_INCOME,89,3816.0,0,0.0
90,WFAgent4,FEMALE_OLD_LOW_INCOME,56,2401.0,2426,0.0
90,WFAgent5,MALE_OLD_LOW_INCOME,42,1795.0,42,1794.9999999999984
91,WFAgent6,MALE_YOUNG_LOW_INCOME,43,1836.0,42,1793.3023255813962
91,WFAgent7,FEMALE_OLD_HIGH_INCOME,9,407.0,9,388.79999999999995
91,WFAgent8,FEMALE_YOUNG_LOW_INCOME,46,1980.0,1832,1807.82608695652
91,WFAgent9,YOUNG_HIGH_INCOME,18,773.0,257,0.0
91,WEAgent16,FEMALE_OLD_LOW_INCOME,56,2401.0,2295,2401.0
91,WEAgent17,YOUNG_HIGH_INCOME,18,773.0,18,767.9999999999998
91,WEAgent14,YOUNG_LOW_INCOME,89,3816.0,89,3800.0930232558085
91,WEAgent15,MALE_YOUNG,55,2353.0,55,2346.666666666667
91,WEAgent12,MALE_OLD_LOW_INCOME,42,1795.0,42,1792.2295081967216
91,WEAgent13,FEMALE_YOUNG_LOW_INCOME,46,1980.0,46,1979.999999999998
91,WFAgent13,FEMALE_OLD_LOW_INCOME,56,2401.0,56,2401.0
91,WEAgent9,MALE_YOUNG,55,2353.0,55,2346.666666666667
91,WEAgent10,MALE_OLD,61,2603.0,61,2602.9999999999973
91,WFAgent12,MALE_YOUNG,55,2353.0,0,0.0
91,WEAgent11,MALE_OLD_HIGH_INCOME,18,808.0,18,768.0983606557378
91,WFAgent11,FEMALE_YOUNG_LOW_INCOME,46,1980.0,46,1979.999999999998
91,WEAgent7,YOUNG_HIGH_INCOME,18,773.0,18,767.9999999999998
91,WFAgent10,FEMALE_YOUNG_HIGH_INCOME,6,256.0,0,0.0
91,WEAgent8,FEMALE_YOUNG_LOW_INCOME,46,1980.0,46,1979.999999999998
91,WEAgent1,MALE_LOW_INCOME,85,3631.0,85,3629.3023255813905
91,WEAgent2,MALE_OLD_HIGH_INCOME,18,808.0,18,768.0983606557378
91,WEAgent0,MALE_LOW_INCOME,85,3631.0,85,3629.3023255813905
91,WEAgent5,MALE_LOW_INCOME,85,3631.0,1599,3287.7209302325546
91,WEAgent6,FEMALE_OLD,65,2808.0,334,0.0
91,WEAgent3,MALE_YOUNG,55,2353.0,55,2346.666666666667
91,WEAgent4,MALE_YOUNG,55,2353.0,273,2090.666666666668
91,WFAgent0,MALE_OLD,61,2603.0,61,2602.9999999999973
91,WFAgent1,FEMALE_OLD,65,2808.0,65,2773.6885245901603
91,WFAgent2,MALE_YOUNG_LOW_INCOME,43,1836.0,0,0.0
91,WFAgent3,MALE_OLD,61,2603.0,1626,1920.2459016393445
91,WFAgent4,MALE_OLD,61,2603.0,61,2602.9999999999973
91,WFAgent5,OLD_HIGH_INCOME,28,1215.0,753,0.0
92,WFAgent6,FEMALE_LOW_INCOME,102,4381.0,2410,0.0
92,WFAgent7,YOUNG_HIGH_INCOME,18,773.0,17,730.0555555555557
92,WFAgent8,MALE_OLD_HIGH_INCOME,18,808.0,18,769.3548387096774
92,WFAgent9,MALE_OLD,61,2603.0,61,2602.9999999999973
92,WEAgent16,YOUNG_LOW_INCOME,89,3816.0,1687,3714.6976744185995
92,WEAgent17,FEMALE_LOW_INCOME,102,4381.0,102,4355.16279069767
92,WEAgent14,YOUNG_HIGH_INCOME,18,773.0,143,384.0
92,WEAgent15,MALE_HIGH_INCOME,31,1325.0,31,1322.8360655737706
92,WEAgent12,FEMALE_OLD,65,2808.0,391,0.0
92,WEAgent13,MALE_HIGH_INCOME,31,1325.0,31,1322.8360655737706
92,WFAgent13,OLD_HIGH_INCOME,28,1215.0,28,1194.8196721311476
92,WEAgent9,FEMALE_YOUNG_HIGH_INCOME,6,256.0,6,255.99999999999997
92,WEAgent10,MALE_HIGH_INCOME,31,1325.0,31,1322.8360655737706
92,WFAgent12,MALE_YOUNG,55,2353.0,55,2346.9672131147527
92,WEAgent11,FEMALE_YOUNG_LOW_INCOME,46,1980.0,46,1964.093023255815
92,WFAgent11,FEMALE_OLD_HIGH_INCOME,9,407.0,9,384.0491803278689
92,WEAgent7,FEMALE_YOUNG_HIGH_INCOME,6,256.0,6,255.99999999999997
92,WFAgent10,FEMALE_OLD,65,2808.0,0,0.0
92,WEAgent8,MALE_OLD_HIGH_INCOME,18,808.0,748,0.0
92,WEAgent1,MALE_YOUNG_HIGH_INCOME,12,517.0,12,512.0655737704918
92,WEAgent2,MALE_YOUNG,55,2353.0,55,2346.9672131147527
92,WEAgent0,FEMALE_YOUNG_LOW_INCOME,46,1980.0,46,1964.093023255815
92,WEAgent5,FEMALE_YOUNG_LOW_INCOME,46,1980.0,46,1964.093023255815
92,WEAgent6,MALE_YOUNG,55,2353.0,285,1877.5737704918035
92,WEAgent3,MALE_LOW_INCOME,85,3631.0,85,3627.1311475409757
92,WEAgent4,FEMALE_YOUNG_LOW_INCOME,46,1980.0,46,1964.093023255815
92,WFAgent0,FEMALE_YOUNG,52,2236.0,52,2223.666666666668
92,WFAgent1,MALE_YOUNG_LOW_INCOME,43,1836.0,1862,0.0
92,WFAgent2,FEMALE_OLD_HIGH_INCOME,9,407.0,9,390.5357142857144
92,WFAgent3,MALE_OLD,61,2603.0,1623,1792.2295081967216
92,WFAgent4,YOUNG_HIGH_INCOME,18,773.0,17,730.0555555555557
92,WFAgent5,MALE_OLD_LOW_INCOME,42,1795.0,42,1793.3023255813962
93,WFAgent6,FEMALE_HIGH_INCOME,15,663.0,15,640.0819672131148
93,WFAgent7,FEMALE_OLD,65,2808.0,65,2773.6885245901603
93,WFAgent8,MALE_YOUNG_LOW_INCOME,43,1836.0,0,0.0
93,WFAgent9,MALE_OLD,61,2603.0,0,0.0
93,WEAgent16,YOUNG_LOW_INCOME,89,3816.0,1791,2006.7906976744198
93,WEAgent17,OLD_HIGH_INCOME,28,1215.0,185,1194.8196721311476
93,WEAgent14,MALE_YOUNG,55,2353.0,459,0.0
93,WEAgent15,MALE_OLD_LOW_INCOME,42,1795.0,42,1793.3023255813962
93,WEAgent12,YOUNG_HIGH_INCOME,18,773.0,234,0.0
93,WEAgent13,MALE_OLD_HIGH_INCOME,18,808.0,18,768.0983606557378
93,WFAgent13,MALE_YOUNG_HIGH_INCOME,12,517.0,12,512.3720930232558
93,WEAgent9,FEMALE_OLD,65,2808.0,65,2773.6885245901603
93,WEAgent10,FEMALE_YOUNG_LOW_INCOME,46,1980.0,1986,1850.8695652173894
93,WFAgent12,YOUNG_LOW_INCOME,89,3816.0,0,0.0
93,WEAgent11,OLD_LOW_INCOME,98,4196.0,98,4184.37209302325
93,WFAgent11,MALE_LOW_INCOME,85,3631.0,1423,0.0
93,WEAgent7,FEMALE_OLD,65,2808.0,65,2773.6885245901603
93,WFAgent10,MALE_LOW_INCOME,85,3631.0,85,3629.3023255813905
93,WEAgent8,FEMALE_OLD,65,2808.0,89,2218.9508196721304
93,WEAgent1,MALE_YOUNG_LOW_INCOME,43,1836.0,42,1793.3023255813962
93,WEAgent2,FEMALE_OLD_LOW_INCOME,56,2401.0,56,2401.0
93,WEAgent0,FEMALE_OLD,65,2808.0,65,2773.6885245901603
93,WEAgent5,FEMALE_OLD,65,2808.0,65,2773.6885245901603
93,WEAgent6,MALE_OLD_HIGH_INCOME,18,808.0,18,768.0983606557378
93,WEAgent3,OLD_LOW_INCOME,98,4196.0,98,4184.142203583677
93,WEAgent4,FEMALE_OLD_LOW_INCOME,56,2401.0,2314,2100.875
93,WFAgent0,FEMALE_YOUNG_LOW_INCOME,46,1980.0,46,1979.999999999998
93,WFAgent1,MALE_YOUNG_LOW_INCOME,43,1836.0,42,1793.3023255813962
93,WFAgent2,MALE_YOUNG_LOW_INCOME,43,1836.0,0,0.0
93,WFAgent3,MALE_OLD_HIGH_INCOME,18,808.0,18,768.0983606557378
93,WFAgent4,MALE_OLD_LOW_INCOME,42,1795.0,42,1794.1411764705892
93,WFAgent5,FEMALE_OLD_HIGH_INCOME,9,407.0,9,388.79999999999995
94,WFAgent6,MALE_HIGH_INCOME,31,1325.0,31,1324.79058699101
94,WFAgent7,FEMALE_YOUNG,52,2236.0,52,2218.6666666666674
94,WFAgent8,FEMALE_OLD_LOW_INCOME,56,2401.0,2454,0.0
94,WFAgent9,FEMALE_OLD_HIGH_INCOME,9,407.0,9,404.44990892531877
94,WEAgent16,FEMALE_LOW_INCOME,102,4381.0,102,4355.16279069767
94,WEAgent17,MALE_YOUNG_LOW_INCOME,43,1836.0,42,1793.3023255813962
94,WEAgent14,FEMALE_OLD_HIGH_INCOME,9,407.0,9,384.0491803278689
94,WEAgent15,OLD_HIGH_INCOME,28,1215.0,28,1194.8196721311476
94,WEAgent12,FEMALE_YOUNG_LOW_INCOME,46,1980.0,46,1964.093023255815
94,WEAgent13,MALE_OLD_HIGH_INCOME,18,808.0,18,768.0983606557378
94,WFAgent13,MALE_OLD_HIGH_INCOME,18,808.0,18,768.0983606557378
94,WEAgent9,MALE_OLD,61,2603.0,735,981.4590163934428
94,WEAgent10,FEMALE_LOW_INCOME,102,4381.0,1772,3928.186046511622
94,WFAgent12,MALE_HIGH_INCOME,31,1325.0,0,0.0
94,WEAgent11,FEMALE_OLD,65,2808.0,280,2133.606557377049
94,WFAgent11,FEMALE_HIGH_INCOME,15,663.0,15,645.0
94,WEAgent7,MALE_OLD_LOW_INCOME,42,1795.0,1799,0.0
94,WFAgent10,OLD_LOW_INCOME,98,4196.0,0,0.0
94,WEAgent8,MALE_HIGH_INCOME,31,1325.0,31,1322.8360655737706
94,WEAgent1,MALE_HIGH_INCOME,31,1325.0,388,1237.4918032786886
94,WEAgent2,FEMALE_OLD_HIGH_INCOME,9,407.0,9,384.0491803278689
94,WEAgent0,MALE_YOUNG_LOW_INCOME,43,1836.0,1769,1793.3023255813962
94,WEAgent5,MALE_OLD_HIGH_INCOME,18,808.0,18,768.0983606557378
94,WEAgent6,FEMALE_OLD,65,2808.0,65,2773.6885245901603
94,WEAgent3,YOUNG_LOW_INCOME,89,3816.0,89,3800.0930232558085
94,WEAgent4,MALE_OLD_HIGH_INCOME,18,808.0,18,768.0983606557378
94,WFAgent0,MALE_HIGH_INCOME,31,1325.0,31,1325.0
94,WFAgent1,YOUNG_HIGH_INCOME,18,773.0,148,0.0
94,WFAgent2,FEMALE_OLD_HIGH_INCOME,9,407.0,9,407.0
94,WFAgent3,YOUNG_LOW_INCOME,89,3816.0,0,0.0
94,WFAgent4,FEMALE_YOUNG_HIGH_INCOME,6,256.0,0,0.0
94,WFAgent5,FEMALE_HIGH_INCOME,15,663.0,15,644.1666666666667
95,WFAgent6,FEMALE_YOUNG,52,2236.0,52,2235.375
95,WFAgent7,MALE_YOUNG,55,2353.0,54,2310.218181818182
95,WFAgent8,MALE_YOUNG,55,2353.0,405,2310.218181818182
95,WFAgent9,FEMALE_YOUNG,52,2236.0,52,2236.0
95,WEAgent16,MALE_OLD,61,2603.0,797,0.0
95,WEAgent17,YOUNG_LOW_INCOME,89,3816.0,89,3815.875
95,WEAgent14,FEMALE_LOW_INCOME,102,4381.0,102,4373.25
95,WEAgent15,OLD_HIGH_INCOME,28,1215.0,337,1152.1475409836066
95,WEAgent12,FEMALE_LOW_INCOME,102,4381.0,1519,3858.75
95,WEAgent13,MALE_YOUNG,55,2353.0,54,2310.218181818182
95,WFAgent13,MALE_OLD_LOW_INCOME,42,1795.0,42,1794.9999999999984
95,WEAgent9,FEMALE_LOW_INCOME,102,4381.0,102,4373.25
95,WEAgent10,FEMALE_HIGH_INCOME,15,663.0,15,640.0819672131148
95,WFAgent12,FEMALE_LOW_INCOME,102,4381.0,102,4373.25
95,WEAgent11,OLD_LOW_INCOME,98,4196.0,1644,1153.9285714285706
95,WFAgent11,MALE_OLD_HIGH_INCOME,18,808.0,18,768.0983606557378
95,WEAgent7,FEMALE_OLD_LOW_INCOME,56,2401.0,2184,2229.5
95,WFAgent10,FEMALE_YOUNG,52,2236.0,52,2236.0
95,WEAgent8,FEMALE_LOW_INCOME,102,4381.0,102,4373.25
95,WEAgent1,FEMALE_OLD_HIGH_INCOME,9,407.0,9,384.0491803278689
95,WEAgent2,OLD_HIGH_INCOME,28,1215.0,28,1194.8196721311476
95,WEAgent0,MALE_OLD_LOW_INCOME,42,1795.0,42,1794.9999999999984
95,WEAgent5,FEMALE_YOUNG_LOW_INCOME,46,1980.0,46,1972.25
95,WEAgent6,YOUNG_HIGH_INCOME,18,773.0,18,770.072727272727
95,WEAgent3,FEMALE_YOUNG,52,2236.0,27,0.0
95,WEAgent4,FEMALE_HIGH_INCOME,15,663.0,15,640.0819672131148
95,WFAgent0,FEMALE_YOUNG_LOW_INCOME,46,1980.0,46,1972.25
95,WFAgent1,MALE_OLD_LOW_INCOME,42,1795.0,42,1794.9999999999984
95,WFAgent2,FEMALE_YOUNG,52,2236.0,52,2236.0
95,WFAgent3,FEMALE_OLD_HIGH_INCOME,9,407.0,9,384.0491803278689
95,WFAgent4,FEMALE_OLD_LOW_INCOME,56,2401.0,56,2401.0
95,WFAgent5,FEMALE_HIGH_INCOME,15,663.0,15,645.0
96,WFAgent6,FEMALE_LOW_INCOME,102,4381.0,102,4373.25
96,WFAgent7,YOUNG_LOW_INCOME,89,3816.0,0,0.0
96,WFAgent8,FEMALE_YOUNG_HIGH_INCOME,6,256.0,0,0.0
96,WFAgent9,OLD_LOW_INCOME,98,4196.0,0,0.0
96,WEAgent16,MALE_YOUNG_LOW_INCOME,43,1836.0,42,1793.3023255813962
96,WEAgent17,MALE_OLD,61,2603.0,61,2602.9999999999973
96,WEAgent14,FEMALE_LOW_INCOME,102,4381.0,102,4355.16279069767
96,WEAgent15,FEMALE_YOUNG,52,2236.0,52,2218.6666666666674
96,WEAgent12,MALE_LOW_INCOME,85,3631.0,85,3629.3023255813905
96,WEAgent13,FEMALE_YOUNG_LOW_INCOME,46,1980.0,46,1964.093023255815
96,WFAgent13,MALE_OLD_LOW_INCOME,42,1795.0,42,1794.5553709856033
96,WEAgent9,MALE_LOW_INCOME,85,3631.0,85,3629.3023255813905
96,WEAgent10,FEMALE_YOUNG,52,2236.0,118,1962.6666666666679
96,WFAgent12,MALE_YOUNG,55,2353.0,55,2348.3720930232557
96,WEAgent11,FEMALE_OLD_LOW_INCOME,56,2401.0,2214,2315.25
96,WFAgent11,MALE_OLD_LOW_INCOME,42,1795.0,42,1794.9999999999984
96,WEAgent7,YOUNG_LOW_INCOME,89,3816.0,1803,3671.999999999995
96,WFAgent10,FEMALE_OLD_LOW_INCOME,56,2401.0,56,2401.0
96,WEAgent8,MALE_YOUNG_LOW_INCOME,43,1836.0,42,1793.3023255813962
96,WEAgent1,MALE_OLD_LOW_INCOME,42,1795.0,42,1793.3023255813962
96,WEAgent2,OLD_LOW_INCOME,98,4196.0,1434,4184.37209302325
96,WEAgent0,MALE_YOUNG_LOW_INCOME,43,1836.0,1689,1579.8139534883726
96,WEAgent5,YOUNG_HIGH_INCOME,18,773.0,18,767.9999999999998
96,WEAgent6,OLD_LOW_INCOME,98,4196.0,98,4184.37209302325
96,WEAgent3,MALE_OLD,61,2603.0,752,2432.311475409834
96,WEAgent4,MALE_HIGH_INCOME,31,1325.0,493,0.0
96,WFAgent0,FEMALE_YOUNG_HIGH_INCOME,6,256.0,0,0.0
96,WFAgent1,MALE_OLD_HIGH_INCOME,18,808.0,18,768.0983606557378
96,WFAgent2,MALE_HIGH_INCOME,31,1325.0,31,1322.8360655737706
96,WFAgent3,YOUNG_LOW_INCOME,89,3816.0,0,0.0
96,WFAgent4,YOUNG_HIGH_INCOME,18,773.0,18,767.9999999999998
96,WFAgent5,FEMALE_YOUNG,52,2236.0,52,2218.6666666666674
97,WFAgent6,OLD_HIGH_INCOME,28,1215.0,28,1194.8196721311476
97,WFAgent7,FEMALE_HIGH_INCOME,15,663.0,15,644.1666666666667
97,WFAgent8,MALE_YOUNG_LOW_INCOME,43,1836.0,1868,0.0
97,WFAgent9,YOUNG_HIGH_INCOME,18,773.0,18,772.4553734061932
97,WEAgent16,YOUNG_HIGH_INCOME,18,773.0,18,768.0983606557378
97,WEAgent17,OLD_LOW_INCOME,98,4196.0,1621,1624.0476190476177
97,WEAgent14,FEMALE_OLD,65,2808.0,343,1280.1639344262296
97,WEAgent15,MALE_YOUNG_HIGH_INCOME,12,517.0,12,512.3720930232558
97,WEAgent12,MALE_OLD_LOW_INCOME,42,1795.0,42,1794.9999999999984
97,WEAgent13,YOUNG_HIGH_INCOME,18,773.0,18,768.0983606557378
97,WFAgent13,MALE_OLD,61,2603.0,0,0.0
97,WEAgent9,FEMALE_OLD_LOW_INCOME,56,2401.0,56,2401.0
97,WEAgent10,FEMALE_YOUNG,52,2236.0,151,682.7540983606558
97,WFAgent12,FEMALE_HIGH_INCOME,15,663.0,15,652.2
97,WEAgent11,MALE_OLD_HIGH_INCOME,18,808.0,18,768.0983606557378
97,WFAgent11,FEMALE_OLD_LOW_INCOME,56,2401.0,56,2401.0
97,WEAgent7,MALE_YOUNG,55,2353.0,470,341.58139534883725
97,WFAgent10,FEMALE_OLD_HIGH_INCOME,9,407.0,9,390.5357142857144
97,WEAgent8,MALE_OLD_LOW_INCOME,42,1795.0,42,1794.9999999999984
97,WEAgent1,MALE_OLD,61,2603.0,775,384.0491803278689
97,WEAgent2,FEMALE_OLD_LOW_INCOME,56,2401.0,2269,2186.625
97,WEAgent0,OLD_HIGH_INCOME,28,1215.0,28,1194.8196721311476
97,WEAgent5,MALE_OLD_HIGH_INCOME,18,808.0,18,768.0983606557378
97,WEAgent6,MALE_OLD_LOW_INCOME,42,1795.0,42,1794.9999999999984
97,WEAgent3,FEMALE_HIGH_INCOME,15,663.0,15,640.0819672131148
97,WEAgent4,MALE_OLD_LOW_INCOME,42,1795.0,42,1794.9999999999984
97,WFAgent0,MALE_OLD_HIGH_INCOME,18,808.0,18,768.0983606557378
97,WFAgent1,YOUNG_HIGH_INCOME,18,773.0,0,0.0
97,WFAgent2,YOUNG_LOW_INCOME,89,3816.0,1962,0.0
97,WFAgent3,YOUNG_HIGH_INCOME,18,773.0,17,730.0555555555557
97,WFAgent4,FEMALE_HIGH_INCOME,15,663.0,14,618.8000000000001
97,WFAgent5,MALE_YOUNG,55,2353.0,0,0.0
98,WFAgent6,MALE_YOUNG,55,2353.0,55,2346.9672131147527
98,WFAgent7,YOUNG_LOW_INCOME,89,3816.0,89,3815.9747191011206
98,WFAgent8,OLD_HIGH_INCOME,28,1215.0,0,0.0
98,WFAgent9,YOUNG_LOW_INCOME,89,3816.0,89,3815.999999999994
98,WEAgent16,MALE_OLD,61,2603.0,735,1024.1311475409836
98,WEAgent17,FEMALE_YOUNG_LOW_INCOME,46,1980.0,46,1972.25
98,WEAgent14,MALE_HIGH_INCOME,31,1325.0,31,1322.8360655737706
98,WEAgent15,MALE_YOUNG,55,2353.0,384,1792.2295081967216
98,WEAgent12,FEMALE_YOUNG_LOW_INCOME,46,1980.0,1688,1500.625
98,WEAgent13,MALE_YOUNG_HIGH_INCOME,12,517.0,12,512.0655737704918
98,WFAgent13,FEMALE_HIGH_INCOME,15,663.0,14,618.8000000000001
98,WEAgent9,MALE_HIGH_INCOME,31,1325.0,31,1322.8360655737706
98,WEAgent10,FEMALE_OLD_LOW_INCOME,56,2401.0,56,2401.0
98,WFAgent12,MALE_LOW_INCOME,85,3631.0,1840,0.0
98,WEAgent11,MALE_OLD_HIGH_INCOME,18,808.0,18,768.0983606557378
98,WFAgent11,FEMALE_YOUNG_HIGH_INCOME,6,256.0,6,255.99999999999997
98,WEAgent7,FEMALE_YOUNG_HIGH_INCOME,6,256.0,6,255.99999999999997
98,WFAgent10,FEMALE_HIGH_INCOME,15,663.0,15,649.1999999999999
98,WEAgent8,FEMALE_OLD_LOW_INCOME,56,2401.0,56,2401.0
98,WEAgent1,MALE_OLD_HIGH_INCOME,18,808.0,18,768.0983606557378
98,WEAgent2,FEMALE_OLD_HIGH_INCOME,9,407.0,416,0.0
98,WEAgent0,FEMALE_YOUNG_HIGH_INCOME,6,256.0,6,255.99999999999997
98,WEAgent5,FEMALE_YOUNG_HIGH_INCOME,6,256.0,6,255.99999999999997
98,WEAgent6,MALE_OLD_HIGH_INCOME,18,808.0,18,768.0983606557378
98,WEAgent3,YOUNG_HIGH_INCOME,18,773.0,194,255.99999999999997
98,WEAgent4,MALE_HIGH_INCOME,31,1325.0,31,1322.8360655737706
98,WFAgent0,YOUNG_LOW_INCOME,89,3816.0,89,3815.999999999994
98,WFAgent1,OLD_LOW_INCOME,98,4196.0,0,0.0
98,WFAgent2,MALE_YOUNG_HIGH_INCOME,12,517.0,12,513.3818181818181
98,WFAgent3,MALE_OLD_LOW_INCOME,42,1795.0,1736,0.0
98,WFAgent4,YOUNG_LOW_INCOME,89,3816.0,0,0.0
98,WFAgent5,FEMALE_LOW_INCOME,102,4381.0,2303,2744.0
99,WFAgent6,MALE_YOUNG_HIGH_INCOME,12,517.0,12,516.6586021505375
99,WFAgent7,MALE_YOUNG,55,2353.0,1846,0.0
99,WFAgent8,MALE_YOUNG_HIGH_INCOME,12,517.0,12,516.9999999999999
99,WFAgent9,FEMALE_OLD,65,2808.0,65,2773.333333333332
99,WEAgent16,MALE_YOUNG,55,2353.0,55,2346.9672131147527
99,WEAgent17,FEMALE_OLD,65,2808.0,285,1877.3333333333344
99,WEAgent14,MALE_HIGH_INCOME,31,1325.0,31,1322.8360655737706
99,WEAgent15,FEMALE_OLD_LOW_INCOME,56,2401.0,56,2401.0
99,WEAgent12,OLD_LOW_INCOME,98,4196.0,98,4186.329411764698
99,WEAgent13,MALE_HIGH_INCOME,31,1325.0,31,1322.8360655737706
99,WFAgent13,YOUNG_HIGH_INCOME,18,773.0,220,469.33333333333337
99,WEAgent9,MALE_LOW_INCOME,85,3631.0,85,3630.9999999999936
99,WEAgent10,OLD_HIGH_INCOME,28,1215.0,28,1194.6666666666665
99,WFAgent12,FEMALE_OLD,65,2808.0,0,0.0
99,WEAgent11,MALE_OLD,61,2603.0,736,810.7704918032788
99,WFAgent11,OLD_LOW_INCOME,98,4196.0,2324,0.0
99,WEAgent7,OLD_HIGH_INCOME,28,1215.0,28,1194.6666666666665
99,WFAgent10,MALE_HIGH_INCOME,31,1325.0,31,1322.8360655737706
99,WEAgent8,MALE_OLD_LOW_INCOME,42,1795.0,42,1794.1411764705892
99,WEAgent1,MALE_YOUNG,55,2353.0,368,1664.2131147540986
99,WEAgent2,FEMALE_OLD_LOW_INCOME,56,2401.0,56,2400.7066326530603
99,WEAgent0,YOUNG_HIGH_INCOME,18,773.0,18,767.9999999999998
99,WEAgent5,MALE_OLD_HIGH_INCOME,18,808.0,18,768.0983606557378
99,WEAgent6,FEMALE_YOUNG_HIGH_INCOME,6,256.0,6,255.99999999999997
99,WEAgent3,FEMALE_HIGH_INCOME,15,663.0,15,639.9999999999999
99,WEAgent4,OLD_HIGH_INCOME,28,1215.0,28,1194.6666666666665
99,WFAgent0,FEMALE_LOW_INCOME,102,4381.0,0,0.0
99,WFAgent1,FEMALE_YOUNG_LOW_INCOME,46,1980.0,1915,0.0
99,WFAgent2,MALE_LOW_INCOME,85,3631.0,1567,3246.5411764705837
99,WFAgent3,FEMALE_OLD,65,2808.0,0,0.0
99,WFAgent4,FEMALE_YOUNG_HIGH_INCOME,6,256.0,6,255.99999999999997
99,WFAgent5,MALE_OLD_HIGH_INCOME,18,808.0,18,768.0983606557378

