0,WEAgent1,MALE_YOUNG,31,34.534646343400894,34,29.235393740470162
0,WEAgent2,OLD_HIGH_INCOME,16,14.37549951067229,79,0.0
0,WEAgent0,FEMALE_YOUNG_LOW_INCOME,27,29.507232804245383,339,25.55417029018498
0,WEAgent5,MALE_YOUNG,31,29.98763833909829,31,26.655800175134562
0,WEAgent6,OLD_LOW_INCOME,56,60.56150786501635,319,0.0
0,SIAgent7,OLD_LOW_INCOME,56,59.721116318894495,63,59.396704432071694
0,WEAgent3,MALE_OLD,35,36.47304169865772,101,0.0
0,SIAgent8,FEMALE_YOUNG_LOW_INCOME,27,23.7918137184481,27,23.791813718448086
0,WEAgent4,YOUNG_HIGH_INCOME,11,12.576310683702763,51,0.0
0,SIAgent5,YOUNG_HIGH_INCOME,11,11.2533021990152,11,10.461470946543244
0,SIAgent6,MALE_YOUNG,31,26.655800175134576,380,24.936071131577496
0,SIAgent3,MALE_HIGH_INCOME,18,17.73422410771719,20,17.267424470335442
0,SIAgent4,MALE_OLD_HIGH_INCOME,11,11.338926153383031,11,10.837581399160506
0,SIAgent1,MALE_OLD_HIGH_INCOME,11,9.528643774328625,11,9.458509739563883
0,SIAgent2,MALE_OLD,35,41.022524200967275,38,40.09739876993058
0,SIAgent0,FEMALE_OLD_LOW_INCOME,32,30.16975463216339,420,0.0
0,WEAgent9,MALE_YOUNG_LOW_INCOME,25,29.305309200675445,34,29.235393740470162
0,WEAgent7,MALE_YOUNG_HIGH_INCOME,7,6.9920140572167275,0,0.0
0,WEAgent8,FEMALE_YOUNG_LOW_INCOME,27,27.763121054606298,31,27.316526861921876
1,WEAgent1,FEMALE_LOW_INCOME,58,62.09340920031612,58,61.394259056295546
1,WEAgent2,MALE_OLD_HIGH_INCOME,11,10.778223169950058,135,0.0
1,WEAgent0,FEMALE_LOW_INCOME,58,61.39425905629552,331,57.16017222482689
1,WEAgent5,MALE_HIGH_INCOME,18,17.064427432507987,97,0.0
1,WEAgent6,FEMALE_YOUNG_HIGH_INCOME,4,4.773644754444993,5,4.332032545414944
1,SIAgent7,MALE_LOW_INCOME,48,41.58751243598347,101,40.721105926900506
1,WEAgent3,OLD_HIGH_INCOME,16,15.86218549977998,10,8.664065090829888
1,SIAgent8,MALE_OLD_HIGH_INCOME,11,12.447783487320468,11,11.596721299796915
1,WEAgent4,FEMALE_YOUNG,30,38.94174298157243,45,5.198439054497933
1,SIAgent5,FEMALE_OLD,37,36.86411869764185,289,36.389073381485545
1,SIAgent6,MALE_LOW_INCOME,48,47.921593818857346,55,47.652357999564444
1,SIAgent3,FEMALE_OLD_LOW_INCOME,32,37.36591246894341,37,36.86411869764185
1,SIAgent4,MALE_OLD,35,36.898658681172,38,36.48636812302013
1,SIAgent1,FEMALE_HIGH_INCOME,9,9.103525030266855,9,8.447263698175448
1,SIAgent2,FEMALE_YOUNG_LOW_INCOME,27,30.096261532099863,28,29.638607820280605
1,SIAgent0,MALE_LOW_INCOME,48,52.082364784096264,50,51.65063333757388
1,WEAgent9,OLD_HIGH_INCOME,16,17.167131722966786,9,7.797658581746899
1,WEAgent7,OLD_LOW_INCOME,56,51.06530278437907,233,0.0
1,WEAgent8,FEMALE_HIGH_INCOME,9,9.944890502893772,11,9.530471599912877
2,WEAgent1,YOUNG_HIGH_INCOME,11,8.78846013510304,8,5.430751186761236
2,WEAgent2,OLD_HIGH_INCOME,16,14.434020429167198,21,14.255721865248251
2,WEAgent0,FEMALE_OLD_HIGH_INCOME,6,4.826624988929397,0,0.0
2,WEAgent5,MALE_YOUNG_HIGH_INCOME,7,7.07291988866363,7,7.064662543565103
2,WEAgent6,MALE_YOUNG,31,31.28636269293117,98,11.101612568459448
2,SIAgent7,OLD_LOW_INCOME,56,59.04484319742677,58,58.79427253525241
2,WEAgent3,FEMALE_HIGH_INCOME,9,9.082053458984424,11,7.467282881796699
2,SIAgent8,OLD_HIGH_INCOME,16,18.06986130737774,23,18.018036159122367
2,WEAgent4,YOUNG_HIGH_INCOME,11,11.61274785132804,9,6.10959508510639
2,SIAgent5,FEMALE_LOW_INCOME,58,67.1619411212694,112,66.42544859710517
2,SIAgent6,FEMALE_HIGH_INCOME,9,8.514221582290201,12,8.146126780141854
2,SIAgent3,MALE_OLD_HIGH_INCOME,11,12.908087820410827,11,12.423029648822197
2,SIAgent4,MALE_OLD_LOW_INCOME,24,19.357305189344665,274,0.0
2,SIAgent1,OLD_LOW_INCOME,56,56.7668838271402,64,56.62759755641626
2,SIAgent2,FEMALE_OLD_LOW_INCOME,32,21.723004747044946,346,0.0
2,SIAgent0,FEMALE_OLD_LOW_INCOME,32,30.38859012811408,44,29.869131527186784
2,WEAgent9,OLD_HIGH_INCOME,16,15.917094696466677,148,10.861502373522475
2,WEAgent7,FEMALE_OLD,37,41.39284522694634,28,19.00762915366433
2,WEAgent8,FEMALE_OLD,37,33.24411059511493,30,20.365316950354636
3,WEAgent1,MALE_YOUNG_HIGH_INCOME,7,7.063113256339926,0,0.0
3,WEAgent2,MALE_YOUNG_HIGH_INCOME,7,8.52269774533666,12,7.965833424770673
3,WEAgent0,YOUNG_LOW_INCOME,51,53.26780196134849,319,0.0
3,WEAgent5,YOUNG_HIGH_INCOME,11,12.339835527812092,18,11.94875013715601
3,WEAgent6,MALE_YOUNG_HIGH_INCOME,7,6.3013888868274925,0,0.0
3,SIAgent7,FEMALE_YOUNG,30,32.76565571555483,30,32.683369479002614
3,WEAgent3,MALE_OLD_HIGH_INCOME,11,11.31687211825166,17,11.284930685091787
3,SIAgent8,FEMALE_HIGH_INCOME,9,8.779571245444517,9,8.519012275638518
3,WEAgent4,FEMALE_HIGH_INCOME,9,9.732294688168686,71,0.9465569195153908
3,SIAgent5,YOUNG_LOW_INCOME,51,55.55690443836864,82,54.92521297676751
3,SIAgent6,OLD_LOW_INCOME,56,53.04960238926547,213,52.44173671307369
3,SIAgent3,MALE_HIGH_INCOME,18,16.967676431233436,18,16.11399567182198
3,SIAgent4,MALE_YOUNG,31,32.74387696691905,33,32.594214896032476
3,SIAgent1,MALE_HIGH_INCOME,18,16.11399567182198,24,15.931666849541346
3,SIAgent2,MALE_OLD_LOW_INCOME,24,22.92809018397037,24,22.735543881113763
3,SIAgent0,MALE_OLD,35,23.2336808222478,373,15.267847397477123
3,WEAgent9,MALE_HIGH_INCOME,18,17.13651967520615,59,11.284930685091787
3,WEAgent7,FEMALE_OLD_HIGH_INCOME,6,5.679341517092345,6,5.679341517092345
3,WEAgent8,FEMALE_YOUNG,30,35.15794555871552,49,4.252073487715984
4,WEAgent1,FEMALE_YOUNG_HIGH_INCOME,4,3.9154609409103984,0,0.0
4,WEAgent2,FEMALE_LOW_INCOME,58,61.440889781336466,256,58.186494990358995
4,WEAgent0,FEMALE_OLD_LOW_INCOME,32,33.933136913185564,37,33.64780600085792
4,WEAgent5,FEMALE_LOW_INCOME,58,64.75406624783687,76,64.08947274300412
4,WEAgent6,FEMALE_HIGH_INCOME,9,10.453980449045543,25,4.21641268046079
4,SIAgent7,OLD_HIGH_INCOME,16,13.983379859477637,67,13.492520577474524
4,WEAgent3,FEMALE_HIGH_INCOME,9,8.780678547518773,10,8.432825360921578
4,SIAgent8,FEMALE_OLD_LOW_INCOME,32,29.100805189931158,400,26.372604703375124
4,WEAgent4,MALE_OLD_LOW_INCOME,24,20.46412415698496,311,0.0
4,SIAgent5,FEMALE_LOW_INCOME,58,59.01612019894595,62,58.77721634828663
4,SIAgent6,FEMALE_HIGH_INCOME,9,9.151134554674499,9,8.337669791765398
4,SIAgent3,FEMALE_YOUNG,30,29.75897689258978,30,29.29556765176955
4,SIAgent4,MALE_YOUNG,31,35.30695597267581,37,34.647222429379504
4,SIAgent1,MALE_LOW_INCOME,48,44.421987233870766,52,43.850691876792254
4,SIAgent2,YOUNG_LOW_INCOME,51,50.03677727239815,55,49.33885861115412
4,SIAgent0,MALE_YOUNG_LOW_INCOME,25,21.08206340230395,304,0.0
4,WEAgent9,FEMALE_OLD_HIGH_INCOME,6,6.067230515829715,64,2.5298476082764743
4,WEAgent7,MALE_HIGH_INCOME,18,18.447804125961717,83,8.432825360921578
4,WEAgent8,MALE_YOUNG_HIGH_INCOME,7,6.740295571833698,7,5.902977752645105
5,WEAgent1,FEMALE_OLD_HIGH_INCOME,6,6.479760049130719,30,0.0
5,WEAgent2,FEMALE_YOUNG_HIGH_INCOME,4,4.296973949833994,0,0.0
5,WEAgent0,MALE_OLD_HIGH_INCOME,11,10.544907930486563,11,9.837050818644844
5,WEAgent5,FEMALE_OLD_LOW_INCOME,32,27.115263452108934,418,0.0
5,WEAgent6,MALE_HIGH_INCOME,18,15.575121226540462,17,14.709836713954886
5,SIAgent7,MALE_OLD,35,36.62032927793702,38,35.79873472907835
5,WEAgent3,YOUNG_HIGH_INCOME,11,11.354122684950708,13,11.248698663612558
5,SIAgent8,YOUNG_HIGH_INCOME,11,11.392972292758135,13,11.248698663612558
5,WEAgent4,MALE_HIGH_INCOME,18,19.762488181464015,22,19.036259276882795
5,SIAgent5,FEMALE_OLD,37,37.986272140747545,44,37.846591617903314
5,SIAgent6,OLD_HIGH_INCOME,16,14.308437554392501,52,13.969770174712743
5,SIAgent3,YOUNG_HIGH_INCOME,11,12.23843502615395,11,11.392972292758131
5,SIAgent4,FEMALE_OLD_HIGH_INCOME,6,5.2386638155172776,6,5.084111897270425
5,SIAgent1,FEMALE_OLD_LOW_INCOME,32,37.89669493220403,36,36.959616136943566
5,SIAgent2,MALE_LOW_INCOME,48,52.25532600249591,104,51.268460989111865
5,SIAgent0,FEMALE_YOUNG_HIGH_INCOME,4,4.643481987090497,4,4.450340009510527
5,WEAgent9,MALE_LOW_INCOME,48,45.21945439462533,296,0.0
5,WEAgent7,FEMALE_YOUNG,30,28.65735425590423,44,0.0
5,WEAgent8,MALE_YOUNG,31,28.380427768236956,31,23.362681839810705
6,WEAgent1,FEMALE_YOUNG_HIGH_INCOME,4,3.871579358798128,0,0.0
6,WEAgent2,FEMALE_OLD,37,33.73927756140439,69,15.517373779052503
6,WEAgent0,MALE_YOUNG_HIGH_INCOME,7,7.159997989257045,8,7.153680922698881
6,WEAgent5,FEMALE_YOUNG,30,31.691560323311958,40,2.0355182833889467
6,WEAgent6,MALE_YOUNG_LOW_INCOME,25,22.355252883434,261,0.0
6,SIAgent7,MALE_LOW_INCOME,48,45.3142207595485,51,44.54430067100207
6,WEAgent3,FEMALE_YOUNG,30,30.532774250834198,373,24.426219400667353
6,SIAgent8,MALE_OLD_LOW_INCOME,24,20.68983170540334,266,0.0
6,WEAgent4,MALE_OLD_HIGH_INCOME,11,12.245389908543473,157,0.0
6,SIAgent5,MALE_OLD_LOW_INCOME,24,23.4065285880354,24,22.657110379774252
6,SIAgent6,MALE_YOUNG,31,32.91401141030988,34,32.85898227280394
6,SIAgent3,FEMALE_OLD_HIGH_INCOME,6,7.087760054070511,8,6.896610568467779
6,SIAgent4,MALE_YOUNG_LOW_INCOME,25,30.478316062382866,28,29.72878449963472
6,SIAgent1,MALE_OLD,35,34.397728789311884,36,33.864640144180086
6,SIAgent2,MALE_YOUNG_LOW_INCOME,25,25.76613948250858,27,25.489249177246037
6,SIAgent0,FEMALE_YOUNG_LOW_INCOME,27,28.79121747153031,28,28.497255967445245
6,WEAgent9,MALE_YOUNG,31,32.6312850299008,78,17.8842023067472
6,WEAgent7,FEMALE_YOUNG,30,30.654085121327864,30,30.53277425083419
6,WEAgent8,OLD_HIGH_INCOME,16,17.048557670802847,19,16.379450100110976
7,WEAgent1,FEMALE_YOUNG,30,29.201533227830613,141,28.994831648548054
7,WEAgent2,MALE_LOW_INCOME,48,54.20356468060405,58,53.76129157064099
7,WEAgent0,MALE_YOUNG,31,27.061568116727052,31,26.247131652415572
7,WEAgent5,MALE_OLD,35,35.11912999349611,73,30.480539983450345
7,WEAgent6,FEMALE_YOUNG_HIGH_INCOME,4,3.499196775825816,0,0.0
7,SIAgent7,YOUNG_HIGH_INCOME,11,10.780423999638243,12,10.351877569705007
7,WEAgent3,FEMALE_YOUNG_HIGH_INCOME,4,3.5995593241971857,0,0.0
7,SIAgent8,MALE_OLD,35,29.63385831724338,244,28.787176651036436
7,WEAgent4,MALE_OLD_HIGH_INCOME,11,12.671523784434298,14,11.853543326897348
7,SIAgent5,FEMALE_YOUNG_LOW_INCOME,27,25.514320959013745,29,25.4803066002392
7,SIAgent6,OLD_LOW_INCOME,56,59.82418645595647,65,59.09948140786481
7,SIAgent3,YOUNG_HIGH_INCOME,11,13.41745915918796,13,13.265957048480859
7,SIAgent4,MALE_HIGH_INCOME,18,18.991866281016616,19,18.273573286333882
7,SIAgent1,FEMALE_YOUNG,30,26.358937862316424,30,26.358937862316413
7,SIAgent2,OLD_HIGH_INCOME,16,15.353878772226416,18,15.256491333581215
7,SIAgent0,FEMALE_OLD,37,31.38724061452468,273,31.3272216496573
7,WEAgent9,FEMALE_YOUNG,30,35.41875227160488,24,4.39315631038607
7,WEAgent7,FEMALE_OLD_HIGH_INCOME,6,5.368314782909292,28,0.0
7,WEAgent8,MALE_YOUNG,31,28.461256465132966,57,18.62699665655298
8,WEAgent1,MALE_YOUNG_LOW_INCOME,25,24.045184484830447,25,24.045184484830443
8,WEAgent2,MALE_YOUNG_LOW_INCOME,25,26.034698832433676,306,25.96879924361688
8,WEAgent0,MALE_OLD_HIGH_INCOME,11,11.002100851763503,16,10.502888771724942
8,WEAgent5,FEMALE_LOW_INCOME,58,62.55071215792139,357,29.71286212978924
8,WEAgent6,MALE_OLD_LOW_INCOME,24,23.695306104043638,24,23.387378633510107
8,SIAgent7,MALE_HIGH_INCOME,18,22.14406063268553,37,21.644886632130046
8,WEAgent3,MALE_OLD,35,28.35895698474245,43,28.22651357401078
8,SIAgent8,FEMALE_HIGH_INCOME,9,7.207036928167502,119,0.0
8,WEAgent4,FEMALE_OLD_HIGH_INCOME,6,5.919828578038941,6,5.433192538938002
8,SIAgent5,MALE_OLD,35,39.34252924508692,40,38.97896438918349
8,SIAgent6,FEMALE_YOUNG_LOW_INCOME,27,22.284646597341922,26,21.459289315958895
8,SIAgent3,FEMALE_OLD_HIGH_INCOME,6,5.433192538938002,6,5.014191703276002
8,SIAgent4,MALE_YOUNG_LOW_INCOME,25,25.275355259556072,26,25.00699186422366
8,SIAgent1,MALE_OLD,35,22.97506918814831,237,22.97506918814831
8,SIAgent2,FEMALE_HIGH_INCOME,9,8.392247387315987,9,7.521287554914004
8,SIAgent0,FEMALE_OLD_HIGH_INCOME,6,6.257648946271651,6,5.594831591543992
8,WEAgent9,MALE_OLD_LOW_INCOME,24,23.387378633510103,23,22.41290452378052
8,WEAgent7,OLD_LOW_INCOME,56,64.53085490076964,66,64.31529124215268
8,WEAgent8,OLD_LOW_INCOME,56,59.205059075904515,68,58.63119398568932
9,WEAgent1,FEMALE_YOUNG,30,31.927386258963153,35,31.496176207468228
9,WEAgent2,FEMALE_OLD,37,36.83425201066967,16,15.256512538615079
9,WEAgent0,OLD_LOW_INCOME,56,57.390004760382844,261,35.59537036943225
9,WEAgent5,FEMALE_HIGH_INCOME,9,9.589859078630546,0,0.0
9,WEAgent6,OLD_LOW_INCOME,56,54.07897468826205,57,53.39305555414838
9,SIAgent7,OLD_HIGH_INCOME,16,19.343877393859984,18,18.781883722613724
9,WEAgent3,MALE_YOUNG_LOW_INCOME,25,23.41800682199489,336,0.0
9,SIAgent8,FEMALE_HIGH_INCOME,9,10.35140126669556,10,9.87494451170843
9,WEAgent4,MALE_OLD,35,34.32480749800463,151,0.0
9,SIAgent5,FEMALE_YOUNG_LOW_INCOME,27,28.053756497843835,411,0.0
9,SIAgent6,FEMALE_OLD_LOW_INCOME,32,37.61757524909524,39,37.18774931287426
9,SIAgent3,FEMALE_OLD,37,35.28068524554736,469,24.791832875249504
9,SIAgent4,FEMALE_HIGH_INCOME,9,7.674378214557059,0,0.0
9,SIAgent1,YOUNG_HIGH_INCOME,11,11.309997302908727,12,11.240643274557549
9,SIAgent2,FEMALE_HIGH_INCOME,9,7.878039594493332,3,2.5581260715190197
9,SIAgent0,MALE_LOW_INCOME,48,51.13784757274138,54,50.582894735508994
9,WEAgent9,FEMALE_OLD,37,37.86724648659725,16,15.256512538615079
9,WEAgent7,MALE_YOUNG,31,29.74983386018875,99,0.0
9,WEAgent8,YOUNG_HIGH_INCOME,11,13.017402108861168,13,12.177363547437345
10,WEAgent1,YOUNG_HIGH_INCOME,11,11.686150507038708,47,0.0
10,WEAgent2,MALE_OLD,35,33.61223239329881,36,30.964642609329882
10,WEAgent0,MALE_LOW_INCOME,48,55.42228574103211,62,55.3690450396408
10,WEAgent5,MALE_LOW_INCOME,48,45.69944888192546,50,45.27428077371799
10,WEAgent6,MALE_YOUNG,31,28.926061988139303,106,0.0
10,SIAgent7,MALE_OLD_HIGH_INCOME,11,11.403497760413726,13,11.181676497813559
10,WEAgent3,OLD_HIGH_INCOME,16,14.651732758780886,0,0.0
10,SIAgent8,MALE_OLD,35,30.104513647959585,229,28.384255725219056
10,WEAgent4,OLD_HIGH_INCOME,16,17.460665393415354,20,17.202579227405476
10,SIAgent5,YOUNG_HIGH_INCOME,11,11.078797204825284,12,10.865827385692318
10,SIAgent6,FEMALE_LOW_INCOME,58,52.51816569751287,772,0.0
10,SIAgent3,YOUNG_LOW_INCOME,51,53.86431650850728,113,53.423651312987246
10,SIAgent4,FEMALE_OLD_HIGH_INCOME,6,6.236653799639725,7,6.020902729591916
10,SIAgent1,OLD_HIGH_INCOME,16,11.426716379517138,44,0.0
10,SIAgent2,MALE_OLD,35,37.91541537218075,40,37.66258060917014
10,SIAgent0,FEMALE_OLD,37,41.11553347173956,44,40.77906387213099
10,WEAgent9,MALE_OLD,35,33.06548130101922,38,32.68490053207043
10,WEAgent7,FEMALE_OLD,37,33.00959354505442,42,32.622395873940626
10,WEAgent8,MALE_OLD_HIGH_INCOME,11,12.671200319710934,14,12.041805459183832
11,WEAgent1,MALE_YOUNG_LOW_INCOME,25,24.44978718071817,355,0.0
11,WEAgent2,FEMALE_OLD_LOW_INCOME,32,37.75917639657374,37,37.062165552386666
11,WEAgent0,FEMALE_OLD,37,36.0776703427531,28,25.027037426328345
11,WEAgent5,MALE_LOW_INCOME,48,51.5446305204188,143,46.57002050368232
11,WEAgent6,MALE_OLD,35,36.17252277584848,45,35.5195071638255
11,SIAgent7,MALE_OLD_LOW_INCOME,24,18.943737154040267,24,18.943737154040267
11,WEAgent3,FEMALE_OLD,37,47.002221380031116,35,31.283796782910432
11,SIAgent8,FEMALE_YOUNG_HIGH_INCOME,4,4.301384412303186,5,4.13582860869027
11,WEAgent4,MALE_YOUNG_HIGH_INCOME,7,6.717950210709729,68,0.0
11,SIAgent5,MALE_HIGH_INCOME,18,18.217070828950757,19,17.80549566523394
11,SIAgent6,MALE_YOUNG_HIGH_INCOME,7,6.6934983342184005,7,6.256759356582085
11,SIAgent3,OLD_LOW_INCOME,56,52.46598033046715,158,52.09527717361073
11,SIAgent4,OLD_HIGH_INCOME,16,14.301164243616192,109,13.407341478390185
11,SIAgent1,MALE_YOUNG_HIGH_INCOME,7,6.976764591779335,7,6.6934983342184005
11,SIAgent2,OLD_LOW_INCOME,56,56.09408840361224,59,55.27665784817072
11,SIAgent0,FEMALE_YOUNG_LOW_INCOME,27,28.575945014633763,28,28.264192289513623
11,WEAgent9,YOUNG_HIGH_INCOME,11,9.098822939118595,49,0.0
11,WEAgent7,MALE_LOW_INCOME,48,49.18567882099301,62,48.937987647937355
11,WEAgent8,FEMALE_LOW_INCOME,58,58.54725545684968,370,0.0
12,WEAgent1,FEMALE_HIGH_INCOME,9,10.086505770119832,0,0.0
12,WEAgent2,OLD_LOW_INCOME,56,50.90824721454735,150,46.62798305224087
12,WEAgent0,FEMALE_YOUNG,30,29.93031285357897,19,17.7712977322787
12,WEAgent5,FEMALE_OLD_LOW_INCOME,32,36.03537582154473,35,35.19922250542445
12,WEAgent6,MALE_LOW_INCOME,48,43.7752538347266,52,43.29741283422366
12,SIAgent7,FEMALE_LOW_INCOME,58,61.087156551042966,61,60.972811905770854
12,WEAgent3,MALE_LOW_INCOME,48,49.930948906258905,59,49.12591071575378
12,SIAgent8,FEMALE_YOUNG_HIGH_INCOME,4,4.034978051867156,4,3.741325838374462
12,WEAgent4,MALE_OLD_HIGH_INCOME,11,11.112848689392997,121,0.0
12,SIAgent5,MALE_HIGH_INCOME,18,19.74250083045849,31,19.475623757689874
12,SIAgent6,FEMALE_YOUNG_LOW_INCOME,27,26.827591724939772,28,26.189280868621246
12,SIAgent3,FEMALE_YOUNG_LOW_INCOME,27,29.403368668692558,27,28.43712460134757
12,SIAgent4,FEMALE_OLD,37,33.65097359861496,433,0.0
12,SIAgent1,FEMALE_YOUNG,30,28.059943787808464,348,18.706629191872317
12,SIAgent2,MALE_OLD_HIGH_INCOME,11,11.901770074143812,11,11.112848689392994
12,SIAgent0,FEMALE_OLD,37,41.449634938702566,40,41.26662709856942
12,WEAgent9,MALE_OLD_LOW_INCOME,24,28.337778645786912,34,28.309846853146208
12,WEAgent7,MALE_LOW_INCOME,48,39.96684261620643,47,39.13420006170214
12,WEAgent8,FEMALE_OLD_LOW_INCOME,32,32.18214629067378,31,31.176454219090235
13,WEAgent1,FEMALE_YOUNG,30,30.983361634993642,38,0.0
13,WEAgent2,FEMALE_OLD_LOW_INCOME,32,31.140386133755484,443,0.0
13,WEAgent0,FEMALE_OLD_HIGH_INCOME,6,4.798381631336582,6,4.798381631336582
13,WEAgent5,MALE_OLD_HIGH_INCOME,11,11.565770336223016,151,5.167490807032606
13,WEAgent6,MALE_OLD_LOW_INCOME,24,24.912660715381648,260,0.0
13,SIAgent7,MALE_YOUNG_LOW_INCOME,25,24.080162309527708,348,0.0
13,WEAgent3,MALE_YOUNG_HIGH_INCOME,7,6.7888571388177015,106,0.0
13,SIAgent8,FEMALE_OLD_HIGH_INCOME,6,5.583765674721171,6,4.798381631336582
13,WEAgent4,FEMALE_LOW_INCOME,58,61.599193210513775,342,0.0
13,SIAgent5,FEMALE_LOW_INCOME,58,67.97556686011855,67,67.15763092791352
13,SIAgent6,MALE_HIGH_INCOME,18,20.072008424170757,23,19.808714760291657
13,SIAgent3,MALE_OLD_LOW_INCOME,24,25.6357322350458,24,25.382043944491013
13,SIAgent4,OLD_LOW_INCOME,56,65.65853483089387,58,64.86045619179552
13,SIAgent1,FEMALE_YOUNG,30,30.78123156285222,31,30.167249067075613
13,SIAgent2,MALE_OLD_HIGH_INCOME,11,9.473733146226444,10,8.612484678387677
13,SIAgent0,MALE_OLD_LOW_INCOME,24,25.382043944491006,26,25.301563733676325
13,WEAgent9,FEMALE_HIGH_INCOME,9,8.281235140540916,10,7.9973027188943036
13,WEAgent7,FEMALE_HIGH_INCOME,9,10.849789905949104,45,10.396493534562595
13,WEAgent8,FEMALE_OLD_HIGH_INCOME,6,5.417993259728734,6,4.798381631336582
14,WEAgent1,FEMALE_OLD,37,36.98118412444373,69,0.0
14,WEAgent2,FEMALE_YOUNG,30,24.642552924728015,37,0.0
14,WEAgent0,OLD_LOW_INCOME,56,62.01122208668983,207,58.55723699933441
14,WEAgent5,FEMALE_OLD_LOW_INCOME,32,31.681065168194976,32,31.111109753019726
14,WEAgent6,FEMALE_YOUNG_LOW_INCOME,27,25.283770959401863,27,25.283770959401853
14,SIAgent7,MALE_YOUNG_HIGH_INCOME,7,7.407822512553728,122,0.0
14,WEAgent3,MALE_OLD_HIGH_INCOME,11,9.539599124503896,10,8.67236284045809
14,SIAgent8,FEMALE_YOUNG_HIGH_INCOME,4,4.039900162767917,4,3.2856737232970685
14,WEAgent4,FEMALE_OLD_LOW_INCOME,32,31.111109753019743,32,30.61994191376222
14,SIAgent5,MALE_OLD_LOW_INCOME,24,22.898378081424884,25,22.301338174445313
14,SIAgent6,OLD_LOW_INCOME,56,48.943362268100344,279,48.06937365617003
14,SIAgent3,MALE_OLD_LOW_INCOME,24,25.070325617420192,26,24.80657625487695
14,SIAgent4,MALE_YOUNG_LOW_INCOME,25,25.233157915897372,352,0.0
14,SIAgent1,FEMALE_YOUNG_HIGH_INCOME,4,4.043999417519903,4,4.039900162767917
14,SIAgent2,MALE_LOW_INCOME,48,56.82948709915924,55,56.57106493767263
14,SIAgent0,MALE_OLD_LOW_INCOME,24,21.409284647467505,24,20.975726686328724
14,WEAgent9,FEMALE_YOUNG_LOW_INCOME,27,27.750010903790287,359,26.22020692086118
14,WEAgent7,MALE_OLD,35,39.69840714244243,162,9.5395991245039
14,WEAgent8,MALE_OLD_HIGH_INCOME,11,10.07813690156835,11,9.5395991245039
15,WEAgent1,FEMALE_HIGH_INCOME,9,9.646780590582445,13,9.136220146165789
15,WEAgent2,OLD_HIGH_INCOME,16,16.21666119577868,12,3.5139308254483796
15,WEAgent0,MALE_OLD_HIGH_INCOME,11,10.730174086099337,15,10.541792476345142
15,WEAgent5,YOUNG_LOW_INCOME,51,58.87921141702449,384,0.0
15,WEAgent6,MALE_YOUNG_HIGH_INCOME,7,6.9771807344280745,9,6.3250754858070835
15,SIAgent7,FEMALE_YOUNG_HIGH_INCOME,4,3.53386622825196,5,3.5139308254483796
15,WEAgent3,YOUNG_HIGH_INCOME,11,10.460317288228113,8,0.0
15,SIAgent8,MALE_HIGH_INCOME,18,16.988091065937983,24,16.86686796215223
15,WEAgent4,MALE_OLD_LOW_INCOME,24,21.14214717202706,310,0.0
15,SIAgent5,OLD_LOW_INCOME,56,63.84396756327626,69,62.96732924663397
15,SIAgent6,MALE_OLD_HIGH_INCOME,11,7.730647815986435,11,7.730647815986435
15,SIAgent3,FEMALE_YOUNG_HIGH_INCOME,4,3.848132657842994,4,3.6627381010447655
15,SIAgent4,FEMALE_LOW_INCOME,58,54.25982371663018,60,53.88148649710274
15,SIAgent1,OLD_HIGH_INCOME,16,17.11752071716228,18,16.572959242262606
15,SIAgent2,FEMALE_OLD,37,31.079995599875307,335,30.922591263945765
15,SIAgent0,FEMALE_YOUNG,30,27.47053575783574,289,27.387463268952708
15,WEAgent9,MALE_OLD,35,37.98810847584178,99,9.839006311255465
15,WEAgent7,MALE_YOUNG,31,35.044770683135745,80,8.433433981076112
15,WEAgent8,MALE_YOUNG_HIGH_INCOME,7,6.493413159316015,9,6.3250754858070835
16,WEAgent1,FEMALE_YOUNG_LOW_INCOME,27,25.48194819453636,390,16.987965463024242
16,WEAgent2,MALE_HIGH_INCOME,18,19.294423606424907,20,18.47522364087752
16,WEAgent0,FEMALE_HIGH_INCOME,9,10.713400512104371,11,10.381534449625926
16,WEAgent5,FEMALE_YOUNG,30,30.50180619677459,32,30.200827489820878
16,WEAgent6,OLD_LOW_INCOME,56,47.305446236003114,56,47.30544623600307
16,SIAgent7,OLD_LOW_INCOME,56,52.49157778495764,119,52.34020745293179
16,WEAgent3,FEMALE_YOUNG,30,33.90668974790535,61,3.775103436227609
16,SIAgent8,MALE_LOW_INCOME,48,44.863034959655785,48,44.10347352604601
16,WEAgent4,FEMALE_OLD_HIGH_INCOME,6,6.014147426956603,6,5.662655154341413
16,SIAgent5,FEMALE_OLD_HIGH_INCOME,6,6.420552400447331,6,5.676513263349664
16,SIAgent6,OLD_LOW_INCOME,56,54.418498153391724,58,54.366276991563204
16,SIAgent3,MALE_YOUNG_HIGH_INCOME,7,7.9090353238517865,8,7.390089456351007
16,SIAgent4,MALE_OLD_LOW_INCOME,24,28.5329537512799,26,28.382076296507446
16,SIAgent1,MALE_YOUNG,31,28.636596643360157,368,25.865313097228526
16,SIAgent2,MALE_LOW_INCOME,48,52.39767931662912,51,51.60081832995796
16,SIAgent0,OLD_HIGH_INCOME,16,15.137368702265768,69,15.100413744910439
16,WEAgent9,MALE_YOUNG_LOW_INCOME,25,25.403273832595964,27,25.235457164806366
16,WEAgent7,FEMALE_OLD,37,36.723839637315045,30,4.718879295284511
16,WEAgent8,MALE_LOW_INCOME,48,46.40184744889867,179,45.61596601328868
17,WEAgent1,FEMALE_OLD_HIGH_INCOME,6,5.384740610404561,6,5.064262345328838
17,WEAgent2,FEMALE_YOUNG_HIGH_INCOME,4,3.8765450702879867,4,3.376174896885892
17,WEAgent0,FEMALE_LOW_INCOME,58,61.77270582128539,197,51.78301631541764
17,WEAgent5,FEMALE_LOW_INCOME,58,55.885449475403284,63,55.29372928595443
17,WEAgent6,YOUNG_HIGH_INCOME,11,11.919396730904092,14,11.816612139100622
17,SIAgent7,MALE_OLD_LOW_INCOME,24,22.302785349421512,24,22.302785349421505
17,WEAgent3,MALE_OLD_LOW_INCOME,24,27.0520592594166,324,26.019916240991755
17,SIAgent8,FEMALE_YOUNG_HIGH_INCOME,4,4.367917237782665,4,4.308593791511064
17,WEAgent4,FEMALE_YOUNG_LOW_INCOME,27,23.69731255112336,27,23.697312551123346
17,SIAgent5,MALE_YOUNG_HIGH_INCOME,7,7.441620277684943,112,0.0
17,SIAgent6,FEMALE_YOUNG_LOW_INCOME,27,29.441396447952418,27,28.857439892856092
17,SIAgent3,FEMALE_YOUNG_HIGH_INCOME,4,4.180617416418401,4,3.376174896885892
17,SIAgent4,FEMALE_HIGH_INCOME,9,9.694336030899894,10,9.244879761747239
17,SIAgent1,OLD_HIGH_INCOME,16,13.504699587543568,174,8.44043724221473
17,SIAgent2,MALE_YOUNG_LOW_INCOME,25,25.05184835172327,380,0.0
17,SIAgent0,FEMALE_YOUNG_LOW_INCOME,27,28.857439892856092,32,28.08570376429433
17,WEAgent9,FEMALE_YOUNG_LOW_INCOME,27,30.890506288211533,35,30.71873849219692
17,WEAgent7,YOUNG_HIGH_INCOME,11,12.61408898470128,32,10.972568414879149
17,WEAgent8,MALE_OLD,35,35.326538115293545,41,34.60579269308036
18,WEAgent1,YOUNG_HIGH_INCOME,11,8.695264106519568,0,0.0
18,WEAgent2,MALE_HIGH_INCOME,18,14.219338522857864,178,0.0
18,WEAgent0,FEMALE_OLD,37,39.465635131513984,50,39.26843244092521
18,WEAgent5,OLD_LOW_INCOME,56,52.43103208097986,218,50.28286001608795
18,WEAgent6,MALE_LOW_INCOME,48,52.49843172259241,67,51.83002493965989
18,SIAgent7,MALE_LOW_INCOME,48,37.13195816572646,139,37.13195816572645
18,WEAgent3,MALE_YOUNG,31,26.59029534126382,94,0.0
18,SIAgent8,MALE_YOUNG,31,33.16443092127208,32,32.387610615982766
18,WEAgent4,FEMALE_YOUNG,30,31.28122009234753,26,24.86188099909434
18,SIAgent5,FEMALE_YOUNG,30,28.68678576818579,342,11.474714307274317
18,SIAgent6,FEMALE_OLD,37,29.05864000628464,408,0.0
18,SIAgent3,FEMALE_LOW_INCOME,58,56.90093580444284,67,56.54942297028992
18,SIAgent4,YOUNG_HIGH_INCOME,11,11.350791870100485,11,10.492285883010588
18,SIAgent1,MALE_YOUNG,31,28.830742768741736,36,28.26981362847205
18,SIAgent2,FEMALE_OLD_HIGH_INCOME,6,6.50366476643881,8,6.282949190548031
18,SIAgent0,YOUNG_LOW_INCOME,51,51.43096844677004,52,50.60641884424709
18,WEAgent9,MALE_OLD_LOW_INCOME,24,21.71066607806988,28,21.660308930007087
18,WEAgent7,FEMALE_HIGH_INCOME,9,8.311140044500927,0,0.0
18,WEAgent8,FEMALE_OLD_LOW_INCOME,32,32.82348455583179,33,32.37467037149333
19,WEAgent1,FEMALE_LOW_INCOME,58,47.839919733485246,323,0.0
19,WEAgent2,FEMALE_YOUNG_HIGH_INCOME,4,3.98760984710039,5,3.9113536060263687
19,WEAgent0,MALE_OLD_LOW_INCOME,24,22.60771314525019,24,22.178184542969973
19,WEAgent5,OLD_LOW_INCOME,56,51.74909726692994,56,51.74909726692994
19,WEAgent6,MALE_HIGH_INCOME,18,18.368027711184997,22,17.896368875472973
19,SIAgent7,MALE_OLD,35,28.47149593825246,360,0.0
19,WEAgent3,MALE_LOW_INCOME,48,53.57351778747712,58,52.93356105156394
19,SIAgent8,FEMALE_YOUNG_LOW_INCOME,27,27.668312598405038,33,27.2192646759485
19,WEAgent4,YOUNG_HIGH_INCOME,11,8.604977933258011,31,6.25816576964219
19,SIAgent5,FEMALE_YOUNG_HIGH_INCOME,4,4.2622462538754675,5,3.9113536060263687
19,SIAgent6,FEMALE_OLD_HIGH_INCOME,6,6.044539200679558,7,5.6942991876504925
19,SIAgent3,FEMALE_YOUNG_HIGH_INCOME,4,4.284091126552269,4,4.2622462538754675
19,SIAgent4,FEMALE_OLD,37,37.9502667781454,38,37.155083892627836
19,SIAgent1,OLD_LOW_INCOME,56,53.98831951965573,79,53.597279312177434
19,SIAgent2,MALE_YOUNG_HIGH_INCOME,7,7.062144883621817,8,6.507770500171992
19,SIAgent0,FEMALE_LOW_INCOME,58,60.64490412689512,59,60.48830381219859
19,WEAgent9,OLD_HIGH_INCOME,16,16.77369473355366,58,0.0
19,WEAgent7,YOUNG_HIGH_INCOME,11,10.892461476781657,13,10.169519375668559
19,WEAgent8,MALE_YOUNG,31,32.40453003077789,67,17.896368875472973
20,WEAgent1,MALE_YOUNG,31,33.460032765345574,79,21.399001491206622
20,WEAgent2,FEMALE_OLD_HIGH_INCOME,6,6.105469163427255,6,5.253348167457632
20,WEAgent0,MALE_LOW_INCOME,48,48.2778527942368,204,45.365883161358084
20,WEAgent5,FEMALE_OLD_LOW_INCOME,32,39.1684628907297,44,38.52455322802263
20,WEAgent6,FEMALE_YOUNG,30,34.549062438439435,42,34.02918174999969
20,SIAgent7,MALE_YOUNG_LOW_INCOME,25,25.27838377132376,26,25.01037719712921
20,WEAgent3,FEMALE_YOUNG_LOW_INCOME,27,23.974988476291387,359,23.966881670151416
20,SIAgent8,MALE_YOUNG_LOW_INCOME,25,29.16407232520187,26,28.31317946255286
20,WEAgent4,MALE_HIGH_INCOME,18,18.59818290154072,21,17.975161252613564
20,SIAgent5,MALE_YOUNG_LOW_INCOME,25,24.04843961262424,28,23.966881670151416
20,SIAgent6,MALE_OLD_LOW_INCOME,24,28.275187722085718,25,27.873456539435026
20,SIAgent3,MALE_OLD_LOW_INCOME,24,26.758518277857632,24,25.93619010377694
20,SIAgent4,FEMALE_YOUNG_HIGH_INCOME,4,3.226800161133833,13,0.0
20,SIAgent1,MALE_YOUNG_LOW_INCOME,25,27.224211021685434,26,26.2895191221767
20,SIAgent2,FEMALE_OLD,37,32.3956470326554,539,7.004464223276842
20,SIAgent0,MALE_OLD_LOW_INCOME,24,25.936190103776934,23,24.855515516119567
20,WEAgent9,YOUNG_LOW_INCOME,51,52.85719818670971,61,52.21356363854423
20,WEAgent7,MALE_OLD_LOW_INCOME,24,26.38695063536947,275,21.613491753147446
20,WEAgent8,FEMALE_YOUNG,30,25.678801789447956,30,25.678801789447945
21,WEAgent1,MALE_OLD_LOW_INCOME,24,22.250651776141606,23,21.32354128546904
21,WEAgent2,YOUNG_LOW_INCOME,51,53.08344211030849,261,46.647671445840544
21,WEAgent0,FEMALE_HIGH_INCOME,9,9.612327855097043,10,8.801447442611412
21,WEAgent5,YOUNG_LOW_INCOME,51,49.56695761876091,56,49.28810567862398
21,WEAgent6,YOUNG_HIGH_INCOME,11,11.247483711581966,12,10.561736931133694
21,SIAgent7,MALE_OLD_LOW_INCOME,24,23.32114989870213,24,22.808221608305498
21,WEAgent3,FEMALE_OLD_HIGH_INCOME,6,5.850109364950731,57,4.400723721305706
21,SIAgent8,MALE_HIGH_INCOME,18,20.36563473107637,19,19.576284742271266
21,WEAgent4,FEMALE_HIGH_INCOME,9,10.555568954590818,32,3.520578977044565
21,SIAgent5,FEMALE_YOUNG,30,31.725603185889128,33,31.60799039306857
21,SIAgent6,MALE_LOW_INCOME,48,45.61644321661099,50,45.369243858988426
21,SIAgent3,YOUNG_LOW_INCOME,51,49.5560928664252,53,49.10459524214606
21,SIAgent4,FEMALE_YOUNG_LOW_INCOME,27,23.763908095050812,27,23.763908095050812
21,SIAgent1,FEMALE_OLD_HIGH_INCOME,6,5.467716141658315,6,5.280868465566847
21,SIAgent2,MALE_OLD_HIGH_INCOME,11,11.643397225272889,147,0.0
21,SIAgent0,FEMALE_OLD_HIGH_INCOME,6,5.565022608003484,6,5.467716141658315
21,WEAgent9,MALE_YOUNG,31,33.19339729031132,100,0.0
21,WEAgent7,MALE_OLD_LOW_INCOME,24,23.08014306272544,296,20.396430794796473
21,WEAgent8,FEMALE_YOUNG_LOW_INCOME,27,27.199492586072733,329,14.9624606524394
22,WEAgent1,FEMALE_LOW_INCOME,58,64.768367993439,358,0.0
22,WEAgent2,MALE_YOUNG_HIGH_INCOME,7,6.876738222717394,90,6.876738222717394
22,WEAgent0,OLD_LOW_INCOME,56,61.29719823138634,265,58.990478669446055
22,WEAgent5,MALE_YOUNG_LOW_INCOME,25,24.136496348974433,345,23.6928199136893
22,WEAgent6,MALE_OLD,35,39.88288291218097,125,0.0
22,SIAgent7,MALE_OLD_HIGH_INCOME,11,10.720108769033367,12,9.970221746948638
22,WEAgent3,YOUNG_HIGH_INCOME,11,10.39944278580851,47,0.9454038896189555
22,SIAgent8,OLD_LOW_INCOME,56,53.736099132815845,64,53.174515983726025
22,WEAgent4,FEMALE_YOUNG_HIGH_INCOME,4,4.561694410449453,4,3.781615558475822
22,SIAgent5,MALE_OLD_LOW_INCOME,24,27.981172507627573,26,27.767237594767433
22,SIAgent6,FEMALE_YOUNG_LOW_INCOME,27,22.42463471921302,26,21.59409269257551
22,SIAgent3,FEMALE_OLD_LOW_INCOME,32,32.802890213902565,34,32.6254887592096
22,SIAgent4,FEMALE_OLD_HIGH_INCOME,6,6.266525265544701,8,5.838670303313266
22,SIAgent1,FEMALE_OLD_LOW_INCOME,32,26.587257991863034,384,0.0
22,SIAgent2,MALE_OLD,35,37.378973685263865,38,36.8383351503886
22,SIAgent0,FEMALE_OLD_HIGH_INCOME,6,4.3790027274849495,67,0.0
22,WEAgent9,MALE_YOUNG_LOW_INCOME,25,22.78155760931662,24,21.870295304943966
22,WEAgent7,MALE_YOUNG_HIGH_INCOME,7,7.939947069632642,8,7.859129397391308
22,WEAgent8,OLD_LOW_INCOME,56,62.56020140853208,75,62.31388591842893
23,WEAgent1,MALE_YOUNG,31,31.733430279884573,69,4.747239492422323
23,WEAgent2,MALE_YOUNG_LOW_INCOME,25,23.62686842686811,29,22.944990880041228
23,WEAgent0,FEMALE_HIGH_INCOME,9,9.782479909359376,12,9.321678014916085
23,WEAgent5,FEMALE_HIGH_INCOME,9,6.991258511187064,33,6.991258511187064
23,WEAgent6,OLD_LOW_INCOME,56,61.90476712323419,78,61.7141134014902
23,SIAgent7,OLD_HIGH_INCOME,16,16.346487121070645,16,15.426287920690443
23,WEAgent3,MALE_LOW_INCOME,48,47.253425761406774,214,40.351535685589745
23,SIAgent8,FEMALE_OLD_LOW_INCOME,32,30.554351551696477,453,0.0
23,WEAgent4,FEMALE_HIGH_INCOME,9,8.685291745762457,41,6.991258511187064
23,SIAgent5,MALE_OLD_LOW_INCOME,24,26.305139096115294,33,26.11850364863158
23,SIAgent6,MALE_HIGH_INCOME,18,17.43323158361735,22,17.406544805548517
23,SIAgent3,MALE_LOW_INCOME,48,37.99055076164592,48,37.97791593937858
23,SIAgent4,YOUNG_HIGH_INCOME,11,10.673843204916924,11,9.886816065267663
23,SIAgent1,FEMALE_OLD,37,35.40381545593903,37,34.972435012154065
23,SIAgent2,MALE_YOUNG_LOW_INCOME,25,19.780164551759675,288,0.0
23,SIAgent0,FEMALE_YOUNG_LOW_INCOME,27,27.17966766416052,408,0.0
23,WEAgent9,MALE_YOUNG_HIGH_INCOME,7,6.024361408961641,7,5.53844607449271
23,WEAgent7,MALE_OLD,35,32.91866205275368,163,0.0
23,WEAgent8,FEMALE_HIGH_INCOME,9,9.554579482184373,12,9.321678014916085
24,WEAgent1,FEMALE_LOW_INCOME,58,54.240721154173485,243,34.290203092563985
24,WEAgent2,MALE_LOW_INCOME,48,55.402992794774065,285,0.0
24,WEAgent0,FEMALE_OLD,37,35.370392351140254,67,0.0
24,WEAgent5,YOUNG_HIGH_INCOME,11,10.599931217979087,91,6.6907713351344364
24,WEAgent6,MALE_OLD,35,30.892737623629273,110,17.950332249690852
24,SIAgent7,FEMALE_YOUNG_LOW_INCOME,27,31.749112873695854,29,31.662580077326922
24,WEAgent3,YOUNG_HIGH_INCOME,11,12.314015119792016,14,11.708849836485268
24,SIAgent8,MALE_OLD_LOW_INCOME,24,23.530373158173056,27,23.224528164152208
24,WEAgent4,MALE_OLD_HIGH_INCOME,11,11.261827600701906,14,10.926289195463996
24,SIAgent5,MALE_OLD_HIGH_INCOME,11,8.58494151072171,11,8.584941510721709
24,SIAgent6,MALE_LOW_INCOME,48,41.28805006960395,57,40.98097442769844
24,SIAgent3,YOUNG_LOW_INCOME,51,55.68246841185081,62,55.294891667338746
24,SIAgent4,FEMALE_LOW_INCOME,58,55.58675878366223,169,55.19886351485916
24,SIAgent1,MALE_YOUNG_HIGH_INCOME,7,6.705318471610149,8,6.6907713351344364
24,SIAgent2,FEMALE_YOUNG,30,25.090392506754142,30,25.090392506754135
24,SIAgent0,FEMALE_OLD,37,40.10232295695996,41,39.28190889173758
24,WEAgent9,MALE_OLD_HIGH_INCOME,11,13.203763976162248,16,12.487187651958854
24,WEAgent7,FEMALE_YOUNG_LOW_INCOME,27,28.572113790080472,34,28.43577817432135
24,WEAgent8,FEMALE_YOUNG,30,27.87341823831991,52,0.0
25,WEAgent1,YOUNG_HIGH_INCOME,11,10.820408197473515,26,4.959643768252298
25,WEAgent2,MALE_YOUNG_HIGH_INCOME,7,6.9903453775376265,8,6.61285835766973
25,WEAgent0,MALE_YOUNG_LOW_INCOME,25,26.94286353133781,27,26.686004916698874
25,WEAgent5,MALE_OLD,35,36.10184754358676,47,35.544113672474786
25,WEAgent6,MALE_OLD,35,36.15436020422171,43,35.544113672474786
25,SIAgent7,FEMALE_YOUNG,30,31.88075664272371,31,31.43118178892574
25,WEAgent3,YOUNG_LOW_INCOME,51,51.43808377966581,56,51.35382427812702
25,SIAgent8,FEMALE_YOUNG,30,30.382373773233812,387,0.0
25,WEAgent4,FEMALE_OLD_LOW_INCOME,32,33.2085553611307,436,0.0
25,SIAgent5,MALE_HIGH_INCOME,18,17.659767765434196,19,17.34584914407311
25,SIAgent6,MALE_YOUNG,31,26.511396244361784,107,26.451433430678918
25,SIAgent3,MALE_OLD,35,33.13159742325455,208,33.06429178834864
25,SIAgent4,YOUNG_HIGH_INCOME,11,11.272431868772042,11,10.999464551126186
25,SIAgent1,FEMALE_OLD,37,38.69526792270208,37,38.32232744852476
25,SIAgent2,MALE_HIGH_INCOME,18,17.976093765633102,18,17.659767765434196
25,SIAgent0,MALE_YOUNG_LOW_INCOME,25,24.70926381175821,24,23.720893259287887
25,WEAgent9,FEMALE_HIGH_INCOME,9,9.223871047634027,102,0.0
25,WEAgent7,YOUNG_HIGH_INCOME,11,9.092680241795879,10,8.266072947087164
25,WEAgent8,MALE_YOUNG_HIGH_INCOME,7,7.6782294450544395,9,7.439465652378447
26,WEAgent1,MALE_YOUNG_HIGH_INCOME,7,7.579009120770767,62,0.0
26,WEAgent2,YOUNG_LOW_INCOME,51,53.645916751809885,72,53.28023454923518
26,WEAgent0,OLD_LOW_INCOME,56,55.87337709666676,62,55.227515996609725
26,WEAgent5,FEMALE_YOUNG_HIGH_INCOME,4,3.68204630733537,4,3.68204630733537
26,WEAgent6,OLD_HIGH_INCOME,16,15.484435297613903,74,5.806663236605213
26,SIAgent7,FEMALE_LOW_INCOME,58,59.69995280892626,63,59.53192297353563
26,WEAgent3,FEMALE_OLD_HIGH_INCOME,6,6.277321175171312,6,5.806663236605213
26,SIAgent8,MALE_OLD_LOW_INCOME,24,23.776998785949438,26,23.159926063094417
26,WEAgent4,MALE_OLD_LOW_INCOME,24,23.659233498125303,26,23.159926063094417
26,SIAgent5,FEMALE_YOUNG_HIGH_INCOME,4,4.278250221516147,4,3.68204630733537
26,SIAgent6,MALE_OLD_LOW_INCOME,24,24.280889098766703,24,23.776998785949424
26,SIAgent3,MALE_YOUNG,31,32.36665570216832,122,32.366655702168316
26,SIAgent4,FEMALE_YOUNG_LOW_INCOME,27,19.98008795596317,27,19.98008795596317
26,SIAgent1,MALE_OLD_LOW_INCOME,24,21.378393289010244,24,21.378393289010234
26,SIAgent2,FEMALE_YOUNG_LOW_INCOME,27,30.51582042356312,29,29.84997640446315
26,SIAgent0,FEMALE_OLD_LOW_INCOME,32,32.861770194650155,452,0.0
26,WEAgent9,OLD_LOW_INCOME,56,59.964426678222175,192,57.00904877069391
26,WEAgent7,FEMALE_LOW_INCOME,58,59.603091577510696,254,53.28023454923518
26,WEAgent8,FEMALE_HIGH_INCOME,9,9.022408499562404,52,2.761534730501528
27,WEAgent1,OLD_HIGH_INCOME,16,16.810926906959434,17,16.533398528614256
27,WEAgent2,OLD_HIGH_INCOME,16,17.65056192594038,18,17.505951383238624
27,WEAgent0,FEMALE_YOUNG_LOW_INCOME,27,26.258927074857937,316,19.45105709248736
27,WEAgent5,FEMALE_YOUNG_HIGH_INCOME,4,3.824408541376677,0,0.0
27,WEAgent6,FEMALE_YOUNG_HIGH_INCOME,4,2.9577249022460754,0,0.0
27,SIAgent7,FEMALE_OLD_LOW_INCOME,32,33.62071361729625,33,32.73635142360811
27,WEAgent3,MALE_YOUNG,31,32.76631566533822,30,2.75235540980661
27,SIAgent8,MALE_LOW_INCOME,48,51.04616042469346,98,50.23513698304996
27,WEAgent4,FEMALE_YOUNG,30,32.82870274301012,33,32.094244202604145
27,SIAgent5,MALE_YOUNG,31,28.49999958750123,155,28.441005901334993
27,SIAgent6,MALE_YOUNG_HIGH_INCOME,7,6.42216262288209,7,6.42216262288209
27,SIAgent3,FEMALE_HIGH_INCOME,9,8.844782014167395,9,8.752975691619312
27,SIAgent4,MALE_HIGH_INCOME,18,19.72283578193521,55,19.306451333468573
27,SIAgent1,FEMALE_HIGH_INCOME,9,8.6667364675086,4,0.0
27,SIAgent2,FEMALE_LOW_INCOME,58,57.536617653614236,99,57.38061842283771
27,SIAgent0,MALE_YOUNG_LOW_INCOME,25,25.117568491524995,25,24.776176834494045
27,WEAgent9,FEMALE_YOUNG,30,34.352283010145285,35,33.73272155945923
27,WEAgent7,MALE_YOUNG_LOW_INCOME,25,29.362904697460813,29,29.13637945016898
27,WEAgent8,FEMALE_OLD,37,36.250263998585375,34,32.89431860900708
28,WEAgent1,OLD_LOW_INCOME,56,54.31318541688801,257,25.99920277834206
28,WEAgent2,MALE_YOUNG_LOW_INCOME,25,26.442202322630706,224,24.982856034564378
28,WEAgent0,YOUNG_HIGH_INCOME,11,10.52128699048021,13,10.50841407279747
28,WEAgent5,MALE_YOUNG_LOW_INCOME,25,25.218145474389846,26,24.982856034564378
28,WEAgent6,FEMALE_YOUNG,30,24.68846402010454,45,22.633507233717626
28,SIAgent7,YOUNG_LOW_INCOME,51,55.57257048571148,52,55.077554708622394
28,WEAgent3,MALE_YOUNG_HIGH_INCOME,7,5.658376808429407,79,0.0
28,SIAgent8,FEMALE_YOUNG_HIGH_INCOME,4,4.404893337383716,5,4.041697720306719
28,WEAgent4,FEMALE_LOW_INCOME,58,55.730986538643634,313,0.0
28,SIAgent5,MALE_OLD_HIGH_INCOME,11,10.992263984983193,151,9.992967259075629
28,SIAgent6,OLD_LOW_INCOME,56,51.99840555668415,132,51.06986260031483
28,SIAgent3,YOUNG_LOW_INCOME,51,54.01837096422585,56,53.9326718998049
28,SIAgent4,MALE_YOUNG_LOW_INCOME,25,24.132194382799636,25,24.021976956311903
28,SIAgent1,MALE_OLD_HIGH_INCOME,11,11.002683070558884,11,10.992263984983191
28,SIAgent2,YOUNG_LOW_INCOME,51,57.09080829998316,52,56.66222873052929
28,SIAgent0,OLD_LOW_INCOME,56,56.544157156826415,60,55.71257738216164
28,WEAgent9,MALE_OLD_HIGH_INCOME,11,11.87586294149028,11,10.992263984983191
28,WEAgent7,OLD_HIGH_INCOME,16,13.984980417081536,82,0.0
28,WEAgent8,MALE_OLD_LOW_INCOME,24,23.341385388141816,25,23.213573909233983
29,WEAgent1,FEMALE_YOUNG_LOW_INCOME,27,29.604165416708245,355,0.0
29,WEAgent2,MALE_OLD,35,30.529968717921793,171,0.0
29,WEAgent0,OLD_LOW_INCOME,56,68.24795479842419,197,58.33917447134422
29,WEAgent5,FEMALE_OLD_LOW_INCOME,32,31.413969431028892,435,0.0
29,WEAgent6,YOUNG_HIGH_INCOME,11,11.16034881369299,40,0.0
29,SIAgent7,MALE_LOW_INCOME,48,58.154765906247775,65,57.8249556714841
29,WEAgent3,MALE_YOUNG,31,34.32584123527136,78,0.0
29,SIAgent8,FEMALE_OLD_HIGH_INCOME,6,5.504645351445668,5,4.587204459538057
29,WEAgent4,MALE_LOW_INCOME,48,46.20952220842354,55,45.83792279891331
29,SIAgent5,FEMALE_LOW_INCOME,58,58.4503947353082,61,58.41581673188662
29,SIAgent6,FEMALE_OLD,37,41.69242014149543,41,40.957084347051236
29,SIAgent3,YOUNG_HIGH_INCOME,11,11.337568649332026,12,10.75866785211764
29,SIAgent4,MALE_YOUNG_HIGH_INCOME,7,7.722534348711184,7,7.227512100233814
29,SIAgent1,YOUNG_HIGH_INCOME,11,11.357519014653137,11,11.337568649332027
29,SIAgent2,YOUNG_LOW_INCOME,51,48.326009424966905,53,47.51744968018627
29,SIAgent0,MALE_OLD_LOW_INCOME,24,20.00200267588943,24,20.00200267588943
29,WEAgent9,MALE_OLD_LOW_INCOME,24,27.091304341184657,32,26.669336901185915
29,WEAgent7,MALE_YOUNG_LOW_INCOME,25,22.41389135857841,307,0.0
29,WEAgent8,FEMALE_OLD_HIGH_INCOME,6,5.665106272754517,51,4.587204459538057
30,WEAgent1,FEMALE_OLD,37,32.66667603604553,55,19.42342899440545
30,WEAgent2,MALE_YOUNG_HIGH_INCOME,7,6.507783783668813,7,6.507783783668812
30,WEAgent0,FEMALE_LOW_INCOME,58,60.609337638385156,289,16.29272724478356
30,WEAgent5,OLD_LOW_INCOME,56,56.826430291199856,145,56.228884279740065
30,WEAgent6,MALE_YOUNG_HIGH_INCOME,7,8.233755101479854,66,4.6484169883348665
30,SIAgent7,FEMALE_LOW_INCOME,58,54.98688878544229,63,54.698312802621054
30,WEAgent3,MALE_LOW_INCOME,48,53.09925481700037,65,52.96923881424788
30,SIAgent8,FEMALE_YOUNG_LOW_INCOME,27,21.995181780457816,27,21.995181780457802
30,WEAgent4,OLD_LOW_INCOME,56,63.67862773672254,78,63.56308657709748
30,SIAgent5,FEMALE_YOUNG_LOW_INCOME,27,24.553397827818195,30,24.439090867175334
30,SIAgent6,OLD_LOW_INCOME,56,45.63503651689045,278,44.82012515051742
30,SIAgent3,MALE_OLD_HIGH_INCOME,11,10.667777502812068,11,10.557795065559006
30,SIAgent4,FEMALE_HIGH_INCOME,9,10.4238104274282,11,9.992516066548532
30,SIAgent1,MALE_OLD_HIGH_INCOME,11,10.557795065559006,129,0.0
30,SIAgent2,MALE_YOUNG,31,30.417730707976098,32,30.029183703465815
30,SIAgent0,YOUNG_LOW_INCOME,51,47.90506238047272,108,47.288025446168355
30,WEAgent9,YOUNG_HIGH_INCOME,11,10.971063251826083,57,0.0
30,WEAgent7,FEMALE_HIGH_INCOME,9,7.996501719138946,9,7.945948224984048
30,WEAgent8,OLD_HIGH_INCOME,16,17.641557294231948,19,16.774779586077436
31,WEAgent1,MALE_YOUNG_LOW_INCOME,25,25.390975937322562,30,25.33288356813042
31,WEAgent2,YOUNG_LOW_INCOME,51,60.0829736645093,178,43.06590206582174
31,WEAgent0,FEMALE_OLD_HIGH_INCOME,6,6.119714972382281,6,5.333484139131953
31,WEAgent5,MALE_YOUNG,31,30.319924563338123,117,0.0
31,WEAgent6,FEMALE_YOUNG_HIGH_INCOME,4,4.014619849277709,40,0.0
31,SIAgent7,FEMALE_HIGH_INCOME,9,8.099823624356345,9,7.983042762934168
31,WEAgent3,MALE_OLD_LOW_INCOME,24,24.60752544215696,276,8.768372018260699
31,SIAgent8,FEMALE_LOW_INCOME,58,50.560373490644025,773,0.0
31,WEAgent4,MALE_YOUNG_LOW_INCOME,25,28.44375028012555,33,27.866171924943465
31,SIAgent5,YOUNG_LOW_INCOME,51,50.666756486381736,59,50.09434893552869
31,SIAgent6,FEMALE_YOUNG,30,32.37552517307759,33,32.1299739688639
31,SIAgent3,FEMALE_OLD_LOW_INCOME,32,28.445248742037084,32,28.058790458434252
31,SIAgent4,FEMALE_OLD_LOW_INCOME,32,30.15815486679335,33,29.334162765225734
31,SIAgent1,OLD_LOW_INCOME,56,49.10288330225992,56,48.867978579806
31,SIAgent2,MALE_OLD,35,35.19407264828539,40,35.07348807304282
31,SIAgent0,MALE_OLD,35,35.670420205668975,35,35.194072648285385
31,WEAgent9,FEMALE_OLD,37,44.299860510811186,72,4.444570115943295
31,WEAgent7,MALE_OLD,35,36.16567934547947,128,0.0
31,WEAgent8,YOUNG_LOW_INCOME,51,43.06590206582168,50,42.22147261355072
32,WEAgent1,MALE_YOUNG,31,29.06592688493349,32,28.839855207231018
32,WEAgent2,YOUNG_HIGH_INCOME,11,10.09994825756025,11,9.9396438710244
32,WEAgent0,MALE_YOUNG_HIGH_INCOME,7,6.968901999287615,0,0.0
32,WEAgent5,MALE_YOUNG_HIGH_INCOME,7,8.083667792412852,8,7.345416914589272
32,WEAgent6,FEMALE_YOUNG_LOW_INCOME,27,24.97276643086526,385,0.0
32,SIAgent7,MALE_YOUNG_HIGH_INCOME,7,7.661711966903856,8,7.575423573053691
32,WEAgent3,FEMALE_HIGH_INCOME,9,8.720865139251543,9,7.975046133148404
32,SIAgent8,FEMALE_HIGH_INCOME,9,7.975046133148403,11,7.088929896131915
32,WEAgent4,FEMALE_OLD,37,35.128968921553934,63,7.975046133148404
32,SIAgent5,MALE_YOUNG_HIGH_INCOME,7,5.479068010795033,35,0.0
32,SIAgent6,FEMALE_OLD_HIGH_INCOME,6,6.130279753070702,6,5.316697422098936
32,SIAgent3,OLD_LOW_INCOME,56,57.53330505206124,61,57.17917934515876
32,SIAgent4,FEMALE_OLD_LOW_INCOME,32,32.317380150116044,455,0.0
32,SIAgent1,MALE_LOW_INCOME,48,41.394747719574056,654,0.0
32,SIAgent2,MALE_YOUNG,31,29.35476634558306,33,28.626248667704765
32,SIAgent0,FEMALE_YOUNG_HIGH_INCOME,4,4.7773104036313585,5,4.590885571618295
32,WEAgent9,MALE_OLD,35,38.721163523469606,156,0.0
32,WEAgent7,FEMALE_OLD_HIGH_INCOME,6,5.930134942197946,6,5.316697422098936
32,WEAgent8,MALE_YOUNG,31,30.808407331860703,33,30.299844772680725
33,WEAgent1,FEMALE_HIGH_INCOME,9,9.354001651677464,92,0.0
33,WEAgent2,MALE_OLD,35,36.64451946458059,44,35.945156872964844
33,WEAgent0,FEMALE_YOUNG_HIGH_INCOME,4,4.270362485221486,0,0.0
33,WEAgent5,MALE_YOUNG_LOW_INCOME,25,25.683649109418255,29,25.50154755862984
33,WEAgent6,YOUNG_LOW_INCOME,51,46.41002587256116,52,45.726912863750044
33,SIAgent7,MALE_OLD_LOW_INCOME,24,20.982637276363082,25,20.423384586911848
33,WEAgent3,FEMALE_YOUNG_HIGH_INCOME,4,3.3733100813094876,0,0.0
33,SIAgent8,MALE_OLD,35,28.592738421676586,359,28.592738421676575
33,WEAgent4,FEMALE_YOUNG,30,30.19461039228999,46,29.843251595225347
33,SIAgent5,MALE_OLD,35,31.321640676290592,37,30.570656206861447
33,SIAgent6,FEMALE_HIGH_INCOME,9,10.174889529416156,9,9.267188370308569
33,SIAgent3,FEMALE_YOUNG_LOW_INCOME,27,27.659278701065066,30,27.504887450624167
33,SIAgent4,MALE_OLD_HIGH_INCOME,11,12.402969552104839,13,11.633752251193648
33,SIAgent1,OLD_LOW_INCOME,56,60.8833840154383,170,60.85347331393601
33,SIAgent2,FEMALE_YOUNG,30,33.5992202613521,32,32.78136734941043
33,SIAgent0,YOUNG_LOW_INCOME,51,44.84754915483181,106,44.847549154831775
33,WEAgent9,MALE_YOUNG_HIGH_INCOME,7,7.214256601022084,123,0.0
33,WEAgent7,YOUNG_LOW_INCOME,51,52.48029465317892,212,48.36500399050485
33,WEAgent8,FEMALE_YOUNG_LOW_INCOME,27,24.754398705561734,26,23.837569123874275
34,WEAgent1,MALE_OLD,35,31.056948609352084,162,0.0
34,WEAgent2,MALE_LOW_INCOME,48,41.547249389049725,50,40.824443266444064
34,WEAgent0,FEMALE_YOUNG_HIGH_INCOME,4,4.597620413140699,4,4.284621152476201
34,WEAgent5,MALE_OLD_LOW_INCOME,24,24.69629988889633,30,24.49466595986646
34,WEAgent6,OLD_LOW_INCOME,56,66.1462092069907,188,50.622309650390605
34,SIAgent7,FEMALE_YOUNG_HIGH_INCOME,4,4.284621152476201,45,0.0
34,WEAgent3,MALE_YOUNG,31,30.60031731534115,83,10.31353918829467
34,SIAgent8,FEMALE_OLD,37,35.32219371529822,449,33.41288594690372
34,WEAgent4,YOUNG_LOW_INCOME,51,51.794409358588815,339,47.73269420986246
34,SIAgent5,MALE_OLD_HIGH_INCOME,11,10.837995050462297,13,10.614355249275466
34,SIAgent6,MALE_OLD,35,37.677980741457745,43,37.47198897694412
34,SIAgent3,FEMALE_OLD,37,36.81397934401182,38,36.27684759949547
34,SIAgent4,MALE_LOW_INCOME,48,39.191465535786335,280,39.19146553578631
34,SIAgent1,FEMALE_OLD,37,39.06106176350552,39,38.80392417341784
34,SIAgent2,MALE_YOUNG_HIGH_INCOME,7,6.5631613016420625,7,6.5631613016420625
34,SIAgent0,FEMALE_OLD_HIGH_INCOME,6,5.480629015504753,0,0.0
34,WEAgent9,MALE_YOUNG_HIGH_INCOME,7,6.607688605446576,7,6.5631613016420625
34,WEAgent7,FEMALE_OLD,37,41.7452342201678,38,36.27684759949547
34,WEAgent8,FEMALE_LOW_INCOME,58,56.61639134846493,59,56.3245791676377
35,WEAgent1,FEMALE_OLD,37,32.824254657176276,60,0.0
35,WEAgent2,FEMALE_YOUNG,30,26.149850843906215,47,0.0
35,WEAgent0,FEMALE_YOUNG_LOW_INCOME,27,25.140899849515126,27,25.140899849515126
35,WEAgent5,MALE_YOUNG_HIGH_INCOME,7,7.065035431920154,87,0.0
35,WEAgent6,YOUNG_LOW_INCOME,51,55.61334366923755,257,22.347466532902335
35,SIAgent7,FEMALE_LOW_INCOME,58,60.05227864253275,179,59.593244087739556
35,WEAgent3,MALE_OLD_LOW_INCOME,24,27.51775362943145,36,26.921696070437456
35,SIAgent8,OLD_HIGH_INCOME,16,16.519360615858766,16,15.56984432653308
35,WEAgent4,MALE_YOUNG_LOW_INCOME,25,28.488437798319403,25,28.18628067009579
35,SIAgent5,OLD_HIGH_INCOME,16,18.25901828465827,17,17.551820654349942
35,SIAgent6,MALE_OLD,35,33.07969142051845,37,32.62000896175187
35,SIAgent3,OLD_HIGH_INCOME,16,15.569844326533076,17,15.395618744952184
35,SIAgent4,MALE_LOW_INCOME,48,54.11765888658392,79,53.87264031341569
35,SIAgent1,FEMALE_OLD_HIGH_INCOME,6,4.9991442985035315,6,4.486949345072907
35,SIAgent2,MALE_YOUNG_HIGH_INCOME,7,6.7447437569906725,7,6.744743756990671
35,SIAgent0,MALE_OLD,35,30.856765234089593,41,30.660820524664885
35,WEAgent9,MALE_OLD,35,32.06916341899979,115,8.226073799300329
35,WEAgent7,MALE_OLD_HIGH_INCOME,11,8.888746876695297,11,8.226073799300329
35,WEAgent8,OLD_LOW_INCOME,56,41.87819388734714,222,28.417345852128427
36,WEAgent1,MALE_OLD_LOW_INCOME,24,22.33559992319685,27,21.661045145840657
36,WEAgent2,MALE_HIGH_INCOME,18,20.328624263420835,25,19.860494176591374
36,WEAgent0,MALE_HIGH_INCOME,18,16.210732089229108,20,15.888395341273098
36,WEAgent5,MALE_HIGH_INCOME,18,16.79259101864174,47,13.505136040082133
36,WEAgent6,MALE_OLD_HIGH_INCOME,11,9.921028108923371,12,9.53303720476386
36,SIAgent7,MALE_LOW_INCOME,48,38.50852470371674,569,28.88139352778754
36,WEAgent3,OLD_HIGH_INCOME,16,12.776328027638236,68,0.0
36,SIAgent8,FEMALE_HIGH_INCOME,9,9.190035674306491,9,8.51038561456659
36,WEAgent4,MALE_OLD_HIGH_INCOME,11,8.738617437700205,133,8.738617437700205
36,SIAgent5,MALE_OLD,35,34.16834624519539,39,33.775079801974194
36,SIAgent6,FEMALE_LOW_INCOME,58,56.33965861350751,151,55.61572363613922
36,SIAgent3,MALE_OLD_HIGH_INCOME,11,12.435284345687732,12,11.714861569781272
36,SIAgent4,FEMALE_YOUNG_HIGH_INCOME,4,3.955169188822447,44,0.0
36,SIAgent1,FEMALE_OLD_HIGH_INCOME,6,6.348064377644944,6,6.12669044953766
36,SIAgent2,FEMALE_YOUNG_LOW_INCOME,27,24.219750615738075,319,0.0
36,SIAgent0,MALE_LOW_INCOME,48,41.824396010655825,52,41.71756842902645
36,WEAgent9,YOUNG_HIGH_INCOME,11,12.112588475941632,15,11.916296505954824
36,WEAgent7,MALE_OLD_LOW_INCOME,24,22.78830966726163,28,22.463306077168088
36,WEAgent8,MALE_OLD_LOW_INCOME,24,23.080358181556786,28,22.463306077168088
37,WEAgent1,MALE_OLD_HIGH_INCOME,11,11.701702154227704,13,11.091040942982945
37,WEAgent2,MALE_OLD,35,29.860494846492536,80,24.741552872808096
37,WEAgent0,FEMALE_LOW_INCOME,58,55.44891862744228,282,52.45970442233693
37,WEAgent5,OLD_LOW_INCOME,56,54.71153020490352,56,54.71153020490348
37,WEAgent6,MALE_HIGH_INCOME,18,17.5825067429796,20,17.063139912281454
37,SIAgent7,OLD_HIGH_INCOME,16,17.48400234640504,17,17.45985446077767
37,WEAgent3,FEMALE_HIGH_INCOME,9,8.310586199892702,41,7.678412960526652
37,SIAgent8,MALE_OLD,35,39.89043784335248,37,38.920658088274195
37,WEAgent4,FEMALE_HIGH_INCOME,9,8.334459488181631,21,5.118941973684435
37,SIAgent5,MALE_YOUNG_LOW_INCOME,25,25.774303412367406,26,25.30132464982553
37,SIAgent6,FEMALE_OLD,37,41.10208703684406,417,41.02388254866345
37,SIAgent3,OLD_HIGH_INCOME,16,14.886075682909699,17,14.503668925439237
37,SIAgent4,MALE_OLD,35,35.94675918395402,37,35.915630196568436
37,SIAgent1,MALE_YOUNG,31,30.16696400556122,436,0.0
37,SIAgent2,FEMALE_YOUNG_LOW_INCOME,27,24.006983379713528,26,23.11783584713156
37,SIAgent0,FEMALE_YOUNG_LOW_INCOME,27,33.10579033920702,37,32.89845870553337
37,WEAgent9,FEMALE_YOUNG_HIGH_INCOME,4,4.021436792715742,4,3.4126279824562897
37,WEAgent7,OLD_LOW_INCOME,56,58.15364405913341,237,45.918605707686865
37,WEAgent8,YOUNG_LOW_INCOME,51,48.28337468065216,54,48.01396675942703
38,WEAgent1,FEMALE_OLD_LOW_INCOME,32,33.014908177857606,271,22.098552724912263
38,WEAgent2,YOUNG_HIGH_INCOME,11,12.0287935578753,96,0.0
38,WEAgent0,FEMALE_YOUNG,30,30.490513453706967,321,17.542926077556668
38,WEAgent5,MALE_OLD_HIGH_INCOME,11,9.194686266493695,153,0.0
38,WEAgent6,FEMALE_YOUNG,30,31.331706023095204,30,26.314389116334997
38,SIAgent7,FEMALE_YOUNG_LOW_INCOME,27,29.914893071424572,28,29.284625516983674
38,WEAgent3,YOUNG_LOW_INCOME,51,48.82722974718598,55,48.24304671328088
38,SIAgent8,FEMALE_OLD_HIGH_INCOME,6,6.327348307101776,6,6.238487143498998
38,WEAgent4,FEMALE_OLD_LOW_INCOME,32,29.083445474912935,42,29.004350451447333
38,SIAgent5,FEMALE_OLD_LOW_INCOME,32,22.098552724912274,32,22.098552724912263
38,SIAgent6,OLD_LOW_INCOME,56,56.95882661825027,88,56.664398488893816
38,SIAgent3,FEMALE_YOUNG,30,26.314389116335015,30,26.314389116334997
38,SIAgent4,FEMALE_OLD,37,34.94304573481784,56,34.52898863267539
38,SIAgent1,YOUNG_LOW_INCOME,51,53.33985362022029,59,53.14308050292146
38,SIAgent2,FEMALE_YOUNG_LOW_INCOME,27,26.187557638134148,29,25.43724281245718
38,SIAgent0,FEMALE_HIGH_INCOME,9,9.357730715248495,10,9.040504389193256
38,WEAgent9,MALE_YOUNG_LOW_INCOME,25,27.40503868846492,31,27.19153542021283
38,WEAgent7,FEMALE_OLD_LOW_INCOME,32,29.735742492815728,43,29.69493022410084
38,WEAgent8,YOUNG_LOW_INCOME,51,53.22185556367669,255,38.59443737062468
39,WEAgent1,FEMALE_YOUNG,30,34.0983531040612,39,32.90834963736672
39,WEAgent2,MALE_LOW_INCOME,48,48.32023842246882,275,45.14649942760606
39,WEAgent0,FEMALE_YOUNG,30,26.86547438123225,29,25.969958568524525
39,WEAgent5,OLD_HIGH_INCOME,16,17.0475550223373,138,12.239148114797727
39,WEAgent6,MALE_OLD_HIGH_INCOME,11,11.485551954055245,11,11.21921910523125
39,SIAgent7,FEMALE_YOUNG,30,30.796999408198737,34,30.447537632063238
39,WEAgent3,MALE_YOUNG_LOW_INCOME,25,21.705047801733684,325,0.0
39,SIAgent8,MALE_LOW_INCOME,48,44.003187520187524,48,43.46547876475041
39,WEAgent4,FEMALE_OLD,37,38.291105364578286,362,37.97117265850006
39,SIAgent5,MALE_OLD_HIGH_INCOME,11,11.219219105231252,11,11.21921910523125
39,SIAgent6,MALE_LOW_INCOME,48,43.465478764750436,50,43.41009560346737
39,SIAgent3,FEMALE_LOW_INCOME,58,64.01192247855934,62,63.6887725734935
39,SIAgent4,YOUNG_HIGH_INCOME,11,11.310999349273162,11,10.50592811094624
39,SIAgent1,FEMALE_OLD,37,42.17483656630399,38,41.52629118429051
39,SIAgent2,FEMALE_OLD,37,43.57599930096692,38,43.31469701404192
39,SIAgent0,FEMALE_HIGH_INCOME,9,7.594234531700016,18,0.0
39,WEAgent9,YOUNG_HIGH_INCOME,11,11.145261160298976,104,0.0
39,WEAgent7,MALE_LOW_INCOME,48,45.4400725188615,52,45.14649942760606
39,WEAgent8,FEMALE_LOW_INCOME,58,63.864466550528746,293,24.17892694310904
40,WEAgent1,MALE_YOUNG_LOW_INCOME,25,26.7186653060662,26,26.059019533238178
40,WEAgent2,FEMALE_OLD,37,33.77879368686389,99,0.0
40,WEAgent0,FEMALE_YOUNG_LOW_INCOME,27,33.24067239164566,31,32.23304659388068
40,WEAgent5,MALE_OLD_LOW_INCOME,24,23.450511874169397,220,0.0
40,WEAgent6,MALE_OLD_HIGH_INCOME,11,9.266444088902663,11,9.266444088902663
40,SIAgent7,MALE_YOUNG_LOW_INCOME,25,28.51351749921485,26,27.78741191830886
40,WEAgent3,MALE_YOUNG_HIGH_INCOME,7,7.084222324467987,8,6.739232064656483
40,SIAgent8,MALE_HIGH_INCOME,18,19.56346151208261,18,18.765618606697046
40,WEAgent4,MALE_OLD_HIGH_INCOME,11,10.974052195703752,121,9.266444088902663
40,SIAgent5,MALE_LOW_INCOME,48,55.29433758260087,52,55.191798188677105
40,SIAgent6,OLD_LOW_INCOME,56,55.00436305429401,180,54.38852374594972
40,SIAgent3,OLD_HIGH_INCOME,16,17.32478003247724,19,16.91267233972542
40,SIAgent4,MALE_HIGH_INCOME,18,17.495548052761812,20,16.8480801616412
40,SIAgent1,MALE_LOW_INCOME,48,41.43887523500928,70,40.57556533427992
40,SIAgent2,FEMALE_YOUNG,30,31.193270897303872,304,31.168948299036213
40,SIAgent0,MALE_YOUNG,31,31.070369443476302,34,30.961605598512026
40,WEAgent9,FEMALE_HIGH_INCOME,9,8.811220162328741,7,4.212020040410302
40,WEAgent7,MALE_YOUNG_HIGH_INCOME,7,7.21564692581837,48,6.739232064656483
40,WEAgent8,FEMALE_YOUNG_HIGH_INCOME,4,4.213217332998288,5,4.212020040410302
41,WEAgent1,MALE_YOUNG,31,28.75428371171294,91,4.637787695437571
41,WEAgent2,FEMALE_LOW_INCOME,58,70.4366800617411,344,56.74753824809781
41,WEAgent0,FEMALE_OLD,37,33.893723716484196,23,15.472629057462395
41,WEAgent5,MALE_YOUNG_LOW_INCOME,25,25.68607549195862,334,0.0
41,WEAgent6,MALE_YOUNG_HIGH_INCOME,7,7.061770500136573,7,6.4929027736126
41,SIAgent7,FEMALE_HIGH_INCOME,9,9.51146767383693,14,9.418122034977106
41,WEAgent3,FEMALE_LOW_INCOME,58,53.08640674822047,57,52.171123873251204
41,SIAgent8,YOUNG_HIGH_INCOME,11,11.072630970593178,17,10.203132929962656
41,WEAgent4,OLD_HIGH_INCOME,16,13.516720446459004,20,13.454460049967299
41,SIAgent5,OLD_HIGH_INCOME,16,10.763568039973833,15,10.090845037475471
41,SIAgent6,MALE_OLD_LOW_INCOME,24,25.7365641684053,24,25.34105019988956
41,SIAgent3,MALE_OLD_LOW_INCOME,24,25.34105019988955,25,25.285488116333912
41,SIAgent4,MALE_YOUNG_LOW_INCOME,25,25.983294283160745,25,25.68607549195861
41,SIAgent1,MALE_OLD_LOW_INCOME,24,27.695586744581696,25,26.80892100875552
41,SIAgent2,MALE_OLD_HIGH_INCOME,11,12.701361343488998,18,12.109014044970568
41,SIAgent0,YOUNG_HIGH_INCOME,11,11.633133564213711,11,11.17308482265111
41,WEAgent9,OLD_HIGH_INCOME,16,18.207612795014416,24,16.14535205996076
41,WEAgent7,OLD_LOW_INCOME,56,56.639493380587986,265,0.0
41,WEAgent8,MALE_OLD_HIGH_INCOME,11,11.654703399536986,139,6.054507022485281
42,WEAgent1,MALE_YOUNG_HIGH_INCOME,7,5.946032941591005,7,5.946032941591004
42,WEAgent2,FEMALE_OLD,37,38.7712109385927,32,29.32702536324987
42,WEAgent0,MALE_YOUNG,31,33.459319698888955,86,18.687532102143155
42,WEAgent5,OLD_LOW_INCOME,56,52.34309912921605,57,52.23876392828889
42,WEAgent6,FEMALE_OLD_HIGH_INCOME,6,6.070109477885434,0,0.0
42,SIAgent7,MALE_YOUNG,31,33.829188779931556,33,33.29505822783747
42,WEAgent3,OLD_LOW_INCOME,56,58.00784352879271,63,57.73758118389826
42,SIAgent8,MALE_OLD_HIGH_INCOME,11,12.699968023351012,11,11.68228057899721
42,WEAgent4,YOUNG_LOW_INCOME,51,52.57805451848972,331,0.0
42,SIAgent5,OLD_HIGH_INCOME,16,16.992408114905032,17,16.337220686270072
42,SIAgent6,MALE_OLD_LOW_INCOME,24,23.474974517209542,25,22.911738565038966
42,SIAgent3,FEMALE_YOUNG_HIGH_INCOME,4,4.061677763817219,26,0.0
42,SIAgent4,MALE_OLD_HIGH_INCOME,11,10.817889112944696,11,10.081164968617147
42,SIAgent1,MALE_OLD_HIGH_INCOME,11,10.91412727686508,11,10.817889112944693
42,SIAgent2,FEMALE_YOUNG,30,30.97958358373246,284,30.46258322862912
42,SIAgent0,OLD_LOW_INCOME,56,51.32229438568729,642,42.157598959671716
42,WEAgent9,MALE_OLD,35,37.95331487110879,136,0.0
42,WEAgent7,FEMALE_OLD_LOW_INCOME,32,32.072502607626795,34,31.159964448452985
42,WEAgent8,FEMALE_OLD,37,42.34780373751049,38,34.82584261885923
43,WEAgent1,FEMALE_HIGH_INCOME,9,8.20191561919961,41,7.922056563883148
43,WEAgent2,FEMALE_YOUNG,30,28.779312438162652,34,9.682513578079403
43,WEAgent0,FEMALE_YOUNG_HIGH_INCOME,4,3.900791026788822,0,0.0
43,WEAgent5,MALE_HIGH_INCOME,18,16.949903096058417,19,16.610596919699685
43,WEAgent6,OLD_LOW_INCOME,56,54.93477359986852,287,0.0
43,SIAgent7,FEMALE_OLD_LOW_INCOME,32,28.167312227140073,444,0.0
43,WEAgent3,MALE_YOUNG_LOW_INCOME,25,27.9661045262568,25,27.83722480119446
43,SIAgent8,FEMALE_OLD_LOW_INCOME,32,29.321894611073713,33,29.04754073423821
43,WEAgent4,FEMALE_LOW_INCOME,58,73.73545969179045,370,0.0
43,SIAgent5,YOUNG_LOW_INCOME,51,52.37108149644739,59,51.933481918789454
43,SIAgent6,MALE_OLD_LOW_INCOME,24,22.532390978202272,25,22.00571267745319
43,SIAgent3,MALE_HIGH_INCOME,18,15.736354976557596,20,15.736354976557594
43,SIAgent4,FEMALE_HIGH_INCOME,9,8.898173340615415,10,8.802285070981275
43,SIAgent1,MALE_OLD_HIGH_INCOME,11,10.562224129111321,12,10.490903317705063
43,SIAgent2,MALE_OLD,35,39.81884298372007,37,39.512937922353544
43,SIAgent0,MALE_LOW_INCOME,48,53.44747161829337,63,52.546600564153465
43,WEAgent9,FEMALE_HIGH_INCOME,9,9.383166530405967,10,8.802285070981275
43,WEAgent7,MALE_YOUNG,31,37.66796143690644,38,27.101500237404746
43,WEAgent8,MALE_HIGH_INCOME,18,18.78476376344855,21,18.35908080598386
44,WEAgent1,MALE_OLD_LOW_INCOME,24,23.915130339559386,23,22.918666575411088
44,WEAgent2,MALE_OLD_HIGH_INCOME,11,10.8024510089069,141,6.331759804627415
44,WEAgent0,MALE_OLD_LOW_INCOME,24,24.158668534921215,270,9.964637641483078
44,WEAgent5,FEMALE_YOUNG_LOW_INCOME,27,25.11354543822708,27,24.715380015907996
44,WEAgent6,FEMALE_LOW_INCOME,58,57.272170706979615,308,14.646151120538065
44,SIAgent7,FEMALE_YOUNG_HIGH_INCOME,4,4.147362922037721,4,3.8467341522776013
44,WEAgent3,FEMALE_OLD_LOW_INCOME,32,29.29230224107613,435,0.0
44,SIAgent8,YOUNG_LOW_INCOME,51,49.97320427636056,73,49.43076003181603
44,WEAgent4,MALE_OLD_HIGH_INCOME,11,9.94990826441451,11,9.949908264414509
44,SIAgent5,MALE_HIGH_INCOME,18,17.61560192473127,18,16.910278723390817
44,SIAgent6,MALE_LOW_INCOME,48,54.17017494865528,54,54.12282410117143
44,SIAgent3,YOUNG_HIGH_INCOME,11,10.578518918763404,11,9.949908264414509
44,SIAgent4,FEMALE_OLD,37,35.071731472524206,38,34.784608911277935
44,SIAgent1,MALE_YOUNG_LOW_INCOME,25,32.04055892085387,28,31.599268720048922
44,SIAgent2,MALE_OLD_HIGH_INCOME,11,13.109172688065389,13,12.722379167861469
44,SIAgent0,MALE_OLD_LOW_INCOME,24,24.261429442103594,24,23.915130339559397
44,WEAgent9,FEMALE_OLD_HIGH_INCOME,6,5.9269445334919535,81,0.0
44,WEAgent7,FEMALE_YOUNG,30,28.02685184695016,48,0.0
44,WEAgent8,MALE_HIGH_INCOME,18,18.255588894418064,100,0.0
45,WEAgent1,FEMALE_OLD_LOW_INCOME,32,29.116331711669986,32,28.729525830030553
45,WEAgent2,MALE_YOUNG_LOW_INCOME,25,25.1406160683516,344,0.0
45,WEAgent0,YOUNG_LOW_INCOME,51,55.1560836412549,60,54.59312195938124
45,WEAgent5,MALE_LOW_INCOME,48,49.1985269657365,297,0.0
45,WEAgent6,MALE_OLD,35,30.530651759555447,135,12.00089825072342
45,SIAgent7,MALE_YOUNG_HIGH_INCOME,7,6.764385079489659,7,6.744316861347704
45,WEAgent3,OLD_HIGH_INCOME,16,19.104530945069612,54,0.0
45,SIAgent8,FEMALE_LOW_INCOME,58,56.41492416852032,62,56.41289269136062
45,WEAgent4,YOUNG_LOW_INCOME,51,50.73256895469315,55,50.043695129432805
45,SIAgent5,MALE_YOUNG_HIGH_INCOME,7,7.137148946266074,7,6.764385079489658
45,SIAgent6,OLD_LOW_INCOME,56,50.27667020255351,57,49.84379310406919
45,SIAgent3,MALE_OLD_HIGH_INCOME,11,8.800658717197178,11,8.800658717197177
45,SIAgent4,MALE_YOUNG_HIGH_INCOME,7,5.710165049327047,7,5.710165049327047
45,SIAgent1,FEMALE_OLD,37,31.324861668477034,199,31.20233545188088
45,SIAgent2,YOUNG_HIGH_INCOME,11,10.598212210689248,12,9.78885437027494
45,SIAgent0,MALE_OLD,35,36.072763523810714,42,35.94822227339101
45,WEAgent9,FEMALE_YOUNG_HIGH_INCOME,4,3.927045627927691,42,0.0
45,WEAgent7,FEMALE_LOW_INCOME,58,64.20050587061158,262,50.043695129432805
45,WEAgent8,MALE_YOUNG_HIGH_INCOME,7,7.229277251073226,96,6.525902913516625
46,WEAgent1,YOUNG_HIGH_INCOME,11,10.777952301979454,6,5.314133850172554
46,WEAgent2,MALE_YOUNG_HIGH_INCOME,7,7.1783438065614815,110,5.126616259769512
46,WEAgent0,MALE_OLD_HIGH_INCOME,11,10.696322849002946,12,10.6282677003451
46,WEAgent5,FEMALE_OLD_HIGH_INCOME,6,5.6707929869373555,64,5.314133850172551
46,WEAgent6,MALE_HIGH_INCOME,18,18.586314624647017,20,17.713779500575168
46,SIAgent7,YOUNG_LOW_INCOME,51,55.204176380861824,55,54.511399372802714
46,WEAgent3,OLD_HIGH_INCOME,16,15.743497969792754,17,15.056712575488891
46,SIAgent8,OLD_LOW_INCOME,56,51.34056934318583,760,20.169509384823016
46,WEAgent4,FEMALE_HIGH_INCOME,9,7.971200775258829,9,7.971200775258826
46,SIAgent5,FEMALE_YOUNG,30,29.284020281571145,259,29.227736175949055
46,SIAgent6,FEMALE_YOUNG_LOW_INCOME,27,29.637961366937787,27,29.311784276822525
46,SIAgent3,YOUNG_LOW_INCOME,51,55.36670363399811,51,55.20417638086186
46,SIAgent4,MALE_YOUNG_HIGH_INCOME,7,7.177262763677317,7,7.177262763677317
46,SIAgent1,MALE_OLD,35,37.47371663010912,41,37.215348253066345
46,SIAgent2,MALE_YOUNG_LOW_INCOME,25,25.227379091231573,26,24.59581813836429
46,SIAgent0,MALE_YOUNG_LOW_INCOME,25,23.649825133042583,304,0.0
46,WEAgent9,MALE_OLD,35,40.20582200572106,76,22.142224375718968
46,WEAgent7,FEMALE_HIGH_INCOME,9,8.585379355543227,8,7.085511800230072
46,WEAgent8,MALE_OLD_LOW_INCOME,24,24.43925154466168,26,23.836692909336293
47,WEAgent1,FEMALE_YOUNG,30,34.96257498538553,45,0.0
47,WEAgent2,MALE_YOUNG,31,27.765948743540346,22,18.98459695714514
47,WEAgent0,FEMALE_YOUNG,30,27.12307830705561,349,0.0
47,WEAgent5,FEMALE_HIGH_INCOME,9,8.71350053557325,9,8.03402823673252
47,WEAgent6,FEMALE_OLD,37,43.121223824602545,70,13.39004706122087
47,SIAgent7,MALE_YOUNG,31,26.751022985068154,189,25.888086759743384
47,WEAgent3,MALE_YOUNG_HIGH_INCOME,7,8.087041566758117,0,0.0
47,SIAgent8,MALE_YOUNG_HIGH_INCOME,7,6.148242886306983,7,6.040553577273453
47,WEAgent4,MALE_HIGH_INCOME,18,18.207530541961226,158,15.53285205584602
47,SIAgent5,MALE_OLD_LOW_INCOME,24,22.295699410385033,24,22.29569941038503
47,SIAgent6,FEMALE_YOUNG,30,30.187986300654092,33,29.835386137761194
47,SIAgent3,FEMALE_OLD_LOW_INCOME,32,36.50250585802385,440,0.0
47,SIAgent4,FEMALE_OLD_HIGH_INCOME,6,5.356018824488346,5,4.463349020406955
47,SIAgent1,FEMALE_YOUNG_LOW_INCOME,27,29.58252656583955,29,29.181720090632282
47,SIAgent2,MALE_OLD,35,38.756749273347815,41,38.055592505624666
47,SIAgent0,MALE_OLD_LOW_INCOME,24,23.3856766751034,25,23.22468688581774
47,WEAgent9,MALE_YOUNG,31,35.77011009079314,19,16.3957882811708
47,WEAgent7,MALE_OLD_LOW_INCOME,24,23.85171233265965,25,23.22468688581774
47,WEAgent8,MALE_LOW_INCOME,48,45.11176769116175,298,20.43772445951961
48,WEAgent1,FEMALE_OLD_HIGH_INCOME,6,6.445659232266699,8,6.3475736796564775
48,WEAgent2,MALE_YOUNG_LOW_INCOME,25,26.12781967726975,338,16.721804593452642
48,WEAgent0,YOUNG_HIGH_INCOME,11,12.028667641678792,61,0.0
48,WEAgent5,MALE_OLD,35,37.81347169499102,115,17.455827619055313
48,WEAgent6,MALE_OLD_LOW_INCOME,24,23.967026032032567,326,0.0
48,SIAgent7,MALE_OLD,35,39.27710552091122,40,39.17073955657294
48,WEAgent3,MALE_OLD_HIGH_INCOME,11,13.26228246850788,16,12.695147359312955
48,SIAgent8,FEMALE_OLD_LOW_INCOME,32,32.13530281174037,407,0.0
48,WEAgent4,OLD_HIGH_INCOME,16,14.113821137249753,17,13.488594069270015
48,SIAgent5,MALE_OLD_HIGH_INCOME,11,10.210583101200232,11,9.663236695796389
48,SIAgent6,FEMALE_YOUNG_LOW_INCOME,27,21.302557544561317,386,0.0
48,SIAgent3,FEMALE_OLD_HIGH_INCOME,6,7.839025664138454,6,6.816280149971066
48,SIAgent4,FEMALE_YOUNG,30,31.235061385362506,39,31.228313426985117
48,SIAgent1,YOUNG_HIGH_INCOME,11,9.686315304804788,11,9.484251794811016
48,SIAgent2,MALE_HIGH_INCOME,18,15.81256913857591,19,15.075487489184134
48,SIAgent0,FEMALE_OLD,37,42.03372759148823,42,41.54524043167975
48,WEAgent9,OLD_HIGH_INCOME,16,17.502216449523985,46,15.868934199141194
48,WEAgent7,MALE_YOUNG_LOW_INCOME,25,26.28209157054982,25,26.127819677269756
48,WEAgent8,MALE_YOUNG_HIGH_INCOME,7,5.554126969699418,87,0.0
49,WEAgent1,MALE_OLD_LOW_INCOME,24,20.707762190419853,24,20.707762190419853
49,WEAgent2,MALE_LOW_INCOME,48,44.93186785659179,248,37.96423068243638
49,WEAgent0,FEMALE_OLD_HIGH_INCOME,6,6.400509750651712,7,6.03976397220579
49,WEAgent5,MALE_YOUNG_HIGH_INCOME,7,7.37620359900484,7,6.69372207104059
49,WEAgent6,MALE_LOW_INCOME,48,46.154493404753026,53,45.729641503843816
49,SIAgent7,FEMALE_OLD_HIGH_INCOME,6,5.515382141897336,6,5.176940547604963
49,WEAgent3,YOUNG_HIGH_INCOME,11,10.981083440524868,11,10.518706111635211
49,SIAgent8,FEMALE_LOW_INCOME,58,64.44137803411708,65,64.4220109279013
49,WEAgent4,FEMALE_YOUNG,30,31.082087507603656,29,27.73113429431103
49,SIAgent5,FEMALE_YOUNG,30,28.687380304459676,284,18.168674192824458
49,SIAgent6,MALE_OLD_HIGH_INCOME,11,11.513079861334967,12,10.85354084156927
49,SIAgent3,FEMALE_LOW_INCOME,58,56.73185377395225,160,56.418514598770656
49,SIAgent4,FEMALE_YOUNG_HIGH_INCOME,4,4.0257051570651186,4,4.008908414974792
49,SIAgent1,MALE_OLD,35,31.656160787910373,42,31.061643285629767
49,SIAgent2,FEMALE_OLD_LOW_INCOME,32,38.0543346403608,34,37.77598022689623
49,SIAgent0,FEMALE_YOUNG,30,30.06681311231094,30,29.125168299401118
49,WEAgent9,MALE_YOUNG_HIGH_INCOME,7,7.229007396798595,88,5.737476060891934
49,WEAgent7,MALE_YOUNG_HIGH_INCOME,7,6.700019022157739,7,6.69372207104059
49,WEAgent8,OLD_HIGH_INCOME,16,16.81628420369905,75,4.314117123004136
50,WEAgent1,MALE_HIGH_INCOME,18,18.636601393793992,23,17.93882404159187
50,WEAgent2,YOUNG_HIGH_INCOME,11,10.320956355097701,26,10.13933532785628
50,WEAgent0,MALE_HIGH_INCOME,18,20.104144546174577,25,19.49872178433899
50,WEAgent5,FEMALE_YOUNG_HIGH_INCOME,4,4.031803650859572,5,3.8997443568678003
50,WEAgent6,MALE_OLD_LOW_INCOME,24,25.10048414936188,358,0.0
50,SIAgent7,MALE_YOUNG,31,24.178415012580363,371,0.0
50,WEAgent3,YOUNG_HIGH_INCOME,11,8.716056548428053,11,8.579437585109162
50,SIAgent8,FEMALE_OLD,37,36.021711691735106,340,35.87764808318375
50,WEAgent4,MALE_OLD,35,31.936351394704324,40,31.197954854942378
50,SIAgent5,MALE_HIGH_INCOME,18,19.646376387984603,18,18.865477624538087
50,SIAgent6,MALE_OLD_HIGH_INCOME,11,11.528902992773276,14,10.919284199229839
50,SIAgent3,YOUNG_HIGH_INCOME,11,11.679820694072394,14,10.919284199229839
50,SIAgent4,FEMALE_HIGH_INCOME,9,11.234076484818166,10,10.278579506684517
50,SIAgent1,YOUNG_HIGH_INCOME,11,12.202357348419469,11,11.97645543015964
50,SIAgent2,FEMALE_YOUNG_LOW_INCOME,27,29.668703165716344,397,0.0
50,SIAgent0,FEMALE_YOUNG_LOW_INCOME,27,29.87163878721148,27,29.668703165716334
50,WEAgent9,FEMALE_OLD,37,40.30699262229011,31,0.0
50,WEAgent7,MALE_OLD,35,37.4647438235041,32,24.958363883953904
50,WEAgent8,YOUNG_LOW_INCOME,51,55.46346420750219,71,55.37636986752282
51,WEAgent1,MALE_YOUNG_HIGH_INCOME,7,6.3710589708307985,8,6.362792214057514
51,WEAgent2,FEMALE_HIGH_INCOME,9,9.103503177454598,93,0.0
51,WEAgent0,MALE_OLD_HIGH_INCOME,11,9.910159285177722,12,9.54418832108627
51,WEAgent5,MALE_YOUNG_HIGH_INCOME,7,7.036041957007228,38,6.362792214057514
51,WEAgent6,YOUNG_HIGH_INCOME,11,11.887034344524507,6,4.772094160543135
51,SIAgent7,MALE_YOUNG_HIGH_INCOME,7,5.5674431873003245,7,5.5674431873003245
51,WEAgent3,MALE_OLD_HIGH_INCOME,11,11.876927558737458,47,9.54418832108627
51,SIAgent8,MALE_HIGH_INCOME,18,17.16168180997841,21,16.70232956190098
51,WEAgent4,YOUNG_HIGH_INCOME,11,12.997042277070424,3,2.3860470802715676
51,SIAgent5,MALE_OLD_LOW_INCOME,24,27.998386708035632,26,27.480701241073707
51,SIAgent6,OLD_HIGH_INCOME,16,19.636714454641144,18,18.641373301636964
51,SIAgent3,MALE_OLD,35,34.2730494081476,138,33.87393202075545
51,SIAgent4,FEMALE_YOUNG,30,28.492717415371903,305,27.837215936501643
51,SIAgent1,MALE_OLD,35,36.99325167067613,37,36.23150937432742
51,SIAgent2,FEMALE_LOW_INCOME,58,58.43712425552115,119,57.93519207792292
51,SIAgent0,MALE_OLD_HIGH_INCOME,11,12.40853152664317,11,11.626450525069645
51,WEAgent9,MALE_OLD_HIGH_INCOME,11,10.558602370164188,13,10.33953734784346
51,WEAgent7,YOUNG_HIGH_INCOME,11,11.544868133196854,14,11.13488637460065
51,WEAgent8,MALE_YOUNG_HIGH_INCOME,7,7.030893885559574,8,6.362792214057514
52,WEAgent1,FEMALE_OLD_HIGH_INCOME,6,6.312498578551987,0,0.0
52,WEAgent2,FEMALE_YOUNG_HIGH_INCOME,4,3.8879734317264463,4,3.5729426392876564
52,WEAgent0,YOUNG_LOW_INCOME,51,46.841717689900975,266,0.0
52,WEAgent5,MALE_HIGH_INCOME,18,18.889550760192577,21,18.573157021515602
52,WEAgent6,FEMALE_OLD_LOW_INCOME,32,34.52276553360498,38,33.94295507323274
52,SIAgent7,MALE_LOW_INCOME,48,47.613481009873034,100,46.87511057811081
52,WEAgent3,FEMALE_HIGH_INCOME,9,8.277169995773331,9,8.039120938397227
52,SIAgent8,FEMALE_YOUNG_LOW_INCOME,27,23.8797733133772,375,0.0
52,WEAgent4,FEMALE_OLD,37,36.749397806490144,82,0.0
52,SIAgent5,FEMALE_YOUNG_HIGH_INCOME,4,3.7074723539128045,4,3.5729426392876564
52,SIAgent6,FEMALE_OLD,37,35.98235501276268,38,35.38330649584193
52,SIAgent3,FEMALE_YOUNG_HIGH_INCOME,4,4.145620697752958,4,3.7074723539128045
52,SIAgent4,MALE_YOUNG,31,31.440380058772373,31,30.75037315220969
52,SIAgent1,FEMALE_OLD,37,34.45216685121453,38,33.94295507323274
52,SIAgent2,MALE_HIGH_INCOME,18,18.390919863976805,37,18.337569771391482
52,SIAgent0,MALE_OLD,35,36.02354875742188,35,35.16471697409445
52,WEAgent9,FEMALE_HIGH_INCOME,9,8.961962694728257,29,8.93235659821914
52,WEAgent7,MALE_YOUNG,31,32.05687860817318,61,15.919848875584803
52,WEAgent8,FEMALE_OLD_LOW_INCOME,32,28.58354111430125,381,22.330891495547853
53,WEAgent1,MALE_YOUNG_HIGH_INCOME,7,6.890701793085181,8,6.4995320966980765
53,WEAgent2,FEMALE_YOUNG,30,31.191090939541848,43,4.874649072523558
53,WEAgent0,FEMALE_LOW_INCOME,58,61.89705393912125,338,38.89030429381047
53,WEAgent5,OLD_LOW_INCOME,56,57.05537790085567,61,56.89251020962323
53,WEAgent6,MALE_YOUNG_HIGH_INCOME,7,5.687090584610817,7,5.687090584610817
53,SIAgent7,MALE_OLD_LOW_INCOME,24,24.324868203519884,24,24.324868203519884
53,WEAgent3,MALE_YOUNG_HIGH_INCOME,7,7.015196914629154,60,5.687090584610817
53,SIAgent8,MALE_YOUNG_HIGH_INCOME,7,6.177109246842819,7,5.687090584610817
53,WEAgent4,MALE_YOUNG_LOW_INCOME,25,24.825307355665824,28,24.12499358120368
53,SIAgent5,FEMALE_HIGH_INCOME,9,8.73722564643893,10,8.339423349820326
53,SIAgent6,MALE_YOUNG_HIGH_INCOME,7,6.502941924253016,7,6.177109246842818
53,SIAgent3,YOUNG_HIGH_INCOME,11,11.781225412393887,12,11.356956172274646
53,SIAgent4,FEMALE_YOUNG_LOW_INCOME,27,22.341238636869846,27,22.341238636869846
53,SIAgent1,MALE_OLD,35,30.241588051305655,399,0.0
53,SIAgent2,OLD_HIGH_INCOME,16,14.719130024977996,17,14.688771339205598
53,SIAgent0,YOUNG_LOW_INCOME,51,43.94195259433529,77,43.85502399089266
53,WEAgent9,FEMALE_HIGH_INCOME,9,7.620095459205775,9,7.311973608785336
53,WEAgent7,OLD_HIGH_INCOME,16,13.788114231134532,69,5.687090584610817
53,WEAgent8,MALE_OLD_LOW_INCOME,24,26.48370450024388,26,26.351940553813208
54,WEAgent1,FEMALE_HIGH_INCOME,9,6.937378067294777,9,6.937378067294777
54,WEAgent2,OLD_HIGH_INCOME,16,16.288457019544758,33,0.8718627439619745
54,WEAgent0,YOUNG_LOW_INCOME,51,53.60056253633798,60,52.89858967228595
54,WEAgent5,FEMALE_OLD_HIGH_INCOME,6,6.9736656059660636,7,6.103039207733822
54,WEAgent6,YOUNG_LOW_INCOME,51,44.96380122144311,51,44.96380122144308
54,SIAgent7,MALE_YOUNG,31,33.33002011865157,37,32.56585757780994
54,WEAgent3,MALE_OLD_HIGH_INCOME,11,12.449107168071157,14,12.206078415467646
54,SIAgent8,OLD_LOW_INCOME,56,59.325325267920775,61,59.21881977304371
54,WEAgent4,YOUNG_HIGH_INCOME,11,10.826233178234176,31,1.5416395705099504
54,SIAgent5,FEMALE_YOUNG,30,28.20087117304773,32,28.101592431987594
54,SIAgent6,YOUNG_LOW_INCOME,51,46.31994202781369,142,45.84544438264784
54,SIAgent3,FEMALE_LOW_INCOME,58,59.319068117271215,62,58.91992894567473
54,SIAgent4,FEMALE_OLD,37,32.45054379146946,102,32.258921526593035
54,SIAgent1,MALE_OLD_HIGH_INCOME,11,11.728954881813154,13,11.334215671505671
54,SIAgent2,YOUNG_LOW_INCOME,51,53.576088273171194,53,53.403796574175345
54,SIAgent0,FEMALE_OLD_LOW_INCOME,32,30.648154603585237,34,29.81941861918813
54,WEAgent9,MALE_LOW_INCOME,48,41.84941171017478,330,0.0
54,WEAgent7,YOUNG_LOW_INCOME,51,53.76445745154831,135,52.89858967228595
54,WEAgent8,MALE_OLD,35,31.81298470060117,143,13.949803903391595
55,WEAgent1,YOUNG_LOW_INCOME,51,52.9400082259132,59,52.54878872177253
55,WEAgent2,YOUNG_LOW_INCOME,51,56.29816817445547,188,53.43944615773478
55,WEAgent0,YOUNG_LOW_INCOME,51,54.8435293381461,61,54.330103593697025
55,WEAgent5,FEMALE_OLD_LOW_INCOME,32,31.654431013920206,445,0.0
55,WEAgent6,FEMALE_HIGH_INCOME,9,8.491832548558515,9,8.015916923660207
55,SIAgent7,OLD_HIGH_INCOME,16,16.61337495187532,17,16.20030503475753
55,WEAgent3,MALE_YOUNG_HIGH_INCOME,7,6.987718153494836,0,0.0
55,SIAgent8,MALE_OLD,35,33.3745185301736,137,32.69993014976617
55,WEAgent4,MALE_YOUNG,31,38.69738437799324,39,34.735640002527596
55,SIAgent5,MALE_YOUNG_HIGH_INCOME,7,7.392462742155745,7,6.598435399949862
55,SIAgent6,MALE_YOUNG_LOW_INCOME,25,23.849512621716745,26,23.157093335018388
55,SIAgent3,MALE_YOUNG,31,35.2273663336473,36,35.15998298450076
55,SIAgent4,MALE_HIGH_INCOME,18,16.349965074883073,22,16.031833847320414
55,SIAgent1,FEMALE_OLD_LOW_INCOME,32,37.09725280016774,37,36.60043585984524
55,SIAgent2,FEMALE_OLD_HIGH_INCOME,6,5.71117063956011,6,5.343944615773472
55,SIAgent0,MALE_YOUNG_HIGH_INCOME,7,6.598435399949861,7,6.3583197513434175
55,WEAgent9,FEMALE_YOUNG_LOW_INCOME,27,24.047750770980628,392,0.0
55,WEAgent7,MALE_YOUNG,31,30.11189231533573,29,25.829065642905128
55,WEAgent8,OLD_HIGH_INCOME,16,16.13905742453633,56,1.781314871924491
56,WEAgent1,OLD_LOW_INCOME,56,61.55340428843718,275,15.798560266928959
56,WEAgent2,MALE_OLD_LOW_INCOME,24,23.65840571465045,25,23.233176863130822
56,WEAgent0,FEMALE_YOUNG_LOW_INCOME,27,29.190345587541703,34,28.39931065684871
56,WEAgent5,FEMALE_OLD_LOW_INCOME,32,32.038068986411645,32,32.038068986411645
56,WEAgent6,FEMALE_HIGH_INCOME,9,10.372721261422678,68,8.35273842848492
56,SIAgent7,MALE_HIGH_INCOME,18,17.0476955291695,61,17.045824726248686
56,WEAgent3,FEMALE_HIGH_INCOME,9,7.9532094458413995,9,7.5174645856364295
56,SIAgent8,FEMALE_HIGH_INCOME,9,9.94033820043773,11,9.907079243383864
56,WEAgent4,FEMALE_OLD_LOW_INCOME,32,35.26340162839027,35,34.678752738875225
56,SIAgent5,MALE_OLD_LOW_INCOME,24,22.30384978860559,24,22.30384978860559
56,SIAgent6,FEMALE_YOUNG,30,29.372617117757475,30,29.35527989661243
56,SIAgent3,MALE_YOUNG_HIGH_INCOME,7,5.462291362727142,54,0.0
56,SIAgent4,OLD_LOW_INCOME,56,54.277468308522174,58,53.90097032246351
56,SIAgent1,MALE_YOUNG,31,25.162884119700436,214,24.970474801038346
56,SIAgent2,FEMALE_LOW_INCOME,58,56.75354113345065,145,55.963347470848994
56,SIAgent0,FEMALE_YOUNG_LOW_INCOME,27,28.09607812152374,28,27.41444264324031
56,WEAgent9,FEMALE_YOUNG_HIGH_INCOME,4,4.047875403766638,0,0.0
56,WEAgent7,FEMALE_YOUNG,30,35.058925871593296,38,0.0
56,WEAgent8,FEMALE_LOW_INCOME,58,48.44588288521254,240,29.2345844996972
57,WEAgent1,FEMALE_OLD_HIGH_INCOME,6,6.433263098523694,7,6.192136618685449
57,WEAgent2,YOUNG_HIGH_INCOME,11,11.655712505914181,14,11.227465876348985
57,WEAgent0,FEMALE_YOUNG,30,26.579980866205425,352,20.37798533075749
57,WEAgent5,MALE_YOUNG,31,35.203266244523,42,14.435313269591552
57,WEAgent6,FEMALE_YOUNG,30,29.96735717189323,22,19.491985968550644
57,SIAgent7,OLD_LOW_INCOME,56,59.140041726131464,790,40.86209962719046
57,WEAgent3,FEMALE_OLD_HIGH_INCOME,6,5.307545673158956,6,5.307545673158956
57,SIAgent8,FEMALE_OLD_HIGH_INCOME,6,6.955727309231556,7,6.576075175494625
57,WEAgent4,OLD_HIGH_INCOME,16,16.282791183529014,56,14.153455128423879
57,SIAgent5,MALE_OLD_LOW_INCOME,24,27.576191722068508,24,26.47909727979158
57,SIAgent6,MALE_LOW_INCOME,48,50.29181492577286,55,49.862478126027916
57,SIAgent3,MALE_OLD_LOW_INCOME,24,26.47909727979159,25,26.40180434202299
57,SIAgent4,OLD_HIGH_INCOME,16,15.031028972559145,45,14.153455128423879
57,SIAgent1,MALE_YOUNG,31,28.10430585285206,64,28.068664690872488
57,SIAgent2,FEMALE_YOUNG_LOW_INCOME,27,25.369612441494635,28,24.807982141791715
57,SIAgent0,YOUNG_LOW_INCOME,51,56.86196350447487,58,56.76843422762935
57,WEAgent9,MALE_YOUNG_HIGH_INCOME,7,7.710259353399518,9,7.217656634795776
57,WEAgent7,MALE_HIGH_INCOME,18,14.435313269591553,18,14.435313269591552
57,WEAgent8,MALE_OLD_HIGH_INCOME,11,12.639480075628217,13,12.212711040204304
58,WEAgent1,FEMALE_HIGH_INCOME,9,8.665381184000427,70,7.776849738291642
58,WEAgent2,FEMALE_OLD_LOW_INCOME,32,27.90341695882981,396,0.0
58,WEAgent0,MALE_LOW_INCOME,48,51.894820196394136,294,0.0
58,WEAgent5,MALE_YOUNG,31,33.662913079644,35,30.24330453780083
58,WEAgent6,FEMALE_YOUNG,30,25.922832460972145,317,20.738265968777714
58,SIAgent7,OLD_LOW_INCOME,56,58.41340506406387,56,57.80852188557622
58,WEAgent3,FEMALE_HIGH_INCOME,9,8.456638442218866,9,7.776849738291642
58,SIAgent8,MALE_HIGH_INCOME,18,17.683516317931886,44,17.11290047888746
58,WEAgent4,FEMALE_YOUNG,30,33.30182824681462,32,0.0
58,SIAgent5,FEMALE_HIGH_INCOME,9,8.709394009633446,9,7.863472016197431
58,SIAgent6,MALE_OLD,35,34.42072188681222,36,33.59218526807327
58,SIAgent3,MALE_LOW_INCOME,48,50.17120806633644,49,49.836958404861775
58,SIAgent4,YOUNG_HIGH_INCOME,11,10.457883625986785,12,10.369132984388857
58,SIAgent1,YOUNG_LOW_INCOME,51,49.58607122817491,89,49.25338167584714
58,SIAgent2,FEMALE_OLD_LOW_INCOME,32,33.293952207631826,38,33.13530763861038
58,SIAgent0,YOUNG_HIGH_INCOME,11,12.076948823734103,12,11.730182367806814
58,WEAgent9,MALE_YOUNG_HIGH_INCOME,7,7.000439488994071,0,0.0
58,WEAgent7,FEMALE_YOUNG,30,28.529728995985057,33,28.515115707069356
58,WEAgent8,MALE_YOUNG,31,37.43550729933469,34,29.379210122435094
59,WEAgent1,MALE_HIGH_INCOME,18,14.221185595960783,18,14.221185595960783
59,WEAgent2,OLD_HIGH_INCOME,16,13.466475862773784,73,9.25820215565698
59,WEAgent0,MALE_HIGH_INCOME,18,20.425094191153867,25,19.751646661056643
59,WEAgent5,MALE_YOUNG,31,34.998265009882225,34,18.961580794614378
59,WEAgent6,MALE_LOW_INCOME,48,56.025085890729365,350,0.0
59,SIAgent7,MALE_YOUNG_LOW_INCOME,25,22.15351499019341,25,22.15351499019341
59,WEAgent3,FEMALE_OLD_HIGH_INCOME,6,6.43018928025762,7,5.891583189963532
59,SIAgent8,OLD_HIGH_INCOME,16,17.09108426644562,17,16.984143698461036
59,WEAgent4,YOUNG_LOW_INCOME,51,48.038151832835794,312,21.267374390585676
59,SIAgent5,FEMALE_YOUNG,30,23.042387822075455,457,5.376557158484272
59,SIAgent6,MALE_HIGH_INCOME,18,18.326481124728755,20,17.94391620130792
59,SIAgent3,YOUNG_HIGH_INCOME,11,11.417786891960585,11,10.69939975050274
59,SIAgent4,FEMALE_OLD_HIGH_INCOME,6,5.6225276625687375,6,5.04992844854017
59,SIAgent1,MALE_OLD_HIGH_INCOME,11,10.021952675374498,124,0.0
59,SIAgent2,MALE_OLD_HIGH_INCOME,11,11.047583290573792,12,10.933039282226723
59,SIAgent0,MALE_YOUNG_LOW_INCOME,25,23.76550473670905,26,23.039655589801146
59,WEAgent9,FEMALE_YOUNG_HIGH_INCOME,4,4.595504897673431,0,0.0
59,WEAgent7,MALE_YOUNG_HIGH_INCOME,7,7.086206978181091,8,6.320526931538126
59,WEAgent8,FEMALE_HIGH_INCOME,9,7.920737964462759,10,7.680795940691817
60,WEAgent1,MALE_YOUNG_LOW_INCOME,25,25.648925034396587,26,25.181142867444564
60,WEAgent2,FEMALE_LOW_INCOME,58,57.24895434902865,59,57.14182419920109
60,WEAgent0,OLD_HIGH_INCOME,16,15.892962000304495,147,15.892962000304495
60,WEAgent5,FEMALE_HIGH_INCOME,9,9.184910360575422,31,0.0
60,WEAgent6,FEMALE_OLD,37,41.48272634272165,34,22.84613287543772
60,SIAgent7,MALE_LOW_INCOME,48,52.66833795117316,53,51.933190756601064
60,WEAgent3,MALE_YOUNG_HIGH_INCOME,7,6.199386797733199,56,0.0
60,SIAgent8,MALE_YOUNG,31,32.27939932615009,32,31.57333742422475
60,WEAgent4,FEMALE_OLD_LOW_INCOME,32,36.81016997738398,33,36.78562418248179
60,SIAgent5,MALE_OLD_HIGH_INCOME,11,11.078785461148101,11,10.92641137520934
60,SIAgent6,FEMALE_YOUNG_HIGH_INCOME,4,3.7398151883595614,4,3.542506741561828
60,SIAgent3,MALE_OLD_LOW_INCOME,24,22.097907698200125,24,22.097907698200117
60,SIAgent4,YOUNG_LOW_INCOME,51,50.702530510446955,52,50.3622857348891
60,SIAgent1,YOUNG_HIGH_INCOME,11,10.804846241128876,12,10.72617444808435
60,SIAgent2,FEMALE_OLD,37,41.24448771975231,206,40.51272631708973
60,SIAgent0,FEMALE_HIGH_INCOME,9,9.531001605620462,9,8.840328742741805
60,WEAgent9,MALE_YOUNG_LOW_INCOME,25,24.212637372542854,275,15.496087918427433
60,WEAgent7,MALE_OLD_LOW_INCOME,24,23.79773201476234,330,23.018653852291788
60,WEAgent8,FEMALE_LOW_INCOME,58,61.73385350762592,293,50.3622857348891
61,WEAgent1,MALE_YOUNG,31,25.64840944441706,68,0.0
61,WEAgent2,YOUNG_HIGH_INCOME,11,10.161471309728418,12,9.928416559129188
61,WEAgent0,FEMALE_OLD_HIGH_INCOME,6,6.108857187270494,77,4.813693365708481
61,WEAgent5,FEMALE_HIGH_INCOME,9,8.861163774049269,10,8.27368046594099
61,WEAgent6,MALE_YOUNG_LOW_INCOME,25,25.45382105630122,335,0.0
61,SIAgent7,OLD_LOW_INCOME,56,50.08436021468411,719,24.14781653207983
61,WEAgent3,MALE_OLD_LOW_INCOME,24,24.224564562957717,27,24.14781653207983
61,SIAgent8,MALE_HIGH_INCOME,18,18.086532352348016,21,17.91621148466647
61,WEAgent4,MALE_OLD_LOW_INCOME,24,25.549467893354397,28,25.042180107342045
61,SIAgent5,FEMALE_YOUNG_HIGH_INCOME,4,4.342700369532654,5,4.136840232970494
61,SIAgent6,FEMALE_OLD_HIGH_INCOME,6,6.307849310187554,6,6.0545668368118895
61,SIAgent3,MALE_OLD_HIGH_INCOME,11,11.081447085008236,11,11.052880881990454
61,SIAgent4,FEMALE_LOW_INCOME,58,57.22045669884606,109,56.34490524151967
61,SIAgent1,FEMALE_LOW_INCOME,58,57.97623013797301,58,57.220456698846014
61,SIAgent2,MALE_YOUNG,31,32.60441973142876,32,32.47412703731497
61,SIAgent0,OLD_HIGH_INCOME,16,16.145511564831704,16,16.02913727265751
61,WEAgent9,FEMALE_OLD_HIGH_INCOME,6,6.924524614893683,7,6.739170711991873
61,WEAgent7,FEMALE_YOUNG,30,29.479151670129163,26,9.101048512535089
61,WEAgent8,MALE_OLD_HIGH_INCOME,11,10.590125404558657,129,0.0
62,WEAgent1,YOUNG_HIGH_INCOME,11,10.992187627440405,45,0.0
62,WEAgent2,OLD_LOW_INCOME,56,58.81554897826613,231,56.104288760773976
62,WEAgent0,MALE_YOUNG_LOW_INCOME,25,27.256511807871576,24,26.16625133555672
62,WEAgent5,OLD_LOW_INCOME,56,57.641115010989,64,56.99483302681801
62,WEAgent6,MALE_OLD,35,35.19021102800941,141,0.0
62,SIAgent7,FEMALE_YOUNG_LOW_INCOME,27,25.898089942261063,27,25.898089942261045
62,WEAgent3,MALE_YOUNG_LOW_INCOME,25,30.657076215755435,337,28.346772280186446
62,SIAgent8,FEMALE_OLD_HIGH_INCOME,6,5.123795382007778,56,0.0
62,WEAgent4,FEMALE_OLD_LOW_INCOME,32,33.53745342204806,485,0.0
62,SIAgent5,FEMALE_YOUNG_LOW_INCOME,27,28.10131695742405,29,27.81646697502112
62,SIAgent6,FEMALE_YOUNG_HIGH_INCOME,4,3.4379875534590227,4,3.415863588005185
62,SIAgent3,MALE_OLD_LOW_INCOME,24,21.373062385056752,24,21.373062385056752
62,SIAgent4,FEMALE_HIGH_INCOME,9,8.856154287679804,10,8.57837590955718
62,SIAgent1,FEMALE_OLD_HIGH_INCOME,6,6.269999787024598,6,5.904102858453202
62,SIAgent2,FEMALE_YOUNG,30,31.33918906284967,30,30.939823638918465
62,SIAgent0,MALE_OLD_HIGH_INCOME,11,10.848481268921507,12,10.686531192528376
62,WEAgent9,FEMALE_YOUNG_LOW_INCOME,27,26.38876985481329,27,25.898089942261045
62,WEAgent7,FEMALE_LOW_INCOME,58,61.931909199137856,286,36.44916362244147
62,WEAgent8,OLD_LOW_INCOME,56,52.48625145657465,58,51.65156743055382
63,WEAgent1,YOUNG_HIGH_INCOME,11,12.466205868583035,16,11.769087919196116
63,WEAgent2,FEMALE_HIGH_INCOME,9,9.462271330137456,28,8.826815939397084
63,WEAgent0,FEMALE_YOUNG_HIGH_INCOME,4,4.5944324864677055,0,0.0
63,WEAgent5,MALE_HIGH_INCOME,18,17.862452597354803,70,0.0
63,WEAgent6,FEMALE_OLD_HIGH_INCOME,6,4.413407969698543,6,4.413407969698542
63,SIAgent7,MALE_OLD_LOW_INCOME,24,18.64287612637195,360,0.0
63,WEAgent3,FEMALE_OLD_LOW_INCOME,32,38.14934951843915,509,0.0
63,SIAgent8,YOUNG_HIGH_INCOME,11,11.12579653658207,11,10.465212451021737
63,WEAgent4,YOUNG_LOW_INCOME,51,40.624265955932984,199,32.62503322115092
63,SIAgent5,YOUNG_LOW_INCOME,51,45.6844436820409,109,45.053617305398895
63,SIAgent6,MALE_HIGH_INCOME,18,20.32779270935333,59,19.44571995261655
63,SIAgent3,FEMALE_YOUNG_HIGH_INCOME,4,3.712628946099874,5,3.6778399747487853
63,SIAgent4,MALE_YOUNG_HIGH_INCOME,7,6.720648148765976,7,6.720648148765974
63,SIAgent1,MALE_OLD_HIGH_INCOME,11,13.00307080170527,11,12.422539989049259
63,SIAgent2,YOUNG_LOW_INCOME,51,51.63790629707764,57,51.05908411522219
63,SIAgent0,YOUNG_HIGH_INCOME,11,11.258048393620108,11,11.125796536582072
63,WEAgent9,MALE_LOW_INCOME,48,45.50402893507901,58,45.053617305398895
63,WEAgent7,YOUNG_HIGH_INCOME,11,10.865168333802886,16,10.2979519292966
63,WEAgent8,FEMALE_OLD_HIGH_INCOME,6,6.728453274270991,9,6.620111954547813
64,WEAgent1,MALE_HIGH_INCOME,18,17.423789205349735,20,17.101379355375595
64,WEAgent2,OLD_HIGH_INCOME,16,17.217992665548245,57,14.751723095563493
64,WEAgent0,FEMALE_YOUNG_LOW_INCOME,27,23.65821498833074,344,0.0
64,WEAgent5,FEMALE_OLD_LOW_INCOME,32,30.096825392288455,34,29.54983705211465
64,WEAgent6,FEMALE_OLD_LOW_INCOME,32,34.23184563123218,376,32.15717561553653
64,SIAgent7,MALE_YOUNG_LOW_INCOME,25,28.713380892661934,26,28.42947964005955
64,WEAgent3,MALE_LOW_INCOME,48,41.043310452901416,47,40.18824148513265
64,SIAgent8,FEMALE_HIGH_INCOME,9,11.022652945425435,10,10.879989163857227
64,WEAgent4,MALE_LOW_INCOME,48,43.60459631841356,292,37.62303458182631
64,SIAgent5,FEMALE_OLD,37,41.40543229508312,48,41.06847238442945
64,SIAgent6,OLD_HIGH_INCOME,16,12.422503659421885,39,11.64609718070802
64,SIAgent3,MALE_OLD_LOW_INCOME,24,22.440327077128302,339,0.0
64,SIAgent4,YOUNG_LOW_INCOME,51,55.76551775550145,57,55.57455547188057
64,SIAgent1,FEMALE_OLD_LOW_INCOME,32,27.811611343166714,31,26.942498488692767
64,SIAgent2,FEMALE_YOUNG_LOW_INCOME,27,27.700908538372637,31,27.163135727342716
64,SIAgent0,FEMALE_YOUNG_HIGH_INCOME,4,4.062038666563442,47,0.0
64,WEAgent9,MALE_OLD,35,44.584622820310734,57,44.255169286690425
64,WEAgent7,MALE_YOUNG,31,32.40908441873522,32,27.362206968600955
64,WEAgent8,MALE_YOUNG,31,36.74079533940821,37,31.637551807444854
65,WEAgent1,MALE_OLD,35,37.91588934664778,82,28.667932562220106
65,WEAgent2,FEMALE_YOUNG_HIGH_INCOME,4,3.9415917111417538,0,0.0
65,WEAgent0,MALE_OLD,35,33.26782567608894,35,32.367020634764636
65,WEAgent5,FEMALE_YOUNG_HIGH_INCOME,4,4.13983172452195,0,0.0
65,WEAgent6,FEMALE_OLD,37,43.606947213315024,42,38.95320858688084
65,SIAgent7,FEMALE_YOUNG,30,33.83041713445393,31,33.012282791973064
65,WEAgent3,YOUNG_HIGH_INCOME,11,10.47229992909201,11,10.17249219949746
65,SIAgent8,MALE_OLD_LOW_INCOME,24,23.21036782000362,289,0.0
65,WEAgent4,FEMALE_YOUNG_HIGH_INCOME,4,3.704759160732898,0,0.0
65,SIAgent5,MALE_HIGH_INCOME,18,19.42713822097629,21,19.42021238085879
65,SIAgent6,FEMALE_YOUNG,30,31.94737044384489,34,31.925048918423325
65,SIAgent3,OLD_LOW_INCOME,56,61.72184914072528,131,61.60419727346712
65,SIAgent4,FEMALE_YOUNG_LOW_INCOME,27,25.4033647612909,26,24.46249939976162
65,SIAgent1,YOUNG_HIGH_INCOME,11,10.17249219949746,108,8.322948163225194
65,SIAgent2,MALE_OLD_LOW_INCOME,24,23.468265627987474,24,23.210367820003626
65,SIAgent0,MALE_HIGH_INCOME,18,19.58924460283797,18,19.427138220976286
65,WEAgent9,FEMALE_OLD,37,37.92812415038398,37,37.92812415038398
65,WEAgent7,FEMALE_LOW_INCOME,58,67.29328676239649,316,0.0
65,WEAgent8,MALE_OLD_HIGH_INCOME,11,13.355439496871302,14,12.94680825390586
66,WEAgent1,MALE_LOW_INCOME,48,54.37529929448047,63,54.333152010677374
66,WEAgent2,MALE_LOW_INCOME,48,47.56910947892986,204,42.259118230526845
66,WEAgent0,OLD_HIGH_INCOME,16,15.205520957593508,17,14.661326733039926
66,WEAgent5,MALE_OLD,35,37.61833630635694,96,15.523757717336393
66,WEAgent6,FEMALE_YOUNG,30,29.788755234407635,51,2.8336268059722456
66,SIAgent7,YOUNG_HIGH_INCOME,11,10.65653909308274,11,10.389964955231566
66,WEAgent3,FEMALE_OLD_HIGH_INCOME,6,6.382524364056052,0,0.0
66,SIAgent8,MALE_YOUNG_HIGH_INCOME,7,8.466851328418494,8,7.750210249514721
66,WEAgent4,FEMALE_OLD,37,39.104129129739235,81,0.0
66,SIAgent5,FEMALE_OLD,37,37.299923108418106,38,36.83296801195271
66,SIAgent6,OLD_LOW_INCOME,56,55.471681979873615,60,54.89691429460251
66,SIAgent3,MALE_YOUNG_LOW_INCOME,25,25.566355337514064,29,25.01049854459752
66,SIAgent4,MALE_OLD,35,32.23797710360234,36,31.78318923416025
66,SIAgent1,FEMALE_OLD,37,39.49729266881652,39,39.31613516833263
66,SIAgent2,YOUNG_HIGH_INCOME,11,10.389964955231568,11,9.775755534202638
66,SIAgent0,MALE_HIGH_INCOME,18,15.996690874149769,22,15.523757717336393
66,WEAgent9,FEMALE_OLD,37,32.377271657783155,375,22.751596300063834
66,WEAgent7,MALE_YOUNG_LOW_INCOME,25,21.56077460741165,345,0.0
66,WEAgent8,FEMALE_OLD_LOW_INCOME,32,30.06021521082856,34,29.752087469314244
67,WEAgent1,FEMALE_YOUNG_LOW_INCOME,27,23.54152557841534,279,0.0
67,WEAgent2,MALE_YOUNG_HIGH_INCOME,7,6.505206308113973,7,5.9965811316026905
67,WEAgent0,FEMALE_OLD_HIGH_INCOME,6,5.950735254717694,7,5.9211678847265885
67,WEAgent5,FEMALE_OLD,37,34.881300161809484,49,12.68821689584269
67,WEAgent6,MALE_YOUNG_HIGH_INCOME,7,5.99658113160269,81,5.139926684230877
67,SIAgent7,FEMALE_LOW_INCOME,58,54.99709267227194,61,54.16804697464028
67,WEAgent3,FEMALE_HIGH_INCOME,9,8.97443351497731,10,8.458811263895127
67,SIAgent8,OLD_LOW_INCOME,56,59.34777601666978,61,58.597134017704384
67,WEAgent4,MALE_LOW_INCOME,48,46.331461418436085,330,0.0
67,SIAgent5,FEMALE_YOUNG_HIGH_INCOME,4,4.2337528831996165,59,0.0
67,SIAgent6,FEMALE_OLD_HIGH_INCOME,6,5.355810195841919,6,5.075286758337076
67,SIAgent3,MALE_OLD_HIGH_INCOME,11,10.855533131772166,143,0.0
67,SIAgent4,FEMALE_LOW_INCOME,58,51.504044664412106,116,51.44259293061126
67,SIAgent1,FEMALE_OLD_HIGH_INCOME,6,5.075286758337076,6,5.075286758337076
67,SIAgent2,FEMALE_OLD_HIGH_INCOME,6,5.581855503088203,6,5.355810195841919
67,SIAgent0,MALE_YOUNG,31,36.22910114361503,41,35.59570347115795
67,WEAgent9,FEMALE_OLD_LOW_INCOME,32,32.58061275983345,34,31.938550186516323
67,WEAgent7,YOUNG_LOW_INCOME,51,53.974664808217845,322,0.0
67,WEAgent8,FEMALE_HIGH_INCOME,9,7.928076502620089,9,7.6129301375056135
68,WEAgent1,MALE_YOUNG_HIGH_INCOME,7,5.8909206384936255,7,5.8909206384936255
68,WEAgent2,MALE_YOUNG,31,30.05422758427703,71,7.574040820920375
68,WEAgent0,OLD_LOW_INCOME,56,48.53468063676472,291,0.0
68,WEAgent5,MALE_OLD,35,37.04220716904638,30,24.598352441342833
68,WEAgent6,FEMALE_OLD,37,41.22849581531402,81,0.0
68,SIAgent7,FEMALE_OLD_LOW_INCOME,32,31.15913982014682,446,0.0
68,WEAgent3,MALE_OLD,35,39.430737761469985,42,34.43769341787996
68,SIAgent8,FEMALE_LOW_INCOME,58,64.95808151114821,65,64.15002344768831
68,WEAgent4,MALE_YOUNG_LOW_INCOME,25,25.271557289940244,278,15.945230544553729
68,SIAgent5,MALE_HIGH_INCOME,18,18.903119174330914,20,18.5328279510818
68,SIAgent6,MALE_LOW_INCOME,48,46.60223009495126,52,45.905284401020786
68,SIAgent3,FEMALE_OLD_HIGH_INCOME,6,6.081030280169184,6,5.8423387162775295
68,SIAgent4,YOUNG_LOW_INCOME,51,48.471797009581245,119,47.83569163366124
68,SIAgent1,YOUNG_HIGH_INCOME,11,10.974410016917508,23,10.551438847869065
68,SIAgent2,MALE_HIGH_INCOME,18,15.827158271803597,19,15.578956546183797
68,SIAgent0,YOUNG_LOW_INCOME,51,51.16881202245462,53,51.06803343847367
68,WEAgent9,MALE_OLD_HIGH_INCOME,11,9.019395895159043,11,9.019395895159043
68,WEAgent7,MALE_YOUNG_LOW_INCOME,25,23.44886844787314,25,23.44886844787313
68,WEAgent8,MALE_OLD,35,32.80784662524515,34,27.87813276685521
69,WEAgent1,OLD_LOW_INCOME,56,56.16279778341513,269,30.333803088681307
69,WEAgent2,FEMALE_YOUNG,30,27.379433336292546,36,4.789547856107575
69,WEAgent0,MALE_YOUNG_HIGH_INCOME,7,6.461903204816579,8,6.386063808143433
69,WEAgent5,MALE_YOUNG_HIGH_INCOME,7,6.787982916805836,95,4.789547856107575
69,WEAgent6,YOUNG_LOW_INCOME,51,48.97509048180752,206,47.89547856107575
69,SIAgent7,FEMALE_YOUNG_LOW_INCOME,27,29.26582765129794,33,28.84254382086047
69,WEAgent3,MALE_OLD_HIGH_INCOME,11,10.836068051100044,165,0.0
69,SIAgent8,FEMALE_YOUNG_HIGH_INCOME,4,3.751591548653618,4,3.1930319040717166
69,WEAgent4,MALE_OLD_LOW_INCOME,24,23.260039019372073,29,23.149481304519945
69,SIAgent5,YOUNG_HIGH_INCOME,11,11.727166726375362,12,11.136508968928936
69,SIAgent6,FEMALE_LOW_INCOME,58,46.29896260903989,721,0.0
69,SIAgent3,MALE_OLD_LOW_INCOME,24,24.653259664903796,30,23.947739280537874
69,SIAgent4,MALE_LOW_INCOME,48,50.26118819029189,52,50.18815721035769
69,SIAgent1,FEMALE_OLD,37,34.766757764829556,40,34.532422737452215
69,SIAgent2,YOUNG_LOW_INCOME,51,44.57484045042075,55,43.9041886809861
69,SIAgent0,MALE_YOUNG,31,28.61655500356687,33,28.236475793643788
69,WEAgent9,FEMALE_OLD_LOW_INCOME,32,29.865879124283,37,29.535545112663378
69,WEAgent7,YOUNG_HIGH_INCOME,11,10.383480136349393,13,10.377353688233079
69,WEAgent8,YOUNG_LOW_INCOME,51,53.36887103293,66,52.68502641718332
70,WEAgent1,FEMALE_YOUNG_LOW_INCOME,27,27.07572469580238,350,0.0
70,WEAgent2,MALE_OLD,35,38.57828323458488,86,15.976358279247247
70,WEAgent0,MALE_HIGH_INCOME,18,16.961269218496284,19,15.894478317706819
70,WEAgent5,FEMALE_YOUNG_HIGH_INCOME,4,4.27051811606656,4,4.013168024433854
70,WEAgent6,OLD_LOW_INCOME,56,51.52253449080382,248,17.480859916522725
70,SIAgent7,FEMALE_YOUNG_LOW_INCOME,27,28.235729524568136,28,28.078529314165426
70,WEAgent3,MALE_YOUNG,31,36.13636324783625,37,30.952405145008015
70,SIAgent8,MALE_OLD_HIGH_INCOME,11,10.310376261307056,11,10.120497846407893
70,WEAgent4,FEMALE_HIGH_INCOME,9,9.029628054976174,50,3.0098760183253908
70,SIAgent5,MALE_OLD_HIGH_INCOME,11,12.767121062775718,12,12.311391457069734
70,SIAgent6,OLD_LOW_INCOME,56,55.9284388193202,189,55.20271552586124
70,SIAgent3,MALE_OLD,35,35.93959791983966,35,34.95527426207512
70,SIAgent4,MALE_YOUNG,31,36.75366316143643,36,36.069282706813084
70,SIAgent1,MALE_OLD_HIGH_INCOME,11,11.17698179060713,11,10.310376261307058
70,SIAgent2,MALE_YOUNG_HIGH_INCOME,7,6.982668181908482,8,6.692411923244977
70,SIAgent0,MALE_HIGH_INCOME,18,15.057926827301202,18,15.057926827301197
70,WEAgent9,MALE_OLD_LOW_INCOME,24,24.25591070364132,26,23.921176727873203
70,WEAgent7,YOUNG_LOW_INCOME,51,56.87104918700708,356,0.0
70,WEAgent8,MALE_OLD_HIGH_INCOME,11,11.076195748126715,12,11.040543105172247
71,WEAgent1,YOUNG_LOW_INCOME,51,48.58487267723148,330,0.0
71,WEAgent2,MALE_OLD,35,31.50842625929664,42,31.06620368681507
71,WEAgent0,MALE_OLD_HIGH_INCOME,11,8.136386679880138,11,8.136386679880138
71,WEAgent5,MALE_YOUNG_LOW_INCOME,25,25.647513642148393,26,25.120742070646983
71,WEAgent6,YOUNG_HIGH_INCOME,11,8.893207962282363,23,7.276261060049205
71,SIAgent7,OLD_HIGH_INCOME,16,16.150561390838426,37,15.533101843407534
71,WEAgent3,MALE_YOUNG_HIGH_INCOME,7,7.1633855267292486,81,4.480538066867955
71,SIAgent8,YOUNG_HIGH_INCOME,11,11.793240620041605,14,11.756799126917159
71,WEAgent4,OLD_LOW_INCOME,56,52.784743033029294,304,0.0
71,SIAgent5,MALE_HIGH_INCOME,18,19.831938526023997,19,19.61771052860984
71,SIAgent6,OLD_LOW_INCOME,56,59.98216945218625,59,59.68670928821038
71,SIAgent3,FEMALE_LOW_INCOME,58,60.88309906908507,63,60.86949040195221
71,SIAgent4,MALE_LOW_INCOME,48,57.44963594150463,54,56.619289290824355
71,SIAgent1,MALE_YOUNG_HIGH_INCOME,7,6.272753293615137,7,6.2727532936151364
71,SIAgent2,YOUNG_LOW_INCOME,51,49.27530175396137,81,48.63201402046176
71,SIAgent0,FEMALE_OLD_LOW_INCOME,32,36.12393469823619,33,35.34663557003833
71,WEAgent9,FEMALE_OLD_LOW_INCOME,32,29.362725446316553,378,0.0
71,WEAgent7,MALE_OLD,35,35.22219817101131,102,29.58686065410959
71,WEAgent8,FEMALE_HIGH_INCOME,9,8.46314825554568,10,8.084734511165783
72,WEAgent1,FEMALE_OLD,37,35.63484717281909,27,21.862542466554856
72,WEAgent2,MALE_OLD,35,44.022870928923865,46,35.75148049152896
72,WEAgent0,FEMALE_HIGH_INCOME,9,10.821232854076253,0,0.0
72,WEAgent5,FEMALE_YOUNG_LOW_INCOME,27,26.79848179986175,30,26.15961987185046
72,WEAgent6,MALE_OLD,35,36.486681336509385,41,35.75148049152896
72,SIAgent7,FEMALE_HIGH_INCOME,9,9.069065383730436,9,8.554907921695374
72,WEAgent3,MALE_YOUNG_LOW_INCOME,25,22.888791933815845,26,22.671670555603733
72,SIAgent8,FEMALE_YOUNG,30,26.159619871850477,285,21.79968322654205
72,WEAgent4,YOUNG_LOW_INCOME,51,49.538769601644425,290,27.903594529973823
72,SIAgent5,FEMALE_HIGH_INCOME,9,10.785063421385027,10,10.21380761983568
72,SIAgent6,MALE_YOUNG_HIGH_INCOME,7,6.845190595577746,7,6.7726296495138385
72,SIAgent3,MALE_OLD,35,38.59459496310244,170,38.367442478714004
72,SIAgent4,YOUNG_LOW_INCOME,51,56.493222843054,54,56.481744300329495
72,SIAgent1,YOUNG_LOW_INCOME,51,53.3438696169779,56,53.07189727533031
72,SIAgent2,YOUNG_HIGH_INCOME,11,10.642703734950318,12,10.463847948740188
72,SIAgent0,FEMALE_YOUNG,30,31.052627773245966,35,30.926616324550633
72,WEAgent9,MALE_HIGH_INCOME,18,17.343989144974486,19,16.56775925217196
72,WEAgent7,MALE_YOUNG_HIGH_INCOME,7,6.9056883296387435,102,0.0
72,WEAgent8,FEMALE_OLD,37,35.17017701141431,36,34.21963168678152
73,WEAgent1,FEMALE_LOW_INCOME,58,48.63847118496116,57,47.799876854185975
73,WEAgent2,MALE_OLD_LOW_INCOME,24,23.79721038669694,25,23.57850513161693
73,WEAgent0,MALE_YOUNG,31,31.034632007580427,89,0.0
73,WEAgent5,MALE_OLD,35,40.84259514906623,48,40.252527877209225
73,WEAgent6,FEMALE_HIGH_INCOME,9,7.986685958782876,43,6.70875464620154
73,SIAgent7,MALE_YOUNG_LOW_INCOME,25,22.875911244282324,349,0.0
73,WEAgent3,FEMALE_LOW_INCOME,58,56.40499120061714,281,51.15425417728675
73,SIAgent8,FEMALE_HIGH_INCOME,9,9.0425046305882,10,8.385943307751925
73,WEAgent4,MALE_OLD_LOW_INCOME,24,23.233654539494474,248,17.919663900028873
73,SIAgent5,OLD_LOW_INCOME,56,58.72799989269293,59,57.928629475295054
73,SIAgent6,MALE_YOUNG,31,30.757161219221352,33,30.196202842452667
73,SIAgent3,FEMALE_OLD_LOW_INCOME,32,30.18048656846968,413,0.0
73,SIAgent4,FEMALE_OLD_LOW_INCOME,32,37.10530072378168,35,36.704999932933084
73,SIAgent1,FEMALE_YOUNG,30,31.154319830367296,36,31.02003793769105
73,SIAgent2,MALE_OLD,35,36.98064600274875,36,36.2828745455709
73,SIAgent0,OLD_LOW_INCOME,56,54.98310594265297,58,54.70213190535124
73,WEAgent9,FEMALE_HIGH_INCOME,9,7.7209145936893435,32,7.547348976976733
73,WEAgent7,OLD_HIGH_INCOME,16,16.030861514568812,19,15.933292284728658
73,WEAgent8,MALE_OLD,35,32.579157822435505,82,30.189395907906903
74,WEAgent1,YOUNG_LOW_INCOME,51,50.44983566133427,60,50.29120009213741
74,WEAgent2,YOUNG_LOW_INCOME,51,58.096074995826314,162,50.29120009213741
74,WEAgent0,OLD_LOW_INCOME,56,53.61380106810089,280,25.92898145627784
74,WEAgent5,FEMALE_YOUNG_LOW_INCOME,27,25.824138004478723,30,25.1456000460687
74,WEAgent6,MALE_YOUNG,31,26.793102319928597,100,0.0
74,SIAgent7,FEMALE_YOUNG,30,27.983562698114497,42,27.66016005067557
74,WEAgent3,MALE_OLD_HIGH_INCOME,11,10.709620903366615,155,0.0
74,SIAgent8,MALE_YOUNG_LOW_INCOME,25,25.673781362514607,30,25.1456000460687
74,WEAgent4,MALE_YOUNG_LOW_INCOME,25,26.05933165049352,31,25.98378671427099
74,SIAgent5,FEMALE_YOUNG_HIGH_INCOME,4,4.343423922494725,4,3.7311416930819328
74,SIAgent6,FEMALE_YOUNG_LOW_INCOME,27,22.631040041461823,290,21.79285337325954
74,SIAgent3,MALE_LOW_INCOME,48,55.10307354197183,50,54.15091957523595
74,SIAgent4,FEMALE_LOW_INCOME,58,54.18194399095784,59,53.79649631109237
74,SIAgent1,MALE_YOUNG_LOW_INCOME,25,26.794212604620924,26,26.700732617015195
74,SIAgent2,MALE_OLD_LOW_INCOME,24,26.22243909243086,29,25.92898145627784
74,SIAgent0,FEMALE_OLD_LOW_INCOME,32,28.611289882789322,463,0.0
74,WEAgent9,FEMALE_OLD_HIGH_INCOME,6,6.291098320701736,82,0.0
74,WEAgent7,MALE_OLD_LOW_INCOME,24,27.32572196125123,30,26.823084265115007
74,WEAgent8,MALE_YOUNG_LOW_INCOME,25,26.62434375670743,31,25.98378671427099
75,WEAgent1,FEMALE_OLD_LOW_INCOME,32,30.85323862697842,34,30.36036454375392
75,WEAgent2,MALE_YOUNG_LOW_INCOME,25,26.608957223853363,25,25.667666814431886
75,WEAgent0,MALE_LOW_INCOME,48,51.83251812664397,58,51.79121010405073
75,WEAgent5,MALE_YOUNG_LOW_INCOME,25,25.667666814431875,25,25.38954716685117
75,WEAgent6,FEMALE_YOUNG_HIGH_INCOME,4,4.187573059070145,42,2.9256381391419204
75,SIAgent7,FEMALE_LOW_INCOME,58,55.49685059150855,60,54.92064171788463
75,WEAgent3,YOUNG_HIGH_INCOME,11,10.486904722114746,11,10.486904722114746
75,SIAgent8,YOUNG_HIGH_INCOME,11,10.727339843520374,11,10.486904722114746
75,WEAgent4,YOUNG_HIGH_INCOME,11,11.608587300916442,12,11.44025969685245
75,SIAgent5,FEMALE_HIGH_INCOME,9,8.79664901870112,32,8.796649018701117
75,SIAgent6,FEMALE_OLD_LOW_INCOME,32,28.574460747062513,32,28.574460747062513
75,SIAgent3,MALE_LOW_INCOME,48,47.37481412887011,53,47.326450612322226
75,SIAgent4,YOUNG_LOW_INCOME,51,48.655088573552014,625,0.0
75,SIAgent1,MALE_OLD,35,40.27943193635753,47,39.33029759464493
75,SIAgent2,MALE_YOUNG,31,34.99432402011207,31,34.24136613948674
75,SIAgent0,MALE_LOW_INCOME,48,53.93869384408449,53,53.501631947401854
75,WEAgent9,OLD_LOW_INCOME,56,65.81384719329415,181,41.075787323902325
75,WEAgent7,FEMALE_OLD_LOW_INCOME,32,34.86914178287137,424,21.430845560296884
75,WEAgent8,MALE_YOUNG,31,31.643322013778917,62,8.580194772639336
76,WEAgent1,YOUNG_HIGH_INCOME,11,10.83874873049384,13,10.6924691781496
76,WEAgent2,MALE_HIGH_INCOME,18,16.107219543309206,135,0.0
76,WEAgent0,MALE_YOUNG,31,34.03153915284505,32,26.319924130829797
76,WEAgent5,FEMALE_YOUNG_HIGH_INCOME,4,4.550007777354468,0,0.0
76,WEAgent6,FEMALE_OLD_LOW_INCOME,32,26.319924130829783,441,0.0
76,SIAgent7,MALE_YOUNG_HIGH_INCOME,7,6.831640319635094,8,6.579981032707445
76,WEAgent3,FEMALE_YOUNG,30,25.29362312156877,43,9.86997154906117
76,SIAgent8,YOUNG_HIGH_INCOME,11,11.107829740170656,12,10.79067747707495
76,WEAgent4,YOUNG_LOW_INCOME,51,63.695808128586364,256,0.0
76,SIAgent5,MALE_YOUNG,31,32.892405550454995,37,32.89054963842696
76,SIAgent6,MALE_YOUNG,31,36.25466142448837,34,36.07554157146679
76,SIAgent3,FEMALE_YOUNG_HIGH_INCOME,4,4.375837763798599,4,4.039210814607511
76,SIAgent4,OLD_HIGH_INCOME,16,17.149485770672957,20,17.00939137103301
76,SIAgent1,FEMALE_OLD_HIGH_INCOME,6,5.774143958427179,7,5.757483403619014
76,SIAgent2,FEMALE_LOW_INCOME,58,60.62118244713358,73,60.042326923455484
76,SIAgent0,MALE_LOW_INCOME,48,40.80398623810298,142,40.30238382533313
76,WEAgent9,FEMALE_LOW_INCOME,58,66.550164011308,345,0.0
76,WEAgent7,MALE_YOUNG,31,36.03527279431672,34,27.96491938900666
76,WEAgent8,OLD_HIGH_INCOME,16,13.493793874739103,81,0.0
77,WEAgent1,MALE_OLD,35,36.480844023738,40,35.8954925528283
77,WEAgent2,MALE_LOW_INCOME,48,45.64920171766896,50,44.869365691035384
77,WEAgent0,MALE_OLD_HIGH_INCOME,11,10.456824822072749,11,9.871260452027773
77,WEAgent5,OLD_LOW_INCOME,56,58.725337753779584,304,42.17720374957326
77,WEAgent6,YOUNG_LOW_INCOME,51,54.13940766551913,332,0.0
77,SIAgent7,MALE_OLD_HIGH_INCOME,11,10.531307101128208,11,9.871260452027773
77,WEAgent3,MALE_OLD,35,32.45426625539996,56,27.819006728441927
77,SIAgent8,FEMALE_YOUNG_HIGH_INCOME,4,4.443646103542909,4,3.979380079425464
77,WEAgent4,FEMALE_OLD_HIGH_INCOME,6,6.116496519332479,82,0.0
77,SIAgent5,MALE_YOUNG_HIGH_INCOME,7,6.7404610496866795,84,0.0
77,SIAgent6,OLD_HIGH_INCOME,16,19.376356495088793,18,18.650010131807555
77,SIAgent3,FEMALE_OLD_HIGH_INCOME,6,5.703394395280412,6,5.384323882924241
77,SIAgent4,MALE_HIGH_INCOME,18,19.6299000065134,19,18.67733458602087
77,SIAgent1,FEMALE_YOUNG_HIGH_INCOME,4,3.646642517274138,4,3.589549255282827
77,SIAgent2,YOUNG_HIGH_INCOME,11,10.943295218420026,11,10.335841189181254
77,SIAgent0,MALE_YOUNG_LOW_INCOME,25,27.47809145744248,25,26.53892532623487
77,WEAgent9,FEMALE_OLD_LOW_INCOME,32,28.716394042262618,479,0.0
77,WEAgent7,FEMALE_HIGH_INCOME,9,9.375330525177738,45,0.0
77,WEAgent8,MALE_HIGH_INCOME,18,19.871520391816823,22,19.742520904055553
78,WEAgent1,OLD_LOW_INCOME,56,53.29721758028014,284,23.7934007054822
78,WEAgent2,YOUNG_LOW_INCOME,51,48.47336762219332,54,47.783785586371074
78,WEAgent0,MALE_OLD,35,29.931149727792523,129,0.0
78,WEAgent5,FEMALE_LOW_INCOME,58,59.29314086601906,263,50.43844034116947
78,WEAgent6,FEMALE_YOUNG_LOW_INCOME,27,24.191972835402762,27,23.891892793185537
78,SIAgent7,MALE_OLD_HIGH_INCOME,11,11.850774159420059,13,11.117284184608653
78,WEAgent3,MALE_YOUNG_HIGH_INCOME,7,5.839896187939852,7,5.684198443196354
78,SIAgent8,FEMALE_YOUNG,30,26.6666810059771,30,26.036551563317367
78,WEAgent4,YOUNG_HIGH_INCOME,11,11.784647284364564,34,0.0
78,SIAgent5,YOUNG_HIGH_INCOME,11,10.88687388830711,13,10.556368537364657
78,SIAgent6,FEMALE_LOW_INCOME,58,62.542422284631584,65,62.44509566272974
78,SIAgent3,MALE_YOUNG,31,25.172878819869563,428,8.932311839308555
78,SIAgent4,FEMALE_OLD_LOW_INCOME,32,34.52506220247886,32,34.506164019107096
78,SIAgent1,FEMALE_HIGH_INCOME,9,9.264419698588172,9,8.62211147317511
78,SIAgent2,OLD_LOW_INCOME,56,59.458103126748945,62,58.54956062943745
78,SIAgent0,FEMALE_OLD,37,34.50803698386941,499,0.0
78,WEAgent9,MALE_OLD_LOW_INCOME,24,23.767791532759706,24,22.841664677262912
78,WEAgent7,MALE_YOUNG_LOW_INCOME,25,22.12212295665327,27,21.924765423757364
78,WEAgent8,FEMALE_YOUNG_HIGH_INCOME,4,3.8316229239422337,0,0.0
79,WEAgent1,FEMALE_HIGH_INCOME,9,9.452687955349004,10,8.873318935196046
79,WEAgent2,MALE_OLD,35,39.79351633879796,113,5.921582991200091
79,WEAgent0,FEMALE_YOUNG_HIGH_INCOME,4,3.729693499777651,0,0.0
79,WEAgent5,FEMALE_OLD_LOW_INCOME,32,30.61373411859094,411,15.971974083352883
79,WEAgent6,FEMALE_YOUNG_HIGH_INCOME,4,4.29955275546371,0,0.0
79,SIAgent7,MALE_OLD_HIGH_INCOME,11,8.142176612900125,11,8.142176612900125
79,WEAgent3,MALE_YOUNG_HIGH_INCOME,7,7.253960733754297,92,0.0
79,SIAgent8,FEMALE_OLD,37,36.56929616497166,41,36.38060763430377
79,WEAgent4,YOUNG_HIGH_INCOME,11,11.184901405671415,38,7.985987041676442
79,SIAgent5,FEMALE_YOUNG_LOW_INCOME,27,26.278865269635318,364,0.0
79,SIAgent6,FEMALE_HIGH_INCOME,9,8.92707374150086,9,8.850372713928216
79,SIAgent3,MALE_OLD,35,33.807131385136685,120,33.30890432550053
79,SIAgent4,FEMALE_YOUNG,30,30.325632648147014,31,30.209242046978858
79,SIAgent1,MALE_LOW_INCOME,48,54.76392223756814,56,54.334728017564736
79,SIAgent2,FEMALE_OLD_LOW_INCOME,32,28.394620592627348,32,28.394620592627348
79,SIAgent0,FEMALE_HIGH_INCOME,9,8.760649737203842,9,7.985987041676442
79,WEAgent9,FEMALE_OLD_HIGH_INCOME,6,6.031911357689202,72,0.0
79,WEAgent7,MALE_YOUNG_LOW_INCOME,25,25.22979261715067,25,24.33228265706973
79,WEAgent8,YOUNG_LOW_INCOME,51,52.31079072272162,292,19.465826125655784
80,WEAgent1,OLD_LOW_INCOME,56,62.53208842471752,211,58.46674958028028
80,WEAgent2,FEMALE_YOUNG_HIGH_INCOME,4,4.226889440813419,0,0.0
80,WEAgent0,MALE_YOUNG,31,31.196553960046195,31,30.289490272860224
80,WEAgent5,FEMALE_HIGH_INCOME,9,8.022341837173782,9,8.02234183717378
80,WEAgent6,FEMALE_OLD_LOW_INCOME,32,31.706199221680254,33,31.266316794000183
80,SIAgent7,YOUNG_HIGH_INCOME,11,10.747883645208464,24,10.696455782898378
80,WEAgent3,FEMALE_HIGH_INCOME,9,9.47587016363168,39,0.0
80,SIAgent8,MALE_OLD_HIGH_INCOME,11,11.01468608975991,11,10.946166999977207
80,WEAgent4,FEMALE_LOW_INCOME,58,58.1739662623943,64,57.51985464547991
80,SIAgent5,OLD_LOW_INCOME,56,51.97044407136016,202,51.0424004272288
80,SIAgent6,FEMALE_LOW_INCOME,58,58.72098906757336,61,58.506451332648375
80,SIAgent3,OLD_LOW_INCOME,56,53.057992135273075,57,52.89848771549167
80,SIAgent4,MALE_OLD_LOW_INCOME,24,25.61212836720108,25,24.87765227267547
80,SIAgent1,FEMALE_YOUNG,30,30.397247498925854,30,30.266873835949138
80,SIAgent2,MALE_OLD,35,34.82871318174566,47,34.10870922981838
80,SIAgent0,MALE_OLD_HIGH_INCOME,11,12.59278566535481,12,12.016021188828994
80,WEAgent9,YOUNG_LOW_INCOME,51,45.83613417061683,51,45.83613417061681
80,WEAgent7,FEMALE_LOW_INCOME,58,59.45642638272739,232,57.51985464547991
80,WEAgent8,FEMALE_OLD,37,39.024861215944135,71,14.261941043864503
81,WEAgent1,YOUNG_LOW_INCOME,51,50.522060085099994,327,0.0
81,WEAgent2,MALE_YOUNG_LOW_INCOME,25,21.594817853092106,25,21.594817853092106
81,WEAgent0,FEMALE_YOUNG_HIGH_INCOME,4,3.741372672697985,0,0.0
81,WEAgent5,FEMALE_OLD_HIGH_INCOME,6,5.412533717404849,0,0.0
81,WEAgent6,OLD_HIGH_INCOME,16,17.24009996968355,19,16.41206156835001
81,SIAgent7,FEMALE_YOUNG_HIGH_INCOME,4,4.497046810852791,4,3.7081329765942206
81,WEAgent3,MALE_YOUNG,31,34.44065966167586,62,0.0
81,SIAgent8,FEMALE_OLD,37,37.86887844698525,38,37.804797261648616
81,WEAgent4,FEMALE_HIGH_INCOME,9,10.832378924442674,12,10.365512569484215
81,SIAgent5,MALE_YOUNG_LOW_INCOME,25,25.29094377158484,25,25.26642141944108
81,SIAgent6,YOUNG_HIGH_INCOME,11,9.71062347800432,11,9.50171985536053
81,SIAgent3,FEMALE_OLD,37,34.22275541586307,484,10.365512569484215
81,SIAgent4,MALE_LOW_INCOME,48,48.511529125326845,153,48.37239199092628
81,SIAgent1,FEMALE_YOUNG_HIGH_INCOME,4,3.7081329765942206,4,3.4741620949169003
81,SIAgent2,FEMALE_OLD_LOW_INCOME,32,34.04861701383279,33,33.77494564190578
81,SIAgent0,FEMALE_LOW_INCOME,58,59.150479519592004,67,58.42443143924848
81,WEAgent9,MALE_OLD,35,36.847347889083686,138,13.820683425978954
81,WEAgent7,MALE_YOUNG_LOW_INCOME,25,23.76236537283141,256,22.45861056721579
81,WEAgent8,FEMALE_YOUNG,30,34.76827741807682,40,8.637927141236846
82,WEAgent1,FEMALE_HIGH_INCOME,9,9.107114862560234,48,0.0
82,WEAgent2,FEMALE_LOW_INCOME,58,55.41338444250126,71,55.226321408060265
82,WEAgent0,OLD_LOW_INCOME,56,54.37805954919046,289,24.780922477080782
82,WEAgent5,MALE_OLD_LOW_INCOME,24,27.54056774502589,30,27.534358307867535
82,WEAgent6,MALE_YOUNG_HIGH_INCOME,7,6.286137800072947,104,0.0
82,SIAgent7,OLD_LOW_INCOME,56,51.39746884135276,58,51.04587538157976
82,WEAgent3,MALE_OLD,35,38.20669190070627,41,37.63028968741899
82,SIAgent8,YOUNG_LOW_INCOME,51,39.66961115226868,213,39.66961115226868
82,WEAgent4,MALE_OLD,35,40.691401627621374,100,38.548101631014575
82,SIAgent5,FEMALE_OLD,37,30.961744067196886,165,30.33558499879372
82,SIAgent6,FEMALE_YOUNG,30,27.099709782412553,34,26.446407434845806
82,SIAgent3,YOUNG_LOW_INCOME,51,48.88834491161839,55,48.17694350826627
82,SIAgent4,FEMALE_OLD_LOW_INCOME,32,35.80008131877261,39,35.79466580022781
82,SIAgent1,MALE_OLD_HIGH_INCOME,11,12.139697734190666,13,11.931555266742603
82,SIAgent2,MALE_YOUNG_LOW_INCOME,25,26.879827605416583,28,26.840659951476773
82,SIAgent0,YOUNG_HIGH_INCOME,11,11.295245040803577,13,10.739302399385416
82,WEAgent9,YOUNG_LOW_INCOME,51,49.33605251909317,199,38.11394012668952
82,WEAgent7,FEMALE_YOUNG_HIGH_INCOME,4,3.8871819361490703,0,0.0
82,WEAgent8,FEMALE_YOUNG,30,28.926426252090398,49,0.0
83,WEAgent1,MALE_YOUNG_HIGH_INCOME,7,7.107751549949048,8,6.716283926176061
83,WEAgent2,MALE_HIGH_INCOME,18,15.111638833896137,76,7.555819416948069
83,WEAgent0,MALE_YOUNG_LOW_INCOME,25,22.562328027575557,25,22.562328027575546
83,WEAgent5,MALE_YOUNG_LOW_INCOME,25,24.902382185481457,305,21.659834906472526
83,WEAgent6,MALE_LOW_INCOME,48,43.75666000231392,48,43.31966981294502
83,SIAgent7,FEMALE_HIGH_INCOME,9,8.661795931283345,9,7.9927475956334275
83,WEAgent3,FEMALE_LOW_INCOME,58,64.23895264276305,236,27.9325381078909
83,SIAgent8,OLD_HIGH_INCOME,16,17.284646712620507,18,16.728785026252176
83,WEAgent4,OLD_LOW_INCOME,56,55.70531004907771,345,37.00221796522388
83,SIAgent5,FEMALE_YOUNG_LOW_INCOME,27,25.90737846317188,28,25.229389258740166
83,SIAgent6,FEMALE_HIGH_INCOME,9,9.368596457948112,9,8.661795931283345
83,SIAgent3,FEMALE_YOUNG,30,27.03148849150731,44,26.130438875123744
83,SIAgent4,FEMALE_LOW_INCOME,58,58.656606020209495,156,58.53148467605506
83,SIAgent1,OLD_HIGH_INCOME,16,14.1833959584997,194,4.432311237031156
83,SIAgent2,MALE_YOUNG_LOW_INCOME,25,24.242090804370296,26,23.464821148678567
83,SIAgent0,FEMALE_YOUNG,30,34.044719041361056,33,33.40322055245462
83,WEAgent9,MALE_YOUNG_HIGH_INCOME,7,7.435758494437014,8,6.716283926176061
83,WEAgent7,FEMALE_YOUNG_LOW_INCOME,27,26.18888420551487,29,26.130438875123744
83,WEAgent8,FEMALE_OLD_HIGH_INCOME,6,5.798016367097384,6,5.318773484437387
84,WEAgent1,FEMALE_YOUNG_LOW_INCOME,27,22.836039288660878,373,0.0
84,WEAgent2,MALE_YOUNG_LOW_INCOME,25,22.175584524847075,361,0.0
84,WEAgent0,MALE_OLD_HIGH_INCOME,11,10.685504535733541,12,10.593254686082295
84,WEAgent5,OLD_LOW_INCOME,56,61.218240157920015,45,38.08006620870447
84,WEAgent6,MALE_OLD_HIGH_INCOME,11,9.844491073391332,11,9.844491073391332
84,SIAgent7,FEMALE_YOUNG_LOW_INCOME,27,29.176493745878922,28,28.73839255163623
84,WEAgent3,OLD_LOW_INCOME,56,55.22220743316694,46,38.92628990223124
84,SIAgent8,OLD_LOW_INCOME,56,49.06482931691188,129,48.234750531025675
84,WEAgent4,MALE_LOW_INCOME,48,48.1754157176445,44,37.233842515177706
84,SIAgent5,MALE_HIGH_INCOME,18,17.574811480548156,29,17.004120944948664
84,SIAgent6,FEMALE_LOW_INCOME,58,59.91746564762687,68,59.578721313392904
84,SIAgent3,MALE_OLD_LOW_INCOME,24,22.6588457866768,25,21.903941659335665
84,SIAgent4,FEMALE_YOUNG,30,34.451144518008256,31,33.49893726378689
84,SIAgent1,MALE_OLD_LOW_INCOME,24,26.071960180902042,27,25.49120151001141
84,SIAgent2,MALE_OLD,35,29.617829273436783,97,28.77160557991004
84,SIAgent0,FEMALE_HIGH_INCOME,9,11.29672739390227,11,11.111579823336042
84,WEAgent9,MALE_OLD_HIGH_INCOME,11,9.991754342483313,11,9.844491073391332
84,WEAgent7,OLD_LOW_INCOME,56,56.37418080862598,41,34.695171434597405
84,WEAgent8,OLD_HIGH_INCOME,16,14.96737131866872,89,0.0
85,WEAgent1,MALE_OLD,35,38.03290170202224,108,7.943367876734441
85,WEAgent2,MALE_OLD_HIGH_INCOME,11,9.95633952150683,11,9.708560738230982
85,WEAgent0,MALE_YOUNG_HIGH_INCOME,7,6.554499757315784,7,6.554499757315783
85,WEAgent5,OLD_HIGH_INCOME,16,16.49256197838871,64,0.0
85,WEAgent6,FEMALE_OLD_LOW_INCOME,32,31.555567736620564,34,30.95545518285038
85,SIAgent7,FEMALE_LOW_INCOME,58,49.19363941714804,635,0.0
85,WEAgent3,MALE_OLD_LOW_INCOME,24,22.769983260415316,24,22.050232316368692
85,SIAgent8,MALE_OLD,35,30.890875076189495,34,30.00827864544124
85,WEAgent4,FEMALE_YOUNG_HIGH_INCOME,4,3.741038378851539,56,0.0
85,SIAgent5,FEMALE_LOW_INCOME,58,58.02449017602854,63,57.24210945338267
85,SIAgent6,OLD_HIGH_INCOME,16,16.412854041014462,17,16.01229612022717
85,SIAgent3,FEMALE_OLD_LOW_INCOME,32,29.400309755158265,32,29.400309755158247
85,SIAgent4,YOUNG_HIGH_INCOME,11,11.940895725156578,11,11.262043765329297
85,SIAgent1,FEMALE_OLD,37,36.80071254965743,40,36.461081201144424
85,SIAgent2,MALE_YOUNG_HIGH_INCOME,7,7.39923185854181,7,6.554499757315783
85,SIAgent0,OLD_LOW_INCOME,56,58.24479509034697,59,57.309998564565504
85,WEAgent9,MALE_LOW_INCOME,48,44.66258763500038,326,30.695380378349302
85,WEAgent7,MALE_YOUNG,31,37.01143656474152,86,7.490856865503752
85,WEAgent8,MALE_YOUNG_LOW_INCOME,25,27.463839505625366,386,0.0
86,WEAgent1,MALE_HIGH_INCOME,18,17.881165982785706,67,0.0
86,WEAgent2,FEMALE_YOUNG_HIGH_INCOME,4,3.744613526986664,0,0.0
86,WEAgent0,FEMALE_LOW_INCOME,58,63.42432220344262,346,14.738501082440981
86,WEAgent5,MALE_LOW_INCOME,48,43.89573219725813,49,43.67359824130906
86,WEAgent6,MALE_OLD_LOW_INCOME,24,23.74508633035892,26,23.17374600559255
86,SIAgent7,MALE_YOUNG_HIGH_INCOME,7,8.265133828008302,8,7.794650984607686
86,WEAgent3,MALE_OLD_LOW_INCOME,24,23.8551276135726,26,23.17374600559255
86,SIAgent8,MALE_LOW_INCOME,48,50.941246426071494,57,50.803981627645236
86,WEAgent4,OLD_HIGH_INCOME,16,19.341204247450875,26,18.800494355238467
86,SIAgent5,YOUNG_HIGH_INCOME,11,10.559462913627938,11,10.1505707037237
86,SIAgent6,YOUNG_HIGH_INCOME,11,10.1505707037237,11,9.719588504177832
86,SIAgent3,MALE_LOW_INCOME,48,42.78230031801701,311,41.891002394725014
86,SIAgent4,FEMALE_OLD,37,26.754549659377805,537,20.96978216545829
86,SIAgent1,FEMALE_YOUNG,30,33.46151470847913,38,33.40978738280455
86,SIAgent2,YOUNG_HIGH_INCOME,11,9.71958850417783,13,9.536677170991224
86,SIAgent0,MALE_YOUNG_HIGH_INCOME,7,6.820319611531726,7,6.719658217763232
86,WEAgent9,FEMALE_YOUNG_LOW_INCOME,27,23.408207601523912,27,23.408207601523912
86,WEAgent7,OLD_LOW_INCOME,56,56.060653264687126,146,51.69527955093726
86,WEAgent8,MALE_OLD,35,34.88915834900352,39,34.76061900838884
87,WEAgent1,MALE_OLD_HIGH_INCOME,11,11.329975181239922,11,11.234219660268163
87,WEAgent2,OLD_HIGH_INCOME,16,13.003213838763132,15,12.190512973840441
87,WEAgent0,FEMALE_YOUNG,30,27.450904395855115,323,6.284724260503992
87,WEAgent5,FEMALE_OLD_HIGH_INCOME,6,5.8860671481175775,7,5.6889060544588705
87,WEAgent6,FEMALE_HIGH_INCOME,9,9.655483553263505,11,8.939709514149655
87,SIAgent7,YOUNG_HIGH_INCOME,11,9.875995266506274,12,9.653916859668657
87,WEAgent3,MALE_YOUNG_HIGH_INCOME,7,5.631451501473384,7,5.631451501473383
87,SIAgent8,YOUNG_HIGH_INCOME,11,10.156149458505574,11,9.875995266506273
87,WEAgent4,MALE_OLD_HIGH_INCOME,11,11.234219660268163,174,5.106463481940074
87,SIAgent5,FEMALE_HIGH_INCOME,9,9.18442428656691,11,8.939709514149655
87,SIAgent6,FEMALE_YOUNG_HIGH_INCOME,4,4.426548946051801,4,4.088695929556052
87,SIAgent3,YOUNG_HIGH_INCOME,11,11.243913806279142,11,10.915889228601866
87,SIAgent4,FEMALE_LOW_INCOME,58,74.7296804115253,141,74.08017942454798
87,SIAgent1,FEMALE_YOUNG,30,28.86240756800566,31,28.382446878145824
87,SIAgent2,MALE_LOW_INCOME,48,43.83004137854469,706,0.0
87,SIAgent0,YOUNG_HIGH_INCOME,11,10.65795736797046,11,10.311325209934607
87,WEAgent9,FEMALE_YOUNG_HIGH_INCOME,4,3.963296954046695,0,0.0
87,WEAgent7,FEMALE_OLD,37,39.88887135932991,39,14.62861556860853
87,WEAgent8,MALE_HIGH_INCOME,18,19.399356919411492,57,4.826958429834328
88,WEAgent1,MALE_YOUNG_HIGH_INCOME,7,7.234875045580484,0,0.0
88,WEAgent2,FEMALE_LOW_INCOME,58,57.23414211898073,59,56.739889525397054
88,WEAgent0,MALE_HIGH_INCOME,18,18.370789448731905,68,0.0
88,WEAgent5,FEMALE_YOUNG,30,38.03031039062341,37,0.0
88,WEAgent6,MALE_LOW_INCOME,48,55.25946288830195,317,51.79329138315619
88,SIAgent7,MALE_YOUNG_LOW_INCOME,25,23.36759341535776,361,0.0
88,WEAgent3,MALE_LOW_INCOME,48,41.43463310652496,47,40.57141158347237
88,SIAgent8,MALE_HIGH_INCOME,18,20.138671326436853,18,19.174832877536765
88,WEAgent4,FEMALE_OLD_HIGH_INCOME,6,6.506620083303768,88,0.0
88,SIAgent5,YOUNG_HIGH_INCOME,11,11.574502551155764,11,11.016825071760909
88,SIAgent6,MALE_YOUNG,31,33.64364697597291,35,33.067202085609495
88,SIAgent3,MALE_HIGH_INCOME,18,18.886682519759404,20,17.99481298826486
88,SIAgent4,MALE_HIGH_INCOME,18,16.195331689438383,18,15.53798741494686
88,SIAgent1,FEMALE_YOUNG,30,31.096329505258833,32,30.774177369706877
88,SIAgent2,FEMALE_OLD_LOW_INCOME,32,34.49500334829587,35,33.659256498116896
88,SIAgent0,FEMALE_LOW_INCOME,58,55.778196482593714,750,41.352800840543615
88,WEAgent9,MALE_OLD_HIGH_INCOME,11,9.703087189095246,11,9.495436753578637
88,WEAgent7,MALE_OLD,35,39.61597153238523,45,38.844968537367166
88,WEAgent8,MALE_OLD,35,44.13670742679099,48,38.844968537367166
89,WEAgent1,YOUNG_HIGH_INCOME,11,11.973753061634033,13,11.799316960403818
89,WEAgent2,OLD_HIGH_INCOME,16,15.001432015498999,16,14.522236258958545
89,WEAgent0,MALE_HIGH_INCOME,18,16.337515791328368,18,16.337515791328364
89,WEAgent5,MALE_HIGH_INCOME,18,18.885587631961187,21,18.853598090840233
89,WEAgent6,FEMALE_OLD,37,34.58354453354262,52,9.984037428034
89,SIAgent7,MALE_YOUNG_HIGH_INCOME,7,5.991513614969367,40,0.0
89,WEAgent3,MALE_HIGH_INCOME,18,17.356680261255843,42,17.245155557513275
89,SIAgent8,FEMALE_YOUNG_HIGH_INCOME,4,4.409128072051585,4,3.630559064739637
89,WEAgent4,FEMALE_YOUNG_HIGH_INCOME,4,4.219830965079219,4,3.630559064739637
89,SIAgent5,MALE_HIGH_INCOME,18,16.62795488998083,18,16.337515791328364
89,SIAgent6,MALE_YOUNG_LOW_INCOME,25,25.015519382768723,24,24.014898607457983
89,SIAgent3,MALE_LOW_INCOME,48,45.87928730350033,601,0.0
89,SIAgent4,MALE_YOUNG,31,32.82877126777575,32,32.413017932207225
89,SIAgent1,OLD_LOW_INCOME,56,54.142622950763766,113,53.52583518741699
89,SIAgent2,MALE_YOUNG,31,31.400111121825734,31,30.558171012762347
89,SIAgent0,FEMALE_YOUNG_LOW_INCOME,27,25.99479834831298,407,0.0
89,WEAgent9,MALE_YOUNG_LOW_INCOME,25,28.245722613244165,28,27.927777129058665
89,WEAgent7,YOUNG_HIGH_INCOME,11,11.39267715448691,36,2.7229192985547277
89,WEAgent8,MALE_HIGH_INCOME,18,17.78919311527981,19,17.245155557513275
90,WEAgent1,YOUNG_HIGH_INCOME,11,10.987862247430773,13,10.699447499032711
90,WEAgent2,OLD_HIGH_INCOME,16,16.54760334520348,55,0.0
90,WEAgent0,FEMALE_LOW_INCOME,58,54.18982166613141,398,0.0
90,WEAgent5,MALE_YOUNG_HIGH_INCOME,7,6.2232163716309055,0,0.0
90,WEAgent6,MALE_OLD_HIGH_INCOME,11,9.40682454543641,11,9.053378653027679
90,SIAgent7,MALE_LOW_INCOME,48,58.79768379898201,62,58.70999294642391
90,WEAgent3,MALE_OLD_HIGH_INCOME,11,9.106831817820382,11,9.053378653027679
90,SIAgent8,MALE_HIGH_INCOME,18,20.369545341686823,19,19.736021845818744
90,WEAgent4,MALE_OLD,35,32.5536777994909,74,9.876413076030195
90,SIAgent5,MALE_HIGH_INCOME,18,18.066225566359808,19,17.413320741251855
90,SIAgent6,MALE_HIGH_INCOME,18,18.328378050783563,18,18.066225566359808
90,SIAgent3,MALE_OLD,35,35.700180579687505,106,35.638512876523585
90,SIAgent4,FEMALE_OLD_HIGH_INCOME,6,7.102428393403676,7,6.8912106818747345
90,SIAgent1,OLD_HIGH_INCOME,16,15.751338701427963,19,15.63765403704781
90,SIAgent2,MALE_YOUNG_HIGH_INCOME,7,7.416865751261796,7,7.12770257530472
90,SIAgent0,MALE_YOUNG_LOW_INCOME,25,20.575860575062904,336,0.0
90,WEAgent9,MALE_HIGH_INCOME,18,18.357718693632243,22,18.106757306055353
90,WEAgent7,FEMALE_HIGH_INCOME,9,8.935443851115961,33,7.407309807022647
90,WEAgent8,MALE_YOUNG,31,30.13404404976858,50,9.876413076030195
91,WEAgent1,FEMALE_LOW_INCOME,58,59.177641748201935,66,59.114789501442864
91,WEAgent2,FEMALE_YOUNG,30,26.61547159254313,17,13.30773579627156
91,WEAgent0,FEMALE_LOW_INCOME,58,66.9719295067427,312,64.4888612743013
91,WEAgent5,YOUNG_HIGH_INCOME,11,10.55706272761508,11,9.759006250599144
91,WEAgent6,YOUNG_HIGH_INCOME,11,12.30735501111337,13,11.533371023435352
91,SIAgent7,FEMALE_HIGH_INCOME,9,9.511859475920849,10,9.361728602528624
91,WEAgent3,OLD_LOW_INCOME,56,47.92627611002512,278,29.953922568765716
91,SIAgent8,FEMALE_YOUNG_LOW_INCOME,27,24.183322977862986,26,23.28764434905325
91,WEAgent4,MALE_YOUNG_HIGH_INCOME,7,7.218064479379623,83,0.0
91,SIAgent5,FEMALE_OLD_LOW_INCOME,32,30.96598445221552,34,30.556362764312333
91,SIAgent6,FEMALE_OLD,37,33.25251241998697,488,30.556362764312333
91,SIAgent3,OLD_HIGH_INCOME,16,18.201350888399734,16,17.19883022077959
91,SIAgent4,MALE_OLD_LOW_INCOME,24,26.447824164248836,26,26.20508925277689
91,SIAgent1,MALE_HIGH_INCOME,18,19.457005680555497,41,18.873047589722326
91,SIAgent2,FEMALE_YOUNG_HIGH_INCOME,4,3.8089022553451457,4,3.5487295456724173
91,SIAgent0,MALE_OLD_LOW_INCOME,24,24.189313156409437,28,23.96313805501257
91,WEAgent9,FEMALE_OLD,37,33.960185956497874,37,33.25251241998695
91,WEAgent7,FEMALE_OLD_HIGH_INCOME,6,6.231409618799375,0,0.0
91,WEAgent8,MALE_OLD_LOW_INCOME,24,26.16441806436838,30,25.674790773227755
92,WEAgent1,FEMALE_YOUNG_HIGH_INCOME,4,4.176886652297571,5,3.8865395361281547
92,WEAgent2,FEMALE_YOUNG_LOW_INCOME,27,28.242649990349864,32,27.510007634606414
92,WEAgent0,FEMALE_OLD,37,35.56221860778976,37,26.108116313028244
92,WEAgent5,FEMALE_YOUNG_HIGH_INCOME,4,3.6979742911874283,0,0.0
92,WEAgent6,MALE_YOUNG_HIGH_INCOME,7,6.104425820206223,7,5.608240071029851
92,SIAgent7,FEMALE_LOW_INCOME,58,53.35065429219242,144,53.3006397920499
92,WEAgent3,YOUNG_LOW_INCOME,51,56.46513917235644,65,55.87970300779425
92,SIAgent8,MALE_YOUNG_HIGH_INCOME,7,6.241352687166743,7,6.223894997474581
92,WEAgent4,YOUNG_LOW_INCOME,51,43.84407466765399,171,37.82626049758381
92,SIAgent5,YOUNG_HIGH_INCOME,11,8.55038697948194,46,8.55038697948194
92,SIAgent6,MALE_OLD,35,34.72854955369127,474,0.0
92,SIAgent3,MALE_YOUNG_HIGH_INCOME,7,6.223894997474582,7,5.831019698297095
92,SIAgent4,FEMALE_LOW_INCOME,58,63.215264689731285,67,63.03488542894251
92,SIAgent1,FEMALE_YOUNG_HIGH_INCOME,4,3.7809949637737037,4,3.1092316289025237
92,SIAgent2,MALE_HIGH_INCOME,18,19.546646725190985,20,18.93928331466022
92,SIAgent0,FEMALE_LOW_INCOME,58,54.56751275938302,59,54.27049315929925
92,WEAgent9,FEMALE_YOUNG,30,30.048541317653005,39,12.436926515610091
92,WEAgent7,FEMALE_OLD,37,34.5000108422159,37,34.50001084221589
92,WEAgent8,MALE_YOUNG_HIGH_INCOME,7,5.831019698297096,7,5.831019698297095
93,WEAgent1,FEMALE_OLD,37,37.2837083637224,40,19.548533811793792
93,WEAgent2,FEMALE_YOUNG_LOW_INCOME,27,25.266217804737963,27,24.857207661467452
93,WEAgent0,MALE_YOUNG,31,28.874601860910705,105,0.0
93,WEAgent5,FEMALE_YOUNG_LOW_INCOME,27,26.33074175057219,28,25.777844982262543
93,WEAgent6,FEMALE_OLD_HIGH_INCOME,6,5.637482569228164,0,0.0
93,SIAgent7,FEMALE_LOW_INCOME,58,56.5565483688556,58,56.18440667569722
93,WEAgent3,MALE_OLD_LOW_INCOME,24,24.969677541047396,28,24.375316350708303
93,SIAgent8,MALE_YOUNG_LOW_INCOME,25,21.763675313132413,368,0.0
93,WEAgent4,FEMALE_HIGH_INCOME,9,10.085687177797324,12,9.7742669058969
93,SIAgent5,OLD_HIGH_INCOME,16,17.848824757575947,19,17.835719074519762
93,SIAgent6,OLD_HIGH_INCOME,16,13.032355874529197,112,12.217833632371125
93,SIAgent3,FEMALE_LOW_INCOME,58,56.184406675697176,132,56.15887656850045
93,SIAgent4,OLD_LOW_INCOME,56,57.784476983803835,58,56.93096118883013
93,SIAgent1,MALE_OLD,35,34.40776965932346,40,34.20560802697241
93,SIAgent2,FEMALE_OLD_HIGH_INCOME,6,7.112411823723296,6,6.693309284090981
93,SIAgent0,FEMALE_LOW_INCOME,58,62.19547050519438,61,61.46823359057132
93,WEAgent9,FEMALE_LOW_INCOME,58,53.39696460611523,224,24.857207661467452
93,WEAgent7,FEMALE_HIGH_INCOME,9,7.59691663906324,51,7.330700179422674
93,WEAgent8,MALE_LOW_INCOME,48,51.28438613981186,237,25.2458633632336
94,WEAgent1,FEMALE_YOUNG,30,34.173233127691006,29,3.2517582983552575
94,WEAgent2,MALE_LOW_INCOME,48,50.160176099413796,325,22.884982195786424
94,WEAgent0,FEMALE_LOW_INCOME,58,47.15049532615124,294,0.0
94,WEAgent5,OLD_HIGH_INCOME,16,16.114364797198725,78,0.0
94,WEAgent6,MALE_YOUNG,31,35.0846148151416,21,17.071731066365096
94,SIAgent7,MALE_YOUNG_HIGH_INCOME,7,6.703306926813354,7,6.324095031276843
94,WEAgent3,FEMALE_OLD_LOW_INCOME,32,32.59025855643416,446,0.0
94,SIAgent8,OLD_HIGH_INCOME,16,16.45445952280761,17,16.188161724526736
94,WEAgent4,MALE_HIGH_INCOME,18,18.432966740082083,22,17.88467064095391
94,SIAgent5,FEMALE_LOW_INCOME,58,70.21239221480143,69,70.15029880127564
94,SIAgent6,MALE_OLD_LOW_INCOME,24,22.884982195786424,24,22.884982195786424
94,SIAgent3,MALE_YOUNG_HIGH_INCOME,7,6.867254909580297,7,6.7033069268133545
94,SIAgent4,YOUNG_LOW_INCOME,51,51.76725910868333,141,51.54472032685115
94,SIAgent1,MALE_OLD_LOW_INCOME,24,23.24191558075605,24,22.884982195786424
94,SIAgent2,MALE_HIGH_INCOME,18,16.26195865185474,45,16.258791491776282
94,SIAgent0,FEMALE_YOUNG_LOW_INCOME,27,26.763604785095815,32,26.01406638684205
94,WEAgent9,MALE_YOUNG_HIGH_INCOME,7,6.814045689738378,0,0.0
94,WEAgent7,MALE_YOUNG,31,29.070508130886772,26,21.136428939309166
94,WEAgent8,YOUNG_HIGH_INCOME,11,9.80804341653793,12,9.755274895065769
95,WEAgent1,YOUNG_HIGH_INCOME,11,12.207817783028986,42,0.8561024646333741
95,WEAgent2,FEMALE_YOUNG_HIGH_INCOME,4,3.585827308063003,4,3.4244098585334966
95,WEAgent0,FEMALE_YOUNG_LOW_INCOME,27,26.099304556679225,302,4.662111094129266
95,WEAgent5,MALE_YOUNG,31,31.971156439073745,49,26.539176403634585
95,WEAgent6,MALE_OLD_LOW_INCOME,24,26.294339635325642,305,0.0
95,SIAgent7,YOUNG_LOW_INCOME,51,47.553533160118505,54,46.84009112374203
95,WEAgent3,MALE_YOUNG_LOW_INCOME,25,25.32935012701415,26,25.249008706683956
95,SIAgent8,MALE_YOUNG_LOW_INCOME,25,25.113793608896042,25,24.27789298719611
95,WEAgent4,FEMALE_OLD,37,37.40403780218151,68,9.694736101337412
95,SIAgent5,OLD_HIGH_INCOME,16,12.926314801783219,64,12.926314801783214
95,SIAgent6,FEMALE_YOUNG_HIGH_INCOME,4,4.599320652234944,4,4.010814184585927
95,SIAgent3,FEMALE_YOUNG,30,30.081106384394452,33,29.70145666255843
95,SIAgent4,MALE_LOW_INCOME,48,39.791219740313934,47,38.96223599572408
95,SIAgent1,FEMALE_YOUNG_LOW_INCOME,27,30.373148229134276,30,30.08110638439444
95,SIAgent2,MALE_YOUNG,31,26.5391764036346,248,26.539176403634585
95,SIAgent0,FEMALE_LOW_INCOME,58,74.7561899823011,69,73.98749628303457
95,WEAgent9,FEMALE_OLD_LOW_INCOME,32,32.67641430184526,413,0.0
95,WEAgent7,MALE_YOUNG_LOW_INCOME,25,24.277892987196108,25,24.200505985872127
95,WEAgent8,MALE_HIGH_INCOME,18,17.962616637907022,20,17.122049292667477
96,WEAgent1,OLD_HIGH_INCOME,16,15.271413560194805,134,11.847712031646548
96,WEAgent2,YOUNG_LOW_INCOME,51,52.56200346956992,325,0.0
96,WEAgent0,MALE_YOUNG_LOW_INCOME,25,25.224397934497834,360,0.0
96,WEAgent5,FEMALE_OLD_HIGH_INCOME,6,6.165774242302602,0,0.0
96,WEAgent6,FEMALE_YOUNG,30,27.23242927594312,50,0.0
96,SIAgent7,FEMALE_YOUNG_LOW_INCOME,27,26.74765554550064,27,26.61173506272271
96,WEAgent3,FEMALE_OLD,37,35.20834985422454,41,34.69687094982202
96,SIAgent8,FEMALE_OLD,37,31.311810369351587,385,0.0
96,WEAgent4,MALE_OLD_LOW_INCOME,24,24.58651447902294,333,0.0
96,SIAgent5,FEMALE_OLD,37,34.08209816541172,40,33.85060580470441
96,SIAgent6,MALE_HIGH_INCOME,18,19.915408867240465,18,19.32770370050279
96,SIAgent3,MALE_YOUNG_HIGH_INCOME,7,7.309452981212542,8,6.770121160940883
96,SIAgent4,FEMALE_OLD,37,42.69297951253929,43,41.930277934744225
96,SIAgent1,FEMALE_LOW_INCOME,58,57.16594939399695,64,56.556893867903405
96,SIAgent2,MALE_YOUNG,31,34.9683992807337,33,34.27056213709382
96,SIAgent0,MALE_OLD,35,37.64249203597265,36,36.701598760359424
96,WEAgent9,MALE_YOUNG_HIGH_INCOME,7,7.787591272725847,74,0.0
96,WEAgent7,MALE_OLD_HIGH_INCOME,11,10.585197745541702,12,10.155181741411326
96,WEAgent8,OLD_HIGH_INCOME,16,14.650731862055318,17,14.386507466999381
97,WEAgent1,FEMALE_OLD,37,38.64620392574311,30,28.636409175510693
97,WEAgent2,FEMALE_YOUNG_LOW_INCOME,27,30.73094949130249,333,29.05048572206066
97,WEAgent0,FEMALE_HIGH_INCOME,9,10.312338905532702,47,0.0
97,WEAgent5,OLD_LOW_INCOME,56,51.80197002764271,56,51.80197002764271
97,WEAgent6,FEMALE_OLD,37,36.367286337110215,36,34.363691010612825
97,SIAgent7,FEMALE_OLD_LOW_INCOME,32,33.10070067649615,32,32.44516670397696
97,WEAgent3,MALE_OLD,35,35.519846290843056,158,29.60112573008155
97,SIAgent8,YOUNG_LOW_INCOME,51,44.83097041253304,54,44.82074939975073
97,WEAgent4,FEMALE_YOUNG_LOW_INCOME,27,22.410374699875366,27,22.410374699875366
97,SIAgent5,OLD_LOW_INCOME,56,56.779041731959694,58,56.34790751071121
97,SIAgent6,OLD_LOW_INCOME,56,53.906465443239235,57,53.649676472832944
97,SIAgent3,YOUNG_HIGH_INCOME,11,10.618762125355524,47,10.500016697687261
97,SIAgent4,FEMALE_OLD_LOW_INCOME,32,30.736721134543252,32,30.545503120544737
97,SIAgent1,FEMALE_OLD_LOW_INCOME,32,31.90494501106823,33,31.76630999333738
97,SIAgent2,FEMALE_OLD,37,35.31823798312987,379,26.72731523047665
97,SIAgent0,MALE_OLD_HIGH_INCOME,11,12.21405303456723,162,0.0
97,WEAgent9,OLD_LOW_INCOME,56,55.27935396028796,59,54.577075564837855
97,WEAgent7,MALE_YOUNG_LOW_INCOME,25,25.375133554528002,336,0.0
97,WEAgent8,FEMALE_OLD_HIGH_INCOME,6,6.182485642870075,0,0.0
98,WEAgent1,MALE_OLD_HIGH_INCOME,11,10.2172511591352,11,9.434873027574517
98,WEAgent2,FEMALE_YOUNG_HIGH_INCOME,4,3.60406901590076,0,0.0
98,WEAgent0,FEMALE_YOUNG,30,29.394398194985605,41,2.433090932246931
98,WEAgent5,FEMALE_HIGH_INCOME,9,10.142662308126894,12,9.732363728987727
98,WEAgent6,MALE_YOUNG,31,32.12668002607676,59,0.0
98,SIAgent7,FEMALE_HIGH_INCOME,9,7.649392225830694,9,7.299272796740794
98,WEAgent3,FEMALE_LOW_INCOME,58,47.03975802344067,311,22.708848700971348
98,SIAgent8,FEMALE_YOUNG_LOW_INCOME,27,26.558883046180622,32,25.95296994396725
98,WEAgent4,MALE_OLD,35,35.550648873358426,159,9.434873027574517
98,SIAgent5,YOUNG_HIGH_INCOME,11,11.6706196671289,12,11.01391833500465
98,SIAgent6,MALE_OLD_LOW_INCOME,24,29.022304048159743,27,28.36496002447782
98,SIAgent3,MALE_YOUNG,31,29.955990800992698,148,29.197091186963153
98,SIAgent4,MALE_LOW_INCOME,48,50.42659559907168,51,49.475801617277675
98,SIAgent1,FEMALE_LOW_INCOME,58,69.24531497180638,70,69.2115303357507
98,SIAgent2,FEMALE_OLD_LOW_INCOME,32,31.821598971280327,447,0.0
98,SIAgent0,MALE_OLD_LOW_INCOME,24,23.449554997972022,27,23.158324704046528
98,WEAgent9,FEMALE_OLD,37,32.30706116952001,56,8.110303107489772
98,WEAgent7,MALE_OLD_LOW_INCOME,24,20.585177514708036,290,0.0
98,WEAgent8,FEMALE_YOUNG,30,24.539134691989766,30,24.3309093224693
99,WEAgent1,FEMALE_OLD,37,43.75402459359724,54,17.87676613435663
99,WEAgent2,FEMALE_OLD_HIGH_INCOME,6,7.050744026074335,6,6.309446870949396
99,WEAgent0,FEMALE_OLD_LOW_INCOME,32,33.65038331173011,32,32.764992164719494
99,WEAgent5,OLD_LOW_INCOME,56,57.88455041991567,333,0.0
99,WEAgent6,MALE_YOUNG_HIGH_INCOME,7,7.224724981792704,99,0.0
99,SIAgent7,FEMALE_LOW_INCOME,58,55.43913976079682,149,54.6211156592092
99,WEAgent3,FEMALE_OLD_HIGH_INCOME,6,6.399926385464616,6,6.309446870949396
99,SIAgent8,FEMALE_LOW_INCOME,58,57.16948350350064,59,56.39498699805201
99,WEAgent4,FEMALE_LOW_INCOME,58,62.71070225680833,214,45.517596382674334
99,SIAgent5,FEMALE_OLD_LOW_INCOME,32,38.89289650818334,36,37.8566812256964
99,SIAgent6,FEMALE_OLD_HIGH_INCOME,6,6.427757308761947,6,6.309446870949396
99,SIAgent3,FEMALE_YOUNG_LOW_INCOME,27,26.72252845798379,27,26.613380251629618
99,SIAgent4,OLD_LOW_INCOME,56,57.338736288259085,56,57.1476100128234
99,SIAgent1,YOUNG_HIGH_INCOME,11,12.04784506541947,12,11.519428360256953
99,SIAgent2,MALE_HIGH_INCOME,18,21.169285369347868,18,20.287817574150893
99,SIAgent0,YOUNG_LOW_INCOME,51,46.42794831032779,277,45.517596382674334
99,WEAgent9,OLD_HIGH_INCOME,16,17.35401398606986,16,16.825191655865062
99,WEAgent7,MALE_OLD_HIGH_INCOME,11,12.678323279230408,138,0.0
99,WEAgent8,FEMALE_YOUNG_HIGH_INCOME,4,3.5512046315278534,48,0.0

