0,WEAgent1,FEMALE_HIGH_INCOME,21,20.651153485661144,22,20.252735470730734
0,WEAgent2,MALE_HIGH_INCOME,42,37.26298195816762,42,36.444277122936995
0,WEAgent0,MALE_OLD_LOW_INCOME,57,59.97728671694672,70,59.500000000000085
0,WEAgent5,FEMALE_OLD_HIGH_INCOME,13,13.627445694511737,14,12.93515698048716
0,WEAgent6,YOUNG_HIGH_INCOME,25,23.68467311425055,26,23.06756025981805
0,WEAgent3,FEMALE_HIGH_INCOME,21,20.149802066721676,21,19.402735470730732
0,WEAgent4,FEMALE_YOUNG,70,64.67578490243578,76,64.6000000000001
0,WFAgent0,FEMALE_YOUNG_HIGH_INCOME,9,9.751934479886145,10,9.165458058884603
1,WEAgent1,MALE_OLD_LOW_INCOME,57,55.5253484398003,65,55.25000000000008
1,WEAgent2,FEMALE_YOUNG_HIGH_INCOME,9,8.448551580939146,0,0.0
1,WEAgent0,FEMALE_YOUNG,70,69.46236181911392,75,69.23249113103195
1,WEAgent5,MALE_YOUNG_LOW_INCOME,58,54.36208120885018,63,53.550000000000075
1,WEAgent6,FEMALE_YOUNG_LOW_INCOME,62,61.16627467897916,65,61.03707397164483
1,WEAgent3,MALE_OLD_HIGH_INCOME,26,27.817952363902297,32,27.200000000000035
1,WEAgent4,FEMALE_YOUNG,70,66.60693294763404,70,66.60693294763401
1,WFAgent0,FEMALE_OLD,88,89.46264180026402,105,89.24999999999993
2,WEAgent1,OLD_HIGH_INCOME,38,42.288521789658375,34,34.9543845363982
2,WEAgent2,FEMALE_OLD_HIGH_INCOME,13,13.823769434182763,0,0.0
2,WEAgent0,YOUNG_HIGH_INCOME,25,25.144106539939077,25,24.96179206908653
2,WEAgent5,MALE_YOUNG,74,82.0899520636695,96,82.04541504829035
2,WEAgent6,YOUNG_HIGH_INCOME,25,28.183602802047453,29,27.17401860697885
2,WEAgent3,OLD_HIGH_INCOME,38,39.27171552676154,37,38.238249328688894
2,WEAgent4,MALE_YOUNG,74,73.8869045244961,84,73.33013187592502
2,WFAgent0,OLD_LOW_INCOME,132,127.74980596881143,150,127.49999999999967
3,WEAgent1,MALE_YOUNG_LOW_INCOME,58,66.59194768722409,64,66.57495986136165
3,WEAgent2,OLD_HIGH_INCOME,38,41.00931076629355,48,40.800000000000054
3,WEAgent0,MALE_LOW_INCOME,114,126.24945494274007,148,125.79999999999968
3,WEAgent5,MALE_HIGH_INCOME,42,39.734646149480675,45,39.49881904626787
3,WEAgent6,MALE_OLD,82,93.37222490218736,109,92.6499999999999
3,WEAgent3,YOUNG_LOW_INCOME,120,124.82804974005319,132,124.75542735702884
3,WEAgent4,MALE_YOUNG_HIGH_INCOME,17,16.715648259554847,17,16.08307106050408
3,WFAgent0,MALE_OLD,82,81.85851377166017,96,81.59999999999998
4,WEAgent1,FEMALE_YOUNG_LOW_INCOME,62,71.92536044314538,84,71.40000000000005
4,WEAgent2,MALE_YOUNG,74,60.28292100410869,0,0.0
4,WEAgent0,MALE_YOUNG_LOW_INCOME,58,56.94052363448828,66,56.10000000000008
4,WEAgent5,FEMALE_OLD_LOW_INCOME,76,82.08230030601716,87,81.38578199038652
4,WEAgent6,FEMALE_OLD,88,90.73410646764927,97,90.6969582075198
4,WEAgent3,FEMALE_YOUNG_HIGH_INCOME,9,9.052908114326561,10,8.500000000000005
4,WEAgent4,FEMALE_OLD,88,86.69725118461864,87,85.71205514842984
4,WFAgent0,MALE_LOW_INCOME,114,130.87672125430245,153,130.04999999999967
5,WEAgent1,MALE_LOW_INCOME,114,108.59379689952954,114,108.59379689952942
5,WEAgent2,MALE_OLD_LOW_INCOME,57,66.51281305122687,69,65.727824439189
5,WEAgent0,FEMALE_OLD_HIGH_INCOME,13,14.217924770113731,13,13.561792927632824
5,WEAgent5,OLD_LOW_INCOME,132,131.86229387459397,142,131.77833390481717
5,WEAgent6,FEMALE_OLD_LOW_INCOME,76,78.2368017811914,92,78.2
5,WEAgent3,FEMALE_LOW_INCOME,138,127.7314737249467,150,127.49999999999967
5,WEAgent4,OLD_HIGH_INCOME,38,39.642163942311335,42,38.98465228998142
5,WFAgent0,MALE_YOUNG_HIGH_INCOME,17,15.847937506720097,18,15.300000000000015
6,WEAgent1,FEMALE_OLD,88,87.39519816475404,97,86.66436682031154
6,WEAgent2,FEMALE_OLD,88,79.74485706916549,87,78.83866551156142
6,WEAgent0,MALE_YOUNG_HIGH_INCOME,17,17.240925329620183,20,17.000000000000018
6,WEAgent5,FEMALE_HIGH_INCOME,21,21.64232258827171,23,20.842405824895522
6,WEAgent6,YOUNG_LOW_INCOME,120,124.19682019589656,146,124.0999999999997
6,WEAgent3,FEMALE_HIGH_INCOME,21,23.444887748020093,26,23.16763959447892
6,WEAgent4,MALE_OLD_HIGH_INCOME,26,24.9140451813287,29,24.65000000000003
6,WFAgent0,MALE_OLD_LOW_INCOME,57,42.27909695999279,0,0.0
7,WEAgent1,YOUNG_HIGH_INCOME,25,26.982637981939448,7,6.320408823094623
7,WEAgent2,FEMALE_HIGH_INCOME,21,18.961226469283872,19,17.155395376971125
7,WEAgent0,FEMALE_OLD,88,102.44055491780898,111,101.52444179500151
7,WEAgent5,FEMALE_YOUNG_LOW_INCOME,62,66.68555470876225,78,66.30000000000008
7,WEAgent6,FEMALE_OLD,88,82.14128927860632,88,82.0578655368039
7,WEAgent3,FEMALE_YOUNG_HIGH_INCOME,9,9.12636070032209,0,0.0
7,WEAgent4,YOUNG_LOW_INCOME,120,123.76518169281968,145,123.2499999999997
7,WFAgent0,FEMALE_YOUNG_HIGH_INCOME,9,10.159082415939254,11,9.932071007720124
8,WEAgent1,FEMALE_OLD,88,93.51306315748131,110,93.4999999999999
8,WEAgent2,YOUNG_HIGH_INCOME,25,25.900814524291174,25,25.5821077795983
8,WEAgent0,MALE_YOUNG_HIGH_INCOME,17,20.051493343151158,23,19.550000000000022
8,WEAgent5,MALE_OLD_LOW_INCOME,57,53.59867164625859,63,53.550000000000075
8,WEAgent6,MALE_YOUNG_LOW_INCOME,58,58.766151996334635,69,58.650000000000084
8,WEAgent3,MALE_OLD_HIGH_INCOME,26,24.964067031200813,29,24.65000000000003
8,WEAgent4,YOUNG_HIGH_INCOME,25,25.58210777959828,25,25.062254846046507
8,WFAgent0,OLD_HIGH_INCOME,38,38.8019080660793,45,38.25000000000005
9,WEAgent1,MALE_OLD_LOW_INCOME,57,48.93766797375851,56,48.07911239527155
9,WEAgent2,OLD_HIGH_INCOME,38,39.688746978145865,46,39.10000000000005
9,WEAgent0,FEMALE_YOUNG,70,69.91350456783528,82,69.70000000000006
9,WEAgent5,MALE_YOUNG,74,72.12582160864865,82,71.4470440811228
9,WEAgent6,MALE_HIGH_INCOME,42,39.194088162245556,41,38.260895586954
9,WEAgent3,MALE_OLD_LOW_INCOME,57,66.23088982708023,77,65.82644545342767
9,WEAgent4,MALE_OLD_HIGH_INCOME,26,29.308449375010877,31,28.928969834038373
9,WFAgent0,FEMALE_LOW_INCOME,138,144.58757587955867,170,144.49999999999957
10,WEAgent1,FEMALE_LOW_INCOME,138,135.64143954689976,159,135.14999999999964
10,WEAgent2,FEMALE_OLD,88,83.48593667251583,98,83.29999999999997
10,WEAgent0,OLD_HIGH_INCOME,38,34.31213171695559,38,34.31213171695558
10,WEAgent5,MALE_HIGH_INCOME,42,47.16128432664211,49,43.979836724895954
10,WEAgent6,MALE_HIGH_INCOME,42,41.94026972647004,46,41.5357383942094
10,WEAgent3,MALE_HIGH_INCOME,42,43.19575504969575,47,42.43868922886613
10,WEAgent4,OLD_HIGH_INCOME,38,40.04012883798705,45,39.838525039701786
10,WFAgent0,YOUNG_HIGH_INCOME,25,28.589746982708377,33,28.050000000000036
11,WEAgent1,FEMALE_HIGH_INCOME,21,18.93121290877171,21,18.570808605847816
11,WEAgent2,FEMALE_OLD_HIGH_INCOME,13,13.048885687189408,14,12.620808605847808
11,WEAgent0,FEMALE_OLD_HIGH_INCOME,13,8.887870967709233,0,0.0
11,WEAgent5,FEMALE_OLD_LOW_INCOME,76,76.17573606136743,89,75.65000000000002
11,WEAgent6,MALE_LOW_INCOME,114,116.72192782864506,137,116.44999999999975
11,WEAgent3,FEMALE_YOUNG,70,70.05779620047393,82,69.70000000000006
11,WEAgent4,MALE_YOUNG_HIGH_INCOME,17,16.258565938808275,16,15.302179707113673
11,WFAgent0,MALE_YOUNG,74,78.84484353086056,83,71.40108985355688
12,WEAgent1,OLD_LOW_INCOME,132,122.76589573531201,132,122.76589573531174
12,WEAgent2,OLD_HIGH_INCOME,38,44.9721175967406,52,44.20000000000006
12,WEAgent0,FEMALE_YOUNG_LOW_INCOME,62,66.81139751152259,64,66.70321619802563
12,WEAgent5,MALE_LOW_INCOME,114,113.73268474414824,123,112.95468978945244
12,WEAgent6,MALE_OLD_LOW_INCOME,57,58.57203282550515,62,57.66276920901012
12,WEAgent3,FEMALE_YOUNG_HIGH_INCOME,9,7.531785161289478,0,0.0
12,WEAgent4,FEMALE_LOW_INCOME,138,143.82880992699282,153,143.31440496349595
12,WFAgent0,FEMALE_HIGH_INCOME,21,23.351483421896916,27,22.950000000000028
13,WEAgent1,OLD_LOW_INCOME,132,147.33000280814352,152,147.24373378833747
13,WEAgent2,FEMALE_OLD_LOW_INCOME,76,74.3257004816571,75,73.34773073847741
13,WEAgent0,OLD_LOW_INCOME,132,135.57086199005593,138,134.95982455879843
13,WEAgent5,FEMALE_YOUNG_LOW_INCOME,62,69.70466271104667,82,69.70000000000006
13,WEAgent6,OLD_LOW_INCOME,132,144.2888278818099,147,143.76155224741572
13,WEAgent3,FEMALE_OLD_LOW_INCOME,76,86.36058510928339,88,85.54945842709468
13,WEAgent4,MALE_LOW_INCOME,114,97.91246698266684,115,97.74999999999987
13,WFAgent0,FEMALE_YOUNG,70,80.3377121573495,73,79.32893146445075
14,WEAgent1,FEMALE_OLD_HIGH_INCOME,13,10.864183319396773,0,0.0
14,WEAgent2,FEMALE_OLD,88,89.14509435179687,91,89.11643123272324
14,WEAgent0,YOUNG_LOW_INCOME,120,125.93368716456972,126,125.5642955885434
14,WEAgent5,FEMALE_YOUNG_LOW_INCOME,62,63.60272691894958,74,62.90000000000009
14,WEAgent6,YOUNG_LOW_INCOME,120,129.846537778296,126,129.25715470625224
14,WEAgent3,FEMALE_YOUNG_HIGH_INCOME,9,8.300087790022125,9,8.300087790022125
14,WEAgent4,FEMALE_OLD_LOW_INCOME,76,77.56012715488349,76,77.38959916600353
14,WFAgent0,FEMALE_YOUNG_HIGH_INCOME,9,8.593218299869442,9,8.300087790022125
15,WEAgent1,FEMALE_YOUNG_LOW_INCOME,62,55.566610676623775,64,55.08134402975835
15,WEAgent2,MALE_OLD_LOW_INCOME,57,64.6995179181273,75,64.54845003487307
15,WEAgent0,MALE_LOW_INCOME,114,109.74336162219383,127,109.30204205905139
15,WEAgent5,OLD_LOW_INCOME,132,129.7102308911385,151,129.65945805719136
15,WEAgent6,FEMALE_LOW_INCOME,138,144.0332760652817,168,143.75814004184716
15,WEAgent3,MALE_YOUNG,74,89.90935283857365,103,87.54999999999994
15,WEAgent4,FEMALE_YOUNG_HIGH_INCOME,9,9.323353768170248,10,8.500000000000005
15,WFAgent0,FEMALE_OLD_LOW_INCOME,76,65.40909603533797,76,64.6000000000001
16,WEAgent1,FEMALE_OLD_LOW_INCOME,76,97.08247075261366,107,96.33038269286064
16,WEAgent2,FEMALE_OLD,88,80.11992895473881,88,80.11992895473871
16,WEAgent0,YOUNG_LOW_INCOME,120,103.4136760557917,120,103.4136760557915
16,WEAgent5,MALE_OLD,82,96.5572953993562,113,96.04999999999988
16,WEAgent6,MALE_YOUNG_LOW_INCOME,58,50.6142959021648,59,50.15000000000007
16,WEAgent3,FEMALE_OLD,88,90.30508464161,101,89.77949297793194
16,WEAgent4,FEMALE_LOW_INCOME,138,129.84914375338988,151,129.48094084463293
16,WFAgent0,MALE_HIGH_INCOME,42,38.108777219922715,44,37.40000000000005
17,WEAgent1,MALE_YOUNG_LOW_INCOME,58,57.40404339013074,63,57.31199055169136
17,WEAgent2,MALE_LOW_INCOME,114,104.29425729125549,113,103.37939538519197
17,WEAgent0,YOUNG_HIGH_INCOME,25,26.307777745313984,30,25.500000000000032
17,WEAgent5,OLD_LOW_INCOME,132,137.5871547766721,157,137.21199055169086
17,WEAgent6,FEMALE_YOUNG,70,57.842915578980126,0,0.0
17,WEAgent3,MALE_LOW_INCOME,114,94.42043470918927,0,0.0
17,WEAgent4,MALE_HIGH_INCOME,42,48.30089004029289,56,47.600000000000065
17,WFAgent0,OLD_LOW_INCOME,132,135.10867407768495,158,134.29999999999964
18,WEAgent1,YOUNG_HIGH_INCOME,25,26.025743631278566,28,25.44062431553612
18,WEAgent2,FEMALE_OLD_HIGH_INCOME,13,13.963679537592744,16,13.600000000000012
18,WEAgent0,OLD_HIGH_INCOME,38,39.5762027488231,44,38.937782016738886
18,WEAgent5,FEMALE_OLD,88,73.32337497101051,0,0.0
18,WEAgent6,OLD_LOW_INCOME,132,145.07737613125607,170,144.49999999999957
18,WEAgent3,FEMALE_YOUNG_HIGH_INCOME,9,8.992328985438625,9,8.992328985438624
18,WEAgent4,MALE_OLD,82,72.5658664857407,83,72.22758038189694
18,WFAgent0,FEMALE_OLD_HIGH_INCOME,13,12.445997461249508,14,11.90000000000001
19,WEAgent1,MALE_OLD,82,70.63700220582521,82,70.23706223992417
19,WEAgent2,OLD_HIGH_INCOME,38,39.57869627053435,45,38.76420852758698
19,WEAgent0,YOUNG_LOW_INCOME,120,105.89497025041948,124,105.39999999999982
19,WEAgent5,MALE_LOW_INCOME,114,119.76256962142645,140,118.99999999999973
19,WEAgent6,MALE_YOUNG,74,63.95465462094438,75,63.75000000000009
19,WEAgent3,FEMALE_OLD_LOW_INCOME,76,84.34033728948705,99,84.14999999999996
19,WEAgent4,FEMALE_HIGH_INCOME,21,24.75466373172901,29,24.65000000000003
19,WFAgent0,FEMALE_OLD,88,89.64724833861037,105,89.24999999999993
20,WEAgent1,YOUNG_LOW_INCOME,120,113.60180438676765,125,113.40444603850644
20,WEAgent2,MALE_YOUNG_LOW_INCOME,58,64.5170140322983,68,64.37435581916834
20,WEAgent0,OLD_HIGH_INCOME,38,39.018913324945466,41,38.67859681284049
20,WEAgent5,MALE_YOUNG_HIGH_INCOME,17,19.89561240645501,23,19.550000000000022
20,WEAgent6,MALE_OLD_HIGH_INCOME,26,25.53253507358113,30,25.500000000000032
20,WEAgent3,MALE_OLD_LOW_INCOME,57,63.1241150024244,74,62.90000000000009
20,WEAgent4,OLD_HIGH_INCOME,38,37.50449985458385,38,37.31678203061854
20,WFAgent0,FEMALE_YOUNG_LOW_INCOME,62,68.51595183639219,80,68.00000000000007
21,WEAgent1,MALE_OLD_LOW_INCOME,57,58.524569285329065,68,57.80000000000008
21,WEAgent2,FEMALE_YOUNG_HIGH_INCOME,9,9.00064779014969,0,0.0
21,WEAgent0,FEMALE_YOUNG,70,74.88483639745989,88,74.80000000000003
21,WEAgent5,MALE_OLD,82,83.62152666542137,97,83.07684791479774
21,WEAgent6,FEMALE_HIGH_INCOME,21,22.138080446906727,26,22.100000000000026
21,WEAgent3,YOUNG_HIGH_INCOME,25,28.563909661644587,33,28.050000000000036
21,WEAgent4,OLD_HIGH_INCOME,38,34.89314472849595,39,34.02310959561124
21,WFAgent0,FEMALE_YOUNG,70,61.067119786994496,71,60.35000000000009
22,WEAgent1,MALE_YOUNG_HIGH_INCOME,17,14.984003450320891,17,14.450000000000014
22,WEAgent2,FEMALE_OLD_HIGH_INCOME,13,13.805183480760677,16,13.600000000000012
22,WEAgent0,YOUNG_LOW_INCOME,120,107.0060480553611,106,94.52200911556902
22,WEAgent5,MALE_HIGH_INCOME,42,49.26083525849936,55,48.477658221626356
22,WEAgent6,FEMALE_LOW_INCOME,138,127.16741748476116,102,90.95514084705697
22,WEAgent3,FEMALE_LOW_INCOME,138,140.25942365583023,105,93.630292048441
22,WEAgent4,MALE_OLD,82,84.48623145750396,96,83.89307363961302
22,WFAgent0,FEMALE_YOUNG,70,69.2537791288487,77,68.37019469896057
23,WEAgent1,MALE_OLD,82,68.86437853622527,0,0.0
23,WEAgent2,MALE_YOUNG,74,78.17784928760175,88,75.93422580770635
23,WEAgent0,MALE_OLD_HIGH_INCOME,26,28.393350852997507,33,28.050000000000036
23,WEAgent5,YOUNG_LOW_INCOME,120,137.70868493742867,157,137.1362338750452
23,WEAgent6,MALE_YOUNG,74,68.14579436064187,73,67.22490524766025
23,WEAgent3,OLD_HIGH_INCOME,38,40.20267148876463,46,39.658763063449484
23,WEAgent4,FEMALE_HIGH_INCOME,21,20.189532312722996,22,19.468299212242986
23,WFAgent0,MALE_HIGH_INCOME,42,37.166753041554806,43,36.55000000000005
24,WEAgent1,MALE_YOUNG_HIGH_INCOME,17,16.82976186225415,17,16.43228494273604
24,WEAgent2,YOUNG_LOW_INCOME,120,123.15399145422501,131,122.58430366724299
24,WEAgent0,MALE_LOW_INCOME,114,108.93818097381723,115,108.8874562218358
24,WEAgent5,YOUNG_LOW_INCOME,120,113.6216934488718,119,112.67484600346489
24,WEAgent6,FEMALE_OLD_LOW_INCOME,76,77.44148905550641,91,77.35000000000001
24,WEAgent3,MALE_YOUNG_LOW_INCOME,58,60.1534990573593,0,0.0
24,WEAgent4,MALE_YOUNG_HIGH_INCOME,17,16.432284942736047,17,16.31567994610451
24,WFAgent0,FEMALE_OLD,88,77.42250479570875,91,77.35000000000001
25,WEAgent1,FEMALE_YOUNG_LOW_INCOME,62,54.74526924679805,64,54.40000000000008
25,WEAgent2,MALE_OLD_HIGH_INCOME,26,27.539763755334366,0,0.0
25,WEAgent0,MALE_YOUNG_HIGH_INCOME,17,16.168159885955067,19,16.150000000000016
25,WEAgent5,MALE_OLD_LOW_INCOME,57,61.83617482400244,72,61.20000000000009
25,WEAgent6,OLD_HIGH_INCOME,38,42.983424602196266,45,42.79807028635161
25,WEAgent3,YOUNG_HIGH_INCOME,25,27.453048940353554,32,27.200000000000035
25,WEAgent4,MALE_OLD,82,85.42663299925012,94,84.75127497210828
25,WFAgent0,MALE_HIGH_INCOME,42,43.67875539119612,17,14.450000000000014
26,WEAgent1,FEMALE_OLD_LOW_INCOME,76,73.27622767476949,76,73.27622767476943
26,WEAgent2,OLD_LOW_INCOME,132,133.4904678085085,157,133.44999999999965
26,WEAgent0,MALE_OLD,82,91.91771693113613,108,91.79999999999991
26,WEAgent5,YOUNG_LOW_INCOME,120,117.59596879172531,138,117.29999999999974
26,WEAgent6,FEMALE_YOUNG_HIGH_INCOME,9,9.344052448611167,10,8.500000000000005
26,WEAgent3,FEMALE_OLD_LOW_INCOME,76,83.29611833016278,88,83.24790589385437
26,WEAgent4,FEMALE_OLD,88,78.3394865116685,84,78.24965342744954
26,WFAgent0,YOUNG_HIGH_INCOME,25,24.52315760112441,28,23.80000000000003
27,WEAgent1,MALE_OLD_LOW_INCOME,57,58.88884844077738,64,58.591144776388326
27,WEAgent2,MALE_YOUNG_LOW_INCOME,58,48.29518862037936,0,0.0
27,WEAgent0,YOUNG_HIGH_INCOME,25,25.466418651671912,29,24.65000000000003
27,WEAgent5,YOUNG_LOW_INCOME,120,109.07631446626428,120,109.07631446626407
27,WEAgent6,OLD_LOW_INCOME,132,120.844236101301,137,120.24822495360156
27,WEAgent3,YOUNG_LOW_INCOME,120,119.22867994659842,132,119.04043731738851
27,WEAgent4,MALE_YOUNG_HIGH_INCOME,17,20.83860626365408,24,20.400000000000023
27,WFAgent0,MALE_OLD_HIGH_INCOME,26,22.590223683790263,26,22.100000000000026
28,WEAgent1,FEMALE_LOW_INCOME,138,140.93248203161227,138,140.41873242222925
28,WEAgent2,MALE_HIGH_INCOME,42,37.741218114771264,44,37.40000000000005
28,WEAgent0,FEMALE_YOUNG,70,66.1126866000717,67,65.51249348971456
28,WEAgent5,FEMALE_LOW_INCOME,138,144.43598718111676,141,143.9962316409951
28,WEAgent6,MALE_LOW_INCOME,114,106.17015153317732,96,89.40644339635992
28,WEAgent3,MALE_LOW_INCOME,114,107.42227121492441,110,102.44488305832914
28,WEAgent4,OLD_HIGH_INCOME,38,42.224271719699104,49,41.650000000000055
28,WFAgent0,MALE_LOW_INCOME,114,120.6546648742156,129,120.1399083138588
29,WEAgent1,MALE_OLD_LOW_INCOME,57,60.07000139839605,62,59.71838487670714
29,WEAgent2,MALE_LOW_INCOME,114,109.80477219265501,113,108.84157243657921
29,WEAgent0,OLD_LOW_INCOME,132,131.831383480384,140,131.1123739001235
29,WEAgent5,MALE_YOUNG_LOW_INCOME,58,56.158624477473474,60,56.08484228502349
29,WEAgent6,MALE_YOUNG_LOW_INCOME,58,59.09249884666152,61,59.063380915963535
29,WEAgent3,FEMALE_YOUNG_HIGH_INCOME,9,8.228294612155207,9,7.650000000000005
29,WEAgent4,FEMALE_OLD_HIGH_INCOME,13,14.394097906122283,16,13.600000000000012
29,WFAgent0,YOUNG_HIGH_INCOME,25,28.698017324654213,33,28.050000000000036
30,WEAgent1,FEMALE_LOW_INCOME,138,126.1862085485983,143,125.79904520334358
30,WEAgent2,OLD_LOW_INCOME,132,120.82929807859814,132,120.829298078598
30,WEAgent0,YOUNG_HIGH_INCOME,25,25.984512912859984,28,25.233412839682234
30,WEAgent5,FEMALE_YOUNG,70,63.083532099205584,69,62.182338783502765
30,WEAgent6,YOUNG_LOW_INCOME,120,119.01100249196425,140,118.99999999999973
30,WEAgent3,OLD_LOW_INCOME,132,129.3773634099162,144,129.06809396982553
30,WEAgent4,MALE_YOUNG,74,76.62502297446672,83,71.82983289257344
30,WFAgent0,FEMALE_YOUNG,70,83.41064720554323,92,82.90978504467039
31,WEAgent1,MALE_YOUNG_LOW_INCOME,58,66.40696784074753,73,65.71907788996268
31,WEAgent2,MALE_YOUNG,74,78.48973132339711,92,78.2
31,WEAgent0,MALE_OLD_LOW_INCOME,57,57.790979826851576,67,56.95000000000008
31,WEAgent5,MALE_YOUNG_LOW_INCOME,58,58.066771114702384,63,57.40253178446082
31,WEAgent6,FEMALE_YOUNG_HIGH_INCOME,9,8.521368848336124,10,8.500000000000005
31,WEAgent3,FEMALE_OLD,88,87.42819721441948,102,86.69999999999995
31,WEAgent4,MALE_YOUNG,74,61.12890836013703,0,0.0
31,WFAgent0,MALE_YOUNG_LOW_INCOME,58,52.84677529363051,62,52.700000000000074
32,WEAgent1,FEMALE_YOUNG_HIGH_INCOME,9,9.049343628074762,10,8.500000000000005
32,WEAgent2,MALE_YOUNG,74,62.14237610212311,0,0.0
32,WEAgent0,FEMALE_YOUNG_LOW_INCOME,62,77.35153938287797,83,77.17949207693269
32,WEAgent5,FEMALE_OLD_HIGH_INCOME,13,15.294005544452897,17,14.450000000000014
32,WEAgent6,FEMALE_OLD_HIGH_INCOME,13,10.90665451776334,0,0.0
32,WEAgent3,FEMALE_YOUNG_LOW_INCOME,62,62.975712719245756,62,62.9757127192457
32,WEAgent4,MALE_OLD_LOW_INCOME,57,60.70624259230217,71,60.35000000000009
32,WFAgent0,OLD_HIGH_INCOME,38,35.146829466442206,41,34.850000000000044
33,WEAgent1,MALE_OLD_HIGH_INCOME,26,29.66850561231665,34,28.900000000000038
33,WEAgent2,MALE_OLD_LOW_INCOME,57,61.61692445232573,72,61.20000000000009
33,WEAgent0,FEMALE_LOW_INCOME,138,146.03431443753283,164,145.92236322255673
33,WEAgent5,FEMALE_YOUNG_LOW_INCOME,62,58.676878432363196,62,58.020875260507204
33,WEAgent6,FEMALE_YOUNG_HIGH_INCOME,9,9.05684115429509,9,8.649141206330896
33,WEAgent3,FEMALE_YOUNG_HIGH_INCOME,9,8.934610122425438,9,8.934610122425436
33,WEAgent4,FEMALE_OLD_LOW_INCOME,76,71.12236322255721,83,70.55000000000005
33,WFAgent0,MALE_YOUNG_HIGH_INCOME,17,15.334088086964233,18,15.300000000000015
34,WEAgent1,MALE_YOUNG_HIGH_INCOME,17,17.30992090199568,18,16.578017183747402
34,WEAgent2,MALE_LOW_INCOME,114,99.68501449679616,113,98.81058454507004
34,WEAgent0,FEMALE_OLD_LOW_INCOME,76,81.82396361872449,96,81.59999999999998
34,WEAgent5,MALE_LOW_INCOME,114,123.40436792625862,136,118.33615459334362
34,WEAgent6,MALE_YOUNG_HIGH_INCOME,17,16.864032458189513,16,15.872030548884252
34,WEAgent3,FEMALE_YOUNG,70,64.1583847447742,75,63.75000000000009
34,WEAgent4,MALE_OLD,82,80.35384752767236,91,79.57312560709178
34,WFAgent0,FEMALE_OLD_LOW_INCOME,76,59.69597385476164,0,0.0
35,WEAgent1,FEMALE_LOW_INCOME,138,120.35155232809629,141,119.84999999999972
35,WEAgent2,MALE_HIGH_INCOME,42,35.75385554849639,42,35.700000000000045
35,WEAgent0,FEMALE_OLD,88,82.99768526810688,89,82.63666358077293
35,WEAgent5,FEMALE_OLD_HIGH_INCOME,13,13.586057258144566,0,0.0
35,WEAgent6,FEMALE_OLD,88,84.75142017653886,91,84.05719703754207
35,WEAgent3,MALE_OLD_LOW_INCOME,57,58.102298665431505,68,57.80000000000008
35,WEAgent4,YOUNG_LOW_INCOME,120,133.74817241133252,157,133.44999999999965
35,WFAgent0,MALE_OLD_LOW_INCOME,57,55.04036548789293,64,54.40000000000008
36,WEAgent1,OLD_HIGH_INCOME,38,40.013958859354325,47,39.95000000000005
36,WEAgent2,MALE_YOUNG_HIGH_INCOME,17,17.963328974460236,18,17.205887557038963
36,WEAgent0,FEMALE_YOUNG_LOW_INCOME,62,61.22591934273626,72,61.20000000000009
36,WEAgent5,YOUNG_LOW_INCOME,120,135.72701722889673,142,134.92042145345644
36,WEAgent6,YOUNG_LOW_INCOME,120,116.3399207934013,119,115.37042145345656
36,WEAgent3,FEMALE_OLD_LOW_INCOME,76,71.33617133200615,83,70.55000000000005
36,WEAgent4,MALE_HIGH_INCOME,42,40.147070966424266,43,39.938244545847056
36,WFAgent0,OLD_LOW_INCOME,132,148.2189255190851,174,147.89999999999955
37,WEAgent1,MALE_YOUNG_LOW_INCOME,58,53.417429333194136,57,52.49643917227703
37,WEAgent2,YOUNG_LOW_INCOME,120,121.3741311249878,137,120.63841949411095
37,WEAgent0,MALE_YOUNG,74,81.4020132518465,83,72.46673434476278
37,WEAgent5,FEMALE_YOUNG_LOW_INCOME,62,65.007493504421,76,64.6000000000001
37,WEAgent6,MALE_YOUNG,74,68.91794218913518,74,68.15327190786844
37,WEAgent3,FEMALE_HIGH_INCOME,21,20.7572050541961,23,20.18402142143949
37,WEAgent4,OLD_HIGH_INCOME,38,33.34751365281308,38,32.796190677648326
37,WFAgent0,OLD_LOW_INCOME,132,148.23988158006873,174,147.89999999999955
38,WEAgent1,FEMALE_OLD,88,93.05776216173746,107,92.82910124761113
38,WEAgent2,FEMALE_OLD,88,72.57152274217071,0,0.0
38,WEAgent0,MALE_HIGH_INCOME,42,39.03034244303312,45,38.773583067864216
38,WEAgent5,MALE_YOUNG_HIGH_INCOME,17,15.085779439549354,16,14.19838064898763
38,WEAgent6,FEMALE_OLD_HIGH_INCOME,13,11.720996428243103,0,0.0
38,WEAgent3,MALE_OLD,82,84.9466973673445,97,84.36866127387663
38,WEAgent4,OLD_LOW_INCOME,132,114.81096173352266,132,114.23734135267298
38,WFAgent0,OLD_LOW_INCOME,132,130.4198175930234,153,130.04999999999967
39,WEAgent1,YOUNG_LOW_INCOME,120,120.40443093439903,120,120.40443093439885
39,WEAgent2,OLD_HIGH_INCOME,38,32.64311615238682,38,32.34514686215619
39,WEAgent0,FEMALE_LOW_INCOME,138,141.74150451867703,146,141.2774688721054
39,WEAgent5,FEMALE_LOW_INCOME,138,110.85981688001547,0,0.0
39,WEAgent6,MALE_LOW_INCOME,114,111.06328097908742,120,110.69675147838674
39,WEAgent3,OLD_HIGH_INCOME,38,37.66296783643428,28,24.05282242807448
39,WEAgent4,OLD_HIGH_INCOME,38,39.93906137128863,40,34.36117489724925
39,WFAgent0,MALE_OLD_LOW_INCOME,57,61.4225799112063,63,61.37707633054831
40,WEAgent1,FEMALE_OLD,88,85.78684021568696,100,84.99999999999996
40,WEAgent2,FEMALE_LOW_INCOME,138,144.16478406210186,138,144.16478406210146
40,WEAgent0,MALE_OLD_LOW_INCOME,57,46.836404641912736,0,0.0
40,WEAgent5,MALE_YOUNG_HIGH_INCOME,17,15.585093466574953,18,15.300000000000015
40,WEAgent6,FEMALE_LOW_INCOME,138,151.58819572588698,151,151.12666474830328
40,WEAgent3,MALE_OLD_LOW_INCOME,57,60.71795849364865,71,60.35000000000009
40,WEAgent4,FEMALE_YOUNG,70,75.04749080432433,75,74.45697915518552
40,WFAgent0,MALE_LOW_INCOME,114,126.38044846061595,148,125.79999999999968
41,WEAgent1,YOUNG_HIGH_INCOME,25,23.36948384943844,22,20.480366433528285
41,WEAgent2,MALE_OLD_LOW_INCOME,57,65.94280953520179,77,65.45000000000009
41,WEAgent0,FEMALE_YOUNG_HIGH_INCOME,9,9.807990216315769,0,0.0
41,WEAgent5,YOUNG_HIGH_INCOME,25,25.605451906782356,27,25.2390425573935
41,WEAgent6,MALE_HIGH_INCOME,42,46.487907132679965,54,45.90000000000006
41,WEAgent3,FEMALE_OLD,88,76.87682404479959,76,76.64174416508696
41,WEAgent4,FEMALE_OLD_LOW_INCOME,76,81.23950102812012,81,81.11068496808844
41,WFAgent0,OLD_LOW_INCOME,132,118.74542327996771,139,118.14999999999974
42,WEAgent1,MALE_OLD,82,93.33474664510867,103,92.63356219061275
42,WEAgent2,MALE_YOUNG,74,73.80537357800597,86,73.10000000000004
42,WEAgent0,OLD_LOW_INCOME,132,124.18268230644463,146,124.0999999999997
42,WEAgent5,FEMALE_YOUNG,70,72.09896590438326,77,71.59377755524405
42,WEAgent6,FEMALE_YOUNG,70,66.4365230462432,69,65.4874298598683
42,WEAgent3,FEMALE_OLD,88,85.9778021561496,87,85.0007816771025
42,WEAgent4,OLD_HIGH_INCOME,38,41.56515352210461,44,41.394227435481554
42,WFAgent0,FEMALE_OLD,88,99.9504227552831,103,99.87098646757401
43,WEAgent1,FEMALE_HIGH_INCOME,21,21.758372195006277,25,21.250000000000025
43,WEAgent2,YOUNG_LOW_INCOME,120,119.89696716720832,121,111.27362187211956
43,WEAgent0,OLD_LOW_INCOME,132,121.88807590247742,143,121.54999999999971
43,WEAgent5,MALE_LOW_INCOME,114,104.83630490431133,114,104.83630490431102
43,WEAgent6,YOUNG_LOW_INCOME,120,111.73382198029327,110,101.15783806556328
43,WEAgent3,MALE_HIGH_INCOME,42,41.83040765748749,48,41.30517264074944
43,WEAgent4,MALE_OLD_HIGH_INCOME,26,26.809087087485825,31,26.722865520553146
43,WFAgent0,MALE_OLD,82,70.68628944146312,82,69.70000000000006
44,WEAgent1,OLD_HIGH_INCOME,38,36.18846831570968,38,36.18846831570968
44,WEAgent2,YOUNG_LOW_INCOME,120,122.28777423283067,143,121.54999999999971
44,WEAgent0,MALE_OLD_HIGH_INCOME,26,25.211307300943854,0,0.0
44,WEAgent5,OLD_HIGH_INCOME,38,38.25549057898525,40,38.09312454285229
44,WEAgent6,MALE_OLD,82,86.80221680660154,83,73.41518717999661
44,WEAgent3,FEMALE_OLD,88,90.69090842884073,106,90.09999999999992
44,WEAgent4,MALE_LOW_INCOME,114,120.34586235791106,141,119.84999999999972
44,WFAgent0,FEMALE_YOUNG_HIGH_INCOME,9,9.715371947508867,11,9.350000000000005
45,WEAgent1,MALE_OLD_HIGH_INCOME,26,26.720504011345575,27,25.948310782835602
45,WEAgent2,FEMALE_OLD_LOW_INCOME,76,76.82957235601313,75,75.81865693027615
45,WEAgent0,FEMALE_YOUNG,70,72.82142212499494,84,72.16122412142832
45,WEAgent5,MALE_OLD_HIGH_INCOME,26,24.987262235323154,26,24.543068045273458
45,WEAgent6,FEMALE_YOUNG_HIGH_INCOME,9,8.675471179708616,0,0.0
45,WEAgent3,FEMALE_OLD_LOW_INCOME,76,84.35787758449035,87,83.60492554422083
45,WEAgent4,FEMALE_LOW_INCOME,138,115.58543490759419,0,0.0
45,WFAgent0,FEMALE_YOUNG_HIGH_INCOME,9,9.406848947273996,9,8.982142212499497
46,WEAgent1,MALE_OLD_HIGH_INCOME,26,23.68466854926386,27,22.950000000000028
46,WEAgent2,FEMALE_OLD_HIGH_INCOME,13,12.252325295094726,13,11.84233427463193
46,WEAgent0,MALE_YOUNG,74,80.97506299069806,38,32.30000000000004
46,WEAgent5,MALE_YOUNG_HIGH_INCOME,17,15.705336129047417,0,0.0
46,WEAgent6,OLD_HIGH_INCOME,38,35.39144184654914,41,35.33759032285046
46,WEAgent3,MALE_YOUNG_HIGH_INCOME,17,18.36679768843179,0,0.0
46,WEAgent4,MALE_OLD_LOW_INCOME,57,53.92331386378147,63,53.550000000000075
46,WFAgent0,MALE_HIGH_INCOME,42,42.878226226987174,47,42.81459314674616
47,WEAgent1,FEMALE_HIGH_INCOME,21,22.61203984190593,20,17.777343754471598
47,WEAgent2,MALE_OLD_HIGH_INCOME,26,23.11054688081308,26,23.11054688081308
47,WEAgent0,MALE_LOW_INCOME,114,136.71941247627433,160,135.99999999999963
47,WEAgent5,MALE_OLD_HIGH_INCOME,26,27.58104830621233,31,27.360546880813086
47,WEAgent6,FEMALE_HIGH_INCOME,21,23.192171641582032,20,17.777343754471598
47,WEAgent3,YOUNG_HIGH_INCOME,25,22.494393377171185,25,22.2216796930895
47,WEAgent4,MALE_HIGH_INCOME,42,38.30045730571884,43,37.48281250536594
47,WFAgent0,MALE_HIGH_INCOME,42,34.580637780398376,0,0.0
48,WEAgent1,MALE_LOW_INCOME,114,106.64988503601515,125,106.24999999999982
48,WEAgent2,MALE_YOUNG,74,75.8253419528392,76,66.48155676133631
48,WEAgent0,FEMALE_OLD,88,77.16601557098961,90,76.50000000000001
48,WEAgent5,MALE_YOUNG_HIGH_INCOME,17,17.990272759365354,0,0.0
48,WEAgent6,YOUNG_HIGH_INCOME,25,25.61029089921002,27,25.25918329800359
48,WEAgent3,FEMALE_YOUNG,70,77.22313303508385,90,76.50000000000001
48,WEAgent4,MALE_OLD,82,78.24820790558923,92,78.2
48,WFAgent0,YOUNG_LOW_INCOME,120,121.15862777550672,142,120.69999999999972
49,WEAgent1,MALE_OLD_LOW_INCOME,57,68.4079685712323,61,67.54221550879082
49,WEAgent2,OLD_HIGH_INCOME,38,37.19608707724251,43,36.55000000000005
49,WEAgent0,OLD_LOW_INCOME,132,155.18561399711584,162,154.42121324707162
49,WEAgent5,FEMALE_YOUNG,70,76.57670285971024,86,76.01013485764466
49,WEAgent6,FEMALE_YOUNG_LOW_INCOME,62,55.51919314334322,61,54.623722286192574
49,WEAgent3,MALE_OLD_HIGH_INCOME,26,26.61997433578524,31,26.350000000000033
49,WEAgent4,FEMALE_LOW_INCOME,138,158.099922275832,182,157.51919314334268
49,WFAgent0,MALE_LOW_INCOME,114,126.22643554101889,142,120.69999999999972
50,WEAgent1,YOUNG_HIGH_INCOME,25,23.312030570507574,26,22.594887336921843
50,WEAgent2,MALE_OLD_HIGH_INCOME,26,25.85130145568848,30,25.500000000000032
50,WEAgent0,FEMALE_YOUNG_HIGH_INCOME,9,9.453228131189563,10,9.32481222820303
50,WEAgent5,MALE_HIGH_INCOME,42,41.55516068096098,48,40.800000000000054
50,WEAgent6,OLD_LOW_INCOME,132,138.70828988810487,146,138.55906721169316
50,WEAgent3,MALE_OLD_LOW_INCOME,57,65.52638464166745,62,65.15086343229173
50,WEAgent4,MALE_OLD_LOW_INCOME,57,61.92052343791715,58,60.94758192053098
50,WFAgent0,FEMALE_OLD_LOW_INCOME,76,82.07832846858823,96,81.59999999999998
51,WEAgent1,OLD_HIGH_INCOME,38,41.47891362149342,42,40.68124504753113
51,WEAgent2,FEMALE_YOUNG_LOW_INCOME,62,50.334786919131005,0,0.0
51,WEAgent0,YOUNG_LOW_INCOME,120,122.16932232407441,143,121.54999999999971
51,WEAgent5,MALE_YOUNG_HIGH_INCOME,17,17.02143029385561,17,16.8701696883347
51,WEAgent6,MALE_YOUNG_HIGH_INCOME,17,19.19299971108303,19,19.023951504897454
51,WEAgent3,FEMALE_HIGH_INCOME,21,27.571713375299197,26,27.49634880149203
51,WEAgent4,MALE_OLD_HIGH_INCOME,26,27.496348801492037,32,27.200000000000035
51,WFAgent0,FEMALE_OLD,88,66.19590216723442,0,0.0
52,WEAgent1,YOUNG_LOW_INCOME,120,125.2174842740865,147,124.94999999999969
52,WEAgent2,FEMALE_OLD_HIGH_INCOME,13,12.346239270824311,14,11.90000000000001
52,WEAgent0,OLD_LOW_INCOME,132,152.2630468579582,166,151.8952200834719
52,WEAgent5,OLD_HIGH_INCOME,38,42.41204136185732,49,41.650000000000055
52,WEAgent6,MALE_LOW_INCOME,114,120.05475161291311,127,119.28052025290053
52,WEAgent3,OLD_LOW_INCOME,132,123.97660372742394,143,123.78041737261795
52,WEAgent4,FEMALE_YOUNG,70,76.07335944057021,89,75.65000000000002
52,WFAgent0,MALE_OLD,82,85.46332836510494,100,84.99999999999996
53,WEAgent1,OLD_LOW_INCOME,132,149.4985658778368,151,149.17126888870337
53,WEAgent2,MALE_YOUNG,74,63.86802431282274,74,63.04389550596022
53,WEAgent0,MALE_YOUNG_HIGH_INCOME,17,16.477847790434485,0,0.0
53,WEAgent5,MALE_HIGH_INCOME,42,44.57832672669036,52,44.31773268669472
53,WEAgent6,MALE_LOW_INCOME,114,112.83036680075251,128,112.71272167036012
53,WEAgent3,OLD_LOW_INCOME,132,144.06764744475353,145,143.51230865008046
53,WEAgent4,FEMALE_YOUNG_HIGH_INCOME,9,7.9729755028551645,9,7.650000000000005
53,WFAgent0,FEMALE_OLD_HIGH_INCOME,13,14.61613198164568,17,14.450000000000014
54,WEAgent1,MALE_YOUNG,74,72.89262922085126,82,72.80581719026459
54,WEAgent2,MALE_YOUNG_HIGH_INCOME,17,17.79680289496536,18,17.73063954020706
54,WEAgent0,OLD_HIGH_INCOME,38,39.475145629648694,46,39.10000000000005
54,WEAgent5,MALE_OLD_LOW_INCOME,57,60.53901058055386,58,59.869045516262226
54,WEAgent6,MALE_LOW_INCOME,114,123.49921872405972,123,122.95471719211142
54,WEAgent3,MALE_YOUNG_LOW_INCOME,58,59.86904551626218,70,59.500000000000085
54,WEAgent4,OLD_LOW_INCOME,132,144.69420946288827,140,144.51148917718436
54,WFAgent0,MALE_OLD_HIGH_INCOME,26,25.97550647605989,30,25.500000000000032
55,WEAgent1,MALE_OLD,82,79.3111449909185,87,79.0382416308202
55,WEAgent2,FEMALE_OLD,88,73.92819733731199,0,0.0
55,WEAgent0,MALE_YOUNG,74,56.49019989123496,0,0.0
55,WEAgent5,MALE_OLD,82,85.73000001952217,93,80.92153715156601
55,WEAgent6,OLD_LOW_INCOME,132,119.92009075020995,135,119.66278502286058
55,WEAgent3,MALE_OLD_LOW_INCOME,57,62.88481145854539,69,62.68550198306423
55,WEAgent4,OLD_HIGH_INCOME,38,39.52810931831903,46,39.10000000000005
55,WFAgent0,MALE_OLD_HIGH_INCOME,26,26.251918725929006,28,25.43759500762031
56,WEAgent1,MALE_YOUNG_LOW_INCOME,58,61.69581567543241,72,61.20000000000009
56,WEAgent2,FEMALE_LOW_INCOME,138,163.95327490309649,176,163.88997124465314
56,WEAgent0,MALE_LOW_INCOME,114,125.66477190767259,147,124.94999999999969
56,WEAgent5,FEMALE_YOUNG_LOW_INCOME,62,69.41657013525543,62,69.41657013525537
56,WEAgent6,MALE_YOUNG,74,72.9355381226766,85,72.25000000000004
56,WEAgent3,FEMALE_OLD_HIGH_INCOME,13,12.733611628051879,13,12.733611628051877
56,WEAgent4,FEMALE_HIGH_INCOME,21,17.203334025849912,0,0.0
56,WFAgent0,FEMALE_OLD_HIGH_INCOME,13,12.775424473311942,15,12.75000000000001
57,WEAgent1,MALE_LOW_INCOME,114,118.80019490786665,116,118.74400451885764
57,WEAgent2,FEMALE_LOW_INCOME,138,129.1991950115627,150,128.68525583217703
57,WEAgent0,YOUNG_HIGH_INCOME,25,24.995402779127907,29,24.65000000000003
57,WEAgent5,FEMALE_YOUNG_LOW_INCOME,62,53.18990574396662,62,53.18990574396658
57,WEAgent6,FEMALE_LOW_INCOME,138,147.21149602922654,171,146.56686265436832
57,WEAgent3,OLD_LOW_INCOME,132,135.12248790076936,137,134.68379719379342
57,WEAgent4,FEMALE_YOUNG,70,55.78434896261935,0,0.0
57,WFAgent0,MALE_OLD_HIGH_INCOME,26,31.13655544691103,36,30.60000000000004
58,WEAgent1,FEMALE_YOUNG_HIGH_INCOME,9,6.345580334794922,0,0.0
58,WEAgent2,FEMALE_OLD_HIGH_INCOME,13,14.831950242394118,17,14.450000000000014
58,WEAgent0,MALE_HIGH_INCOME,42,41.8892005741559,42,41.711689024129576
58,WEAgent5,FEMALE_YOUNG_LOW_INCOME,62,55.37991675876095,65,55.25000000000008
58,WEAgent6,MALE_OLD,82,94.68824914066279,103,94.42050174186218
58,WEAgent3,YOUNG_LOW_INCOME,120,130.0912840401143,145,129.51754725839268
58,WEAgent4,YOUNG_LOW_INCOME,120,129.8625356393211,146,129.15726227056498
58,WFAgent0,MALE_YOUNG_HIGH_INCOME,17,16.88330270024293,19,16.150000000000016
59,WEAgent1,OLD_HIGH_INCOME,38,37.19674869149674,41,36.39634169205164
59,WEAgent2,MALE_OLD_LOW_INCOME,57,53.13983651757269,62,52.700000000000074
59,WEAgent0,OLD_HIGH_INCOME,38,30.873331793845207,0,0.0
59,WEAgent5,FEMALE_OLD_HIGH_INCOME,13,10.954383732293909,0,0.0
59,WEAgent6,FEMALE_YOUNG_LOW_INCOME,62,67.00993338905782,62,67.00993338905782
59,WEAgent3,MALE_YOUNG_LOW_INCOME,58,63.119819520927955,74,62.90000000000009
59,WEAgent4,FEMALE_LOW_INCOME,138,158.612644673195,165,158.02201404770034
59,WFAgent0,FEMALE_OLD_HIGH_INCOME,13,13.964104096233713,14,13.704065307393535
60,WEAgent1,FEMALE_OLD,88,92.20199660843849,108,91.79999999999991
60,WEAgent2,MALE_OLD_LOW_INCOME,57,60.487628760789335,64,60.26674274845175
60,WEAgent0,MALE_YOUNG_LOW_INCOME,58,63.76273973524978,75,63.75000000000009
60,WEAgent5,MALE_OLD_LOW_INCOME,57,53.675067760339914,57,53.67506776033985
60,WEAgent6,MALE_OLD_LOW_INCOME,57,68.7678852718511,73,68.28341417022995
60,WEAgent3,FEMALE_HIGH_INCOME,21,20.525793486694806,24,20.400000000000023
60,WEAgent4,FEMALE_LOW_INCOME,138,157.00532504548897,184,156.3999999999995
60,WFAgent0,YOUNG_LOW_INCOME,120,117.11001728052221,137,116.44999999999975
61,WEAgent1,MALE_LOW_INCOME,114,128.4399749750566,127,123.13245580786194
61,WEAgent2,MALE_OLD,82,98.4294754602695,101,97.92423650861464
61,WEAgent0,FEMALE_YOUNG_HIGH_INCOME,9,8.753275530309724,10,8.500000000000005
61,WEAgent5,MALE_YOUNG_LOW_INCOME,58,64.10452863949715,75,63.75000000000009
61,WEAgent6,MALE_LOW_INCOME,114,122.69760942637744,117,113.43698684661298
61,WEAgent3,MALE_YOUNG,74,85.05815065408402,100,84.99999999999996
61,WEAgent4,MALE_YOUNG_HIGH_INCOME,17,17.22667830812725,0,0.0
61,WFAgent0,MALE_HIGH_INCOME,42,40.72096963724575,47,39.95000000000005
62,WEAgent1,OLD_HIGH_INCOME,38,36.946263095176114,35,34.02945285082009
62,WEAgent2,OLD_HIGH_INCOME,38,40.855776500586366,36,35.001722932272095
62,WEAgent0,FEMALE_YOUNG_HIGH_INCOME,9,8.831451600872006,0,0.0
62,WEAgent5,FEMALE_YOUNG,70,78.67436539022499,92,78.2
62,WEAgent6,OLD_LOW_INCOME,132,140.4842461088669,165,140.2499999999996
62,WEAgent3,MALE_YOUNG_HIGH_INCOME,17,18.18028205534868,20,18.11743986386223
62,WEAgent4,YOUNG_HIGH_INCOME,25,24.741999574569416,24,23.752319591586655
62,WFAgent0,MALE_YOUNG,74,61.96703257072916,0,0.0
63,WEAgent1,MALE_YOUNG_HIGH_INCOME,17,16.8789500379278,0,0.0
63,WEAgent2,YOUNG_LOW_INCOME,120,106.68984468237728,119,105.80076264335756
63,WEAgent0,MALE_YOUNG,74,64.81585097847953,75,64.68203561115227
63,WEAgent5,YOUNG_HIGH_INCOME,25,26.298764138655674,30,26.276696342626845
63,WEAgent6,FEMALE_YOUNG_LOW_INCOME,62,66.21042389588281,77,65.45000000000009
63,WEAgent3,YOUNG_LOW_INCOME,120,116.25266013604853,131,115.41453205806023
63,WEAgent4,OLD_HIGH_INCOME,38,36.645828073785886,43,36.55000000000005
63,WFAgent0,MALE_YOUNG_LOW_INCOME,58,52.54993944662541,59,52.45584030216887
64,WEAgent1,MALE_YOUNG,74,65.29109875753943,75,64.94554937876975
64,WEAgent2,FEMALE_HIGH_INCOME,21,14.401717288530035,0,0.0
64,WEAgent0,MALE_OLD,82,77.67598398340877,81,76.72871588605021
64,WEAgent5,MALE_LOW_INCOME,114,125.92251730043048,132,125.0393888513411
64,WEAgent6,FEMALE_OLD,88,107.72427858474916,126,107.09999999999981
64,WEAgent3,MALE_YOUNG_HIGH_INCOME,17,18.121972517058904,20,17.646242907443085
64,WEAgent4,MALE_LOW_INCOME,114,117.20281765528033,124,116.78036739096139
64,WFAgent0,FEMALE_YOUNG_HIGH_INCOME,9,9.440819437357348,11,9.350000000000005
65,WEAgent1,MALE_YOUNG,74,76.44666709978124,89,75.65000000000002
65,WEAgent2,FEMALE_HIGH_INCOME,21,18.589108969961018,21,17.85000000000002
65,WEAgent0,YOUNG_LOW_INCOME,120,128.72304170758622,151,128.34999999999968
65,WEAgent5,FEMALE_LOW_INCOME,138,126.08247912536635,148,125.79999999999968
65,WEAgent6,FEMALE_OLD,88,80.08372260030876,94,79.89999999999999
65,WEAgent3,FEMALE_YOUNG,70,54.89132169341973,0,0.0
65,WEAgent4,MALE_OLD,82,82.03805047370031,96,81.59999999999998
65,WFAgent0,MALE_YOUNG,74,64.03147192424564,75,63.75000000000009
66,WEAgent1,MALE_OLD_LOW_INCOME,57,48.24536434836796,0,0.0
66,WEAgent2,YOUNG_LOW_INCOME,120,119.09325596517813,140,118.99999999999973
66,WEAgent0,FEMALE_LOW_INCOME,138,125.22252461385227,147,124.94999999999969
66,WEAgent5,MALE_YOUNG,74,73.8770241119885,85,73.16855357841767
66,WEAgent6,MALE_OLD_HIGH_INCOME,26,24.853832378716117,29,24.65000000000003
66,WEAgent3,OLD_HIGH_INCOME,38,27.939780632725366,0,0.0
66,WEAgent4,MALE_YOUNG_HIGH_INCOME,17,16.706222023707,18,16.333372775719862
66,WFAgent0,MALE_OLD_LOW_INCOME,57,58.795360190762004,69,58.650000000000084
67,WEAgent1,YOUNG_LOW_INCOME,120,122.58074972980043,131,122.15241880775073
67,WEAgent2,MALE_OLD_LOW_INCOME,57,48.20394864751941,0,0.0
67,WEAgent0,FEMALE_OLD_LOW_INCOME,76,83.066901969951,78,83.06600310429768
67,WEAgent5,MALE_YOUNG,74,75.59478107047671,80,75.08355331655773
67,WEAgent6,MALE_LOW_INCOME,114,106.99406347609472,113,106.05551905963799
67,WEAgent3,FEMALE_OLD,88,88.92553467895411,85,88.77301755206152
67,WEAgent4,MALE_YOUNG,74,76.62413828043805,82,71.20525507976853
67,WFAgent0,FEMALE_OLD_HIGH_INCOME,13,11.825157365779262,13,11.050000000000008
68,WEAgent1,FEMALE_OLD,88,102.11775289932413,118,101.99294349606629
68,WEAgent2,FEMALE_LOW_INCOME,138,155.80661066534645,173,150.43588699213242
68,WEAgent0,FEMALE_OLD,88,88.66304016824402,101,88.05082654488632
68,WEAgent5,FEMALE_LOW_INCOME,138,121.19377004095296,138,121.19377004095256
68,WEAgent6,FEMALE_OLD,88,77.88270445837439,88,77.2829837942308
68,WEAgent3,FEMALE_YOUNG_HIGH_INCOME,9,9.832531821525038,11,9.350000000000005
68,WEAgent4,FEMALE_LOW_INCOME,138,123.20810438319559,140,122.95020149082143
68,WFAgent0,FEMALE_OLD_HIGH_INCOME,13,11.764852987910281,0,0.0
69,WEAgent1,YOUNG_LOW_INCOME,120,139.06715981362757,146,138.26589156775947
69,WEAgent2,YOUNG_HIGH_INCOME,25,29.239443923360763,25,27.014287324073923
69,WEAgent0,MALE_LOW_INCOME,114,113.54857359509901,113,112.55253347584383
69,WEAgent5,FEMALE_YOUNG_LOW_INCOME,62,62.18088918729201,73,62.05000000000009
69,WEAgent6,FEMALE_OLD,88,77.82949799441303,91,77.35000000000001
69,WEAgent3,YOUNG_HIGH_INCOME,25,27.014287324073937,24,25.933715831110966
69,WEAgent4,MALE_YOUNG_LOW_INCOME,58,60.40727057528393,60,59.76240715531531
69,WFAgent0,MALE_OLD_HIGH_INCOME,26,23.714882492035574,27,22.950000000000028
70,WEAgent1,MALE_HIGH_INCOME,42,42.53180462989913,44,42.26610517983294
70,WEAgent2,FEMALE_YOUNG_HIGH_INCOME,9,8.26639647722375,9,7.650000000000005
70,WEAgent0,MALE_HIGH_INCOME,42,41.377122709805086,41,40.391953121476405
70,WEAgent5,FEMALE_LOW_INCOME,138,144.63777073451135,157,144.62119581675415
70,WEAgent6,MALE_OLD_LOW_INCOME,57,65.48246158115276,77,65.45000000000009
70,WEAgent3,MALE_LOW_INCOME,114,85.24636046601196,0,0.0
70,WEAgent4,YOUNG_LOW_INCOME,120,110.99693622825859,120,110.99693622825842
70,WFAgent0,MALE_OLD_HIGH_INCOME,26,26.451931204706973,31,26.350000000000033
71,WEAgent1,MALE_OLD,82,98.24976437994357,111,97.74638039772104
71,WEAgent2,MALE_OLD_HIGH_INCOME,26,25.043529678025028,25,24.080316998100997
71,WEAgent0,FEMALE_OLD_LOW_INCOME,76,86.66727662452672,97,86.24284717650646
71,WEAgent5,FEMALE_LOW_INCOME,138,136.599044212536,155,136.54096485453417
71,WEAgent6,YOUNG_HIGH_INCOME,25,24.90335438427875,29,24.65000000000003
71,WEAgent3,FEMALE_OLD_LOW_INCOME,76,69.65712956867543,76,69.65712956867543
71,WEAgent4,FEMALE_YOUNG,70,75.7292107843934,83,75.2744236759994
71,WFAgent0,FEMALE_YOUNG_HIGH_INCOME,9,8.327777050161789,9,7.650000000000005
72,WEAgent1,MALE_OLD_HIGH_INCOME,26,23.035297881147343,26,22.93114396361184
72,WEAgent2,MALE_OLD,82,72.32130019292964,71,61.660650096464884
72,WEAgent0,FEMALE_YOUNG,70,67.55470800800875,79,67.15000000000008
72,WEAgent5,FEMALE_OLD_HIGH_INCOME,13,14.730997211475872,17,14.450000000000014
72,WEAgent6,YOUNG_LOW_INCOME,120,121.60440065182819,143,121.54999999999971
72,WEAgent3,OLD_LOW_INCOME,132,138.79549275603506,163,138.5499999999996
72,WEAgent4,OLD_HIGH_INCOME,38,40.711754901949355,46,40.57048547408251
72,WFAgent0,MALE_YOUNG_LOW_INCOME,58,58.56624873473627,68,57.80000000000008
73,WEAgent1,OLD_LOW_INCOME,132,118.68161907643439,136,118.0060555662518
73,WEAgent2,FEMALE_HIGH_INCOME,21,20.044177417398522,23,19.550000000000022
73,WEAgent0,OLD_HIGH_INCOME,38,42.67920047879119,50,42.50000000000006
73,WEAgent5,FEMALE_OLD,88,85.41953655835098,100,84.99999999999996
73,WEAgent6,MALE_YOUNG,74,76.91968936358889,90,76.50000000000001
73,WEAgent3,MALE_OLD_LOW_INCOME,57,55.07270240793535,61,54.84529366410976
73,WEAgent4,MALE_OLD_LOW_INCOME,57,56.96185517596424,63,56.6435000137527
73,WFAgent0,MALE_OLD_HIGH_INCOME,26,21.34765608903871,0,0.0
74,WEAgent1,FEMALE_HIGH_INCOME,21,20.032997711232746,23,19.550000000000022
74,WEAgent2,OLD_LOW_INCOME,132,129.4318008758859,144,128.63646246691312
74,WEAgent0,MALE_YOUNG,74,75.86821035688885,89,75.65000000000002
74,WEAgent5,MALE_YOUNG,74,60.899413093645876,0,0.0
74,WEAgent6,FEMALE_YOUNG_LOW_INCOME,62,63.35672781551742,74,62.90000000000009
74,WEAgent3,MALE_YOUNG_HIGH_INCOME,17,19.869544224130063,0,0.0
74,WEAgent4,OLD_LOW_INCOME,132,117.91675726133668,132,117.83013972707428
74,WFAgent0,YOUNG_HIGH_INCOME,25,25.241202450775354,20,17.000000000000018
75,WEAgent1,FEMALE_HIGH_INCOME,21,25.334245066842776,27,25.207377956222576
75,WEAgent2,FEMALE_YOUNG_HIGH_INCOME,9,9.49694560054573,9,9.496945600545727
75,WEAgent0,MALE_YOUNG_LOW_INCOME,58,52.78131629079586,62,52.700000000000074
75,WEAgent5,MALE_YOUNG_HIGH_INCOME,17,17.31690079032779,19,17.29043119870899
75,WEAgent6,MALE_LOW_INCOME,114,110.10238750749373,129,109.64999999999979
75,WEAgent3,MALE_YOUNG_HIGH_INCOME,17,15.780868098616281,0,0.0
75,WEAgent4,MALE_YOUNG,74,81.88857475832182,85,73.4504538933779
75,WFAgent0,MALE_OLD_LOW_INCOME,57,52.11811866930805,61,51.85000000000007
76,WEAgent1,FEMALE_OLD_HIGH_INCOME,13,12.708813223910312,13,12.53804308428166
76,WEAgent2,MALE_OLD_LOW_INCOME,57,51.86670088405255,61,51.85000000000007
76,WEAgent0,YOUNG_HIGH_INCOME,25,21.80882092283975,25,21.607645390617453
76,WEAgent5,MALE_YOUNG_HIGH_INCOME,17,14.289854050093465,0,0.0
76,WEAgent6,MALE_OLD,82,65.96978128275313,0,0.0
76,WEAgent3,OLD_HIGH_INCOME,38,36.64966440020794,41,35.994648526370554
76,WEAgent4,MALE_YOUNG_HIGH_INCOME,17,16.968901951272922,19,16.574703901358212
76,WFAgent0,FEMALE_YOUNG,70,76.7706090600336,90,76.50000000000001
77,WEAgent1,FEMALE_YOUNG_LOW_INCOME,62,57.07088181835062,67,56.95000000000008
77,WEAgent2,MALE_OLD_HIGH_INCOME,26,28.64900392411016,0,0.0
77,WEAgent0,MALE_OLD,82,85.3425726353357,99,85.34099222719617
77,WEAgent5,MALE_OLD,82,76.21075750867271,87,75.45859015444857
77,WEAgent6,YOUNG_HIGH_INCOME,25,24.2264389105261,19,18.412093571999836
77,WEAgent3,FEMALE_HIGH_INCOME,21,23.380301714283966,23,22.28832379768402
77,WEAgent4,YOUNG_LOW_INCOME,120,123.44889260401806,145,123.2499999999997
77,WFAgent0,FEMALE_OLD_LOW_INCOME,76,89.60789734425504,105,89.24999999999993
78,WEAgent1,FEMALE_HIGH_INCOME,21,21.488752229822193,21,21.48875222982219
78,WEAgent2,MALE_YOUNG_HIGH_INCOME,17,18.928407792303243,22,18.70000000000002
78,WEAgent0,YOUNG_LOW_INCOME,120,120.08771724119251,141,119.84999999999972
78,WEAgent5,YOUNG_HIGH_INCOME,25,27.823857260840146,27,24.856013072764025
78,WEAgent6,MALE_OLD,82,82.32586515074173,93,81.66755740930007
78,WEAgent3,FEMALE_YOUNG_LOW_INCOME,62,66.11984919470387,77,65.45000000000009
78,WEAgent4,FEMALE_OLD_HIGH_INCOME,13,13.615085440126231,16,13.600000000000012
78,WFAgent0,MALE_OLD,82,84.7953376113382,97,84.75960947879416
79,WEAgent1,MALE_HIGH_INCOME,42,40.82259970483044,40,36.007833161010765
79,WEAgent2,MALE_YOUNG_LOW_INCOME,58,62.47505193125957,63,62.15086731254109
79,WEAgent0,MALE_LOW_INCOME,114,102.42166775965948,120,101.99999999999984
79,WEAgent5,FEMALE_YOUNG_LOW_INCOME,62,67.54646120901796,79,67.15000000000008
79,WEAgent6,MALE_HIGH_INCOME,42,37.80822481906132,31,27.90607069978334
79,WEAgent3,MALE_YOUNG_HIGH_INCOME,17,16.838412197718082,18,16.203524922454854
79,WEAgent4,MALE_YOUNG_LOW_INCOME,58,57.47787383815382,58,57.47787383815382
79,WFAgent0,MALE_YOUNG_LOW_INCOME,58,60.358396424848586,60,59.45986948774533
80,WEAgent1,FEMALE_OLD,88,91.34267120209554,107,90.94999999999992
80,WEAgent2,MALE_OLD_LOW_INCOME,57,65.0659073665773,76,64.6000000000001
80,WEAgent0,FEMALE_OLD_HIGH_INCOME,13,13.34241105249843,0,0.0
80,WEAgent5,FEMALE_YOUNG_LOW_INCOME,62,64.47185664714516,62,64.47185664714513
80,WEAgent6,FEMALE_YOUNG,70,69.34136676708026,72,69.17448353516282
80,WEAgent3,MALE_LOW_INCOME,114,93.72321326093186,0,0.0
80,WEAgent4,OLD_HIGH_INCOME,38,39.75063668519605,46,39.10000000000005
80,WFAgent0,MALE_OLD_LOW_INCOME,57,73.80435315551219,64,73.0564573940518
81,WEAgent1,FEMALE_HIGH_INCOME,21,22.554873084078203,23,21.761193857382167
81,WEAgent2,MALE_OLD,82,92.44270707454342,108,91.79999999999991
81,WEAgent0,FEMALE_HIGH_INCOME,21,20.357401313067836,21,20.17175355025127
81,WEAgent5,FEMALE_OLD_LOW_INCOME,76,86.88371643116318,82,86.70599411851906
81,WEAgent6,FEMALE_OLD,88,85.62513558614819,80,85.00599411851915
81,WEAgent3,MALE_LOW_INCOME,114,132.84775749505923,156,132.59999999999965
81,WEAgent4,FEMALE_OLD_HIGH_INCOME,13,11.776078227730576,0,0.0
81,WFAgent0,OLD_HIGH_INCOME,38,38.26786266527564,45,38.25000000000005
82,WEAgent1,MALE_YOUNG_HIGH_INCOME,17,15.922644835069876,0,0.0
82,WEAgent2,YOUNG_LOW_INCOME,120,128.51349903057644,136,128.31585978347945
82,WEAgent0,FEMALE_YOUNG_HIGH_INCOME,9,8.546082618737955,10,8.500000000000005
82,WEAgent5,MALE_LOW_INCOME,114,110.8385386088141,113,109.86627072628076
82,WEAgent6,MALE_YOUNG,74,83.66292721771248,71,62.79535765066921
82,WEAgent3,MALE_OLD,82,86.36312205125103,97,86.36257224107054
82,WEAgent4,MALE_HIGH_INCOME,42,45.17899014593089,46,44.724322596539054
82,WFAgent0,FEMALE_OLD_LOW_INCOME,76,89.61236152532555,105,89.24999999999993
83,WEAgent1,OLD_HIGH_INCOME,38,43.710594183854184,49,42.933000358542216
83,WEAgent2,OLD_LOW_INCOME,132,137.62210915901326,161,136.84999999999962
83,WEAgent0,MALE_YOUNG_HIGH_INCOME,17,17.737597972608082,17,17.73759797260808
83,WEAgent5,FEMALE_LOW_INCOME,138,122.75153329058294,144,122.39999999999971
83,WEAgent6,MALE_OLD_HIGH_INCOME,26,25.435800932209634,25,24.457500896355427
83,WEAgent3,FEMALE_HIGH_INCOME,21,21.21713951552935,23,20.83300035854218
83,WEAgent4,MALE_YOUNG,74,79.12635298099353,87,78.01115043675112
83,WFAgent0,OLD_HIGH_INCOME,38,42.358126077514626,49,41.650000000000055
84,WEAgent1,FEMALE_OLD_LOW_INCOME,76,65.49078797877547,76,65.49078797877539
84,WEAgent2,FEMALE_HIGH_INCOME,21,18.320554700710595,0,0.0
84,WEAgent0,FEMALE_LOW_INCOME,138,136.5770808485309,159,135.95874171757194
84,WEAgent5,FEMALE_OLD,88,99.56966012473343,116,99.26809098408164
84,WEAgent6,FEMALE_YOUNG,70,75.36131604401768,87,74.78218350648761
84,WEAgent3,MALE_OLD_LOW_INCOME,57,49.53201801782359,58,49.30000000000007
84,WEAgent4,FEMALE_OLD,88,96.91851338955031,112,96.17283423997826
84,WFAgent0,OLD_LOW_INCOME,132,123.4750986520332,143,123.22608790743301
85,WEAgent1,FEMALE_OLD_LOW_INCOME,76,80.71749493131992,83,80.09325357775516
85,WEAgent2,YOUNG_HIGH_INCOME,25,28.285839339848206,32,27.92528570881207
85,WEAgent0,FEMALE_OLD,88,92.44693550128626,91,91.55884421576886
85,WEAgent5,MALE_YOUNG_HIGH_INCOME,17,15.477488087483724,17,15.477488087483724
85,WEAgent6,MALE_HIGH_INCOME,42,45.47600883577368,52,45.28792856321811
85,WEAgent3,MALE_YOUNG_LOW_INCOME,58,54.63990575813391,64,54.40000000000008
85,WEAgent4,FEMALE_HIGH_INCOME,21,19.52638858438304,21,19.11924999042107
85,WFAgent0,OLD_HIGH_INCOME,38,40.06398687517668,47,39.95000000000005
86,WEAgent1,MALE_OLD_LOW_INCOME,57,56.21538926321835,66,56.10000000000008
86,WEAgent2,FEMALE_YOUNG_HIGH_INCOME,9,8.349191035678903,9,8.300049883653154
86,WEAgent0,FEMALE_OLD,88,83.70801266834648,90,83.58591916800268
86,WEAgent5,MALE_YOUNG_LOW_INCOME,58,48.70957060066657,0,0.0
86,WEAgent6,FEMALE_OLD,88,85.02587746052285,91,84.53714658468853
86,WEAgent3,FEMALE_YOUNG_HIGH_INCOME,9,8.300049883653154,9,8.011138824251754
86,WEAgent4,MALE_OLD,82,79.42899993285648,93,79.05
86,WFAgent0,MALE_LOW_INCOME,114,115.15545885421815,135,114.74999999999976
87,WEAgent1,FEMALE_OLD_LOW_INCOME,76,75.88530144932197,89,75.65000000000002
87,WEAgent2,OLD_LOW_INCOME,132,131.01073021088158,151,130.83684624023627
87,WEAgent0,OLD_HIGH_INCOME,38,41.24036715563356,45,41.0978979648363
87,WEAgent5,OLD_LOW_INCOME,132,114.56160937921686,131,113.69371839907161
87,WEAgent6,OLD_HIGH_INCOME,38,34.704891614750665,38,34.19859864322423
87,WEAgent3,FEMALE_YOUNG_HIGH_INCOME,9,8.585627025907977,10,8.500000000000005
87,WEAgent4,MALE_OLD_HIGH_INCOME,26,27.656146138405436,32,27.200000000000035
87,WFAgent0,MALE_YOUNG_LOW_INCOME,58,50.47666758432091,59,50.15000000000007
88,WEAgent1,FEMALE_OLD_HIGH_INCOME,13,13.574920484115399,15,12.75000000000001
88,WEAgent2,FEMALE_YOUNG_HIGH_INCOME,9,10.119100180269642,11,9.929356323293986
88,WEAgent0,FEMALE_HIGH_INCOME,21,22.070976196940844,18,15.826687566630905
88,WEAgent5,MALE_OLD,82,79.56906844868716,88,79.0124072646835
88,WEAgent6,OLD_HIGH_INCOME,38,38.14101490023758,39,37.84382523779025
88,WEAgent3,FEMALE_YOUNG_HIGH_INCOME,9,8.124018809967804,8,7.221350053304716
88,WEAgent4,MALE_YOUNG,74,78.08376944994376,91,77.35000000000001
88,WFAgent0,FEMALE_YOUNG_HIGH_INCOME,9,10.369630615031902,11,9.929356323293986
89,WEAgent1,FEMALE_LOW_INCOME,138,150.35700136705705,176,149.59999999999954
89,WEAgent2,MALE_YOUNG_LOW_INCOME,58,55.7832361906259,65,55.25000000000008
89,WEAgent0,MALE_OLD,82,81.6752463925496,89,81.46255658469903
89,WEAgent5,MALE_OLD_HIGH_INCOME,26,28.772535744287445,29,27.891618095312946
89,WEAgent6,MALE_OLD,82,82.73279129204377,86,82.71307435161783
89,WEAgent3,MALE_LOW_INCOME,114,119.67205050393879,115,106.80417468001193
89,WEAgent4,MALE_YOUNG_HIGH_INCOME,17,15.88385296927985,18,15.300000000000015
89,WFAgent0,MALE_LOW_INCOME,114,133.91908588401554,139,133.68741087063833
90,WEAgent1,FEMALE_HIGH_INCOME,21,22.974151356479453,27,22.950000000000028
90,WEAgent2,MALE_YOUNG_HIGH_INCOME,17,14.22715266143608,0,0.0
90,WEAgent0,YOUNG_LOW_INCOME,120,119.09907930344778,140,118.99999999999973
90,WEAgent5,OLD_HIGH_INCOME,38,31.082086073741035,0,0.0
90,WEAgent6,MALE_OLD_HIGH_INCOME,26,21.53322132883778,0,0.0
90,WEAgent3,FEMALE_OLD_LOW_INCOME,76,91.19490775492851,107,90.94999999999992
90,WEAgent4,MALE_HIGH_INCOME,42,39.3817578802857,46,39.10000000000005
90,WFAgent0,FEMALE_OLD_HIGH_INCOME,13,12.187682572971722,14,11.90000000000001
91,WEAgent1,MALE_LOW_INCOME,114,128.91210749053855,131,128.2585457002118
91,WEAgent2,OLD_HIGH_INCOME,38,32.3817523582858,38,32.3817523582858
91,WEAgent0,MALE_YOUNG,74,71.3867777918607,83,70.55000000000005
91,WEAgent5,FEMALE_OLD_LOW_INCOME,76,74.44624884290215,87,73.95000000000003
91,WEAgent6,MALE_OLD,82,76.54611580994808,89,75.7339037361354
91,WEAgent3,FEMALE_HIGH_INCOME,21,20.62339741307542,24,20.400000000000023
91,WEAgent4,MALE_LOW_INCOME,114,127.69935086571583,130,126.8922542284496
91,WFAgent0,OLD_LOW_INCOME,132,129.23761856815264,152,129.19999999999968
92,WEAgent1,MALE_OLD,82,77.73436710418265,91,77.35000000000001
92,WEAgent2,FEMALE_OLD_HIGH_INCOME,13,10.905917157853226,0,0.0
92,WEAgent0,FEMALE_YOUNG_LOW_INCOME,62,62.606657780629206,68,62.29731439713686
92,WEAgent5,FEMALE_LOW_INCOME,138,126.42690274713081,143,125.58435556213708
92,WEAgent6,FEMALE_YOUNG,70,68.07856173655979,75,67.25525975070963
92,WEAgent3,MALE_OLD_LOW_INCOME,57,68.25557568651591,80,68.00000000000007
92,WEAgent4,FEMALE_YOUNG_HIGH_INCOME,9,8.488245391896738,0,0.0
92,WFAgent0,MALE_HIGH_INCOME,42,43.69186708504578,51,43.35000000000006
93,WEAgent1,FEMALE_YOUNG_LOW_INCOME,62,73.59159085830512,76,73.37892401713957
93,WEAgent2,FEMALE_LOW_INCOME,138,138.80306561690722,154,138.29277811969595
93,WEAgent0,MALE_YOUNG_LOW_INCOME,58,68.46683117234846,73,67.93366241700734
93,WEAgent5,MALE_YOUNG_LOW_INCOME,58,56.40942542055056,58,56.40942542055053
93,WEAgent6,FEMALE_YOUNG,70,64.65087601706855,69,64.0790714316521
93,WEAgent3,FEMALE_YOUNG_HIGH_INCOME,9,10.583751225351666,0,0.0
93,WEAgent4,FEMALE_YOUNG_LOW_INCOME,62,59.861753803456004,62,59.861753803455926
93,WFAgent0,FEMALE_LOW_INCOME,138,109.24993367051943,0,0.0
94,WEAgent1,MALE_HIGH_INCOME,42,48.45509847970456,51,48.28128821217639
94,WEAgent2,MALE_HIGH_INCOME,42,45.399555886634055,49,45.22760125197112
94,WEAgent0,MALE_HIGH_INCOME,42,42.27905484505717,44,41.65444473207375
94,WEAgent5,YOUNG_HIGH_INCOME,25,23.241407647497976,27,22.950000000000028
94,WEAgent6,MALE_OLD_HIGH_INCOME,26,26.124550086076894,27,25.560681994681616
94,WEAgent3,MALE_YOUNG,74,76.22757281968826,78,68.8139900689527
94,WEAgent4,MALE_YOUNG_HIGH_INCOME,17,19.371997678250963,0,0.0
94,WFAgent0,OLD_HIGH_INCOME,38,35.97429317770004,23,19.550000000000022
95,WEAgent1,MALE_OLD_HIGH_INCOME,26,29.070004746369307,33,28.582771978635993
95,WEAgent2,FEMALE_OLD_LOW_INCOME,76,69.63906604628473,78,69.48678767243445
95,WEAgent0,MALE_OLD_HIGH_INCOME,26,22.546841014339847,25,21.679654821480636
95,WEAgent5,OLD_LOW_INCOME,132,142.42158525265762,158,141.81511122753182
95,WEAgent6,OLD_LOW_INCOME,132,118.47844735464685,132,118.47844735464672
95,WEAgent3,YOUNG_LOW_INCOME,120,110.44489617137914,129,109.64999999999979
95,WEAgent4,OLD_HIGH_INCOME,38,36.58004241403701,43,36.55000000000005
95,WFAgent0,OLD_LOW_INCOME,132,122.27339874006107,143,121.54999999999971
96,WEAgent1,MALE_LOW_INCOME,114,101.61969422557472,119,101.14999999999985
96,WEAgent2,FEMALE_OLD_HIGH_INCOME,13,13.740798865914917,14,12.963967770778169
96,WEAgent0,FEMALE_YOUNG,70,70.12088121267364,82,69.70000000000006
96,WEAgent5,MALE_HIGH_INCOME,42,47.126944398116414,55,46.750000000000064
96,WEAgent6,MALE_OLD_HIGH_INCOME,26,27.255818705374637,26,27.25581870537463
96,WEAgent3,FEMALE_OLD_HIGH_INCOME,13,12.778947627514516,13,12.778947627514512
96,WEAgent4,MALE_OLD_HIGH_INCOME,26,31.65518752328976,32,31.166014388749737
96,WFAgent0,FEMALE_OLD_LOW_INCOME,76,76.07466059942519,89,75.65000000000002
97,WEAgent1,FEMALE_YOUNG,70,71.8706034006138,77,71.47982385889527
97,WEAgent2,FEMALE_YOUNG_HIGH_INCOME,9,7.523656572878814,0,0.0
97,WEAgent0,MALE_LOW_INCOME,114,115.84460994681999,136,115.59999999999975
97,WEAgent5,MALE_YOUNG_HIGH_INCOME,17,17.015052877856036,19,16.713936818090247
97,WEAgent6,YOUNG_HIGH_INCOME,25,21.992022129066115,25,21.66553239227704
97,WEAgent3,FEMALE_YOUNG,70,66.0951198456666,69,65.15090384787145
97,WEAgent4,FEMALE_LOW_INCOME,138,131.52820168951249,147,130.6971758655091
97,WFAgent0,MALE_HIGH_INCOME,42,44.01151883342444,51,43.35000000000006
98,WEAgent1,MALE_OLD,82,85.3974829709551,97,84.7379187678533
98,WEAgent2,YOUNG_LOW_INCOME,120,126.13614326592226,148,125.79999999999968
98,WEAgent0,MALE_OLD_LOW_INCOME,57,57.162019241308776,60,56.22993694554512
98,WEAgent5,MALE_YOUNG_HIGH_INCOME,17,17.69487213646987,20,17.000000000000018
98,WEAgent6,MALE_OLD_LOW_INCOME,57,56.599979184895055,62,56.36095586188162
98,WEAgent3,OLD_HIGH_INCOME,38,34.6497544102278,38,34.6497544102278
98,WEAgent4,FEMALE_OLD_HIGH_INCOME,13,12.001617340576846,14,11.90000000000001
98,WFAgent0,OLD_LOW_INCOME,132,123.70586128019934,145,123.2499999999997
99,WEAgent1,MALE_HIGH_INCOME,42,40.65329255545415,47,39.95000000000005
99,WEAgent2,OLD_LOW_INCOME,132,157.2484346161364,184,156.3999999999995
99,WEAgent0,FEMALE_YOUNG,70,67.1703564968703,77,66.91829079103196
99,WEAgent5,FEMALE_YOUNG_HIGH_INCOME,9,10.090728576111946,0,0.0
99,WEAgent6,FEMALE_OLD_LOW_INCOME,76,79.02652497547125,92,78.2
99,WEAgent3,FEMALE_LOW_INCOME,138,120.46600201816251,139,119.93947940156983
99,WEAgent4,FEMALE_YOUNG_HIGH_INCOME,9,9.684736688534354,0,0.0
99,WFAgent0,FEMALE_YOUNG_LOW_INCOME,62,49.66653065721689,0,0.0

