0,WEAgent1,FEMALE_HIGH_INCOME,13,14.327260825682613,102,14.280000000000017
0,WEAgent0,MALE_LOW_INCOME,69,56.116056971206405,68,55.302780783217955
0,WFAgent0,MALE_HIGH_INCOME,25,25.6754855388395,109,15.260000000000021
0,WFAgent1,FEMALE_OLD,53,59.59884366004677,425,59.5000000000002
0,WFAgent2,FEMALE_YOUNG_HIGH_INCOME,5,4.973774946383224,14,1.9599999999999993
0,WFAgent3,MALE_LOW_INCOME,69,66.60618459164088,192,66.60329509132153
0,WFAgent4,FEMALE_OLD_LOW_INCOME,46,40.324950104033235,57,7.9799999999999915
0,WFAgent5,OLD_HIGH_INCOME,23,23.185553975567082,26,3.6400000000000006
1,WEAgent1,MALE_OLD_HIGH_INCOME,16,16.790057605887007,17,16.059611913103904
1,WEAgent0,OLD_HIGH_INCOME,23,21.96866386199153,59,21.939611913103928
1,WFAgent0,MALE_LOW_INCOME,69,73.41500539235405,356,49.84000000000016
1,WFAgent1,MALE_OLD,49,50.251498362983426,274,38.36000000000011
1,WFAgent2,MALE_LOW_INCOME,69,75.3501473683643,79,74.62996124324772
1,WFAgent3,FEMALE_OLD_LOW_INCOME,46,54.755837099196754,391,54.74000000000018
1,WFAgent4,MALE_OLD,49,46.28946963188773,0,0.0
1,WFAgent5,OLD_HIGH_INCOME,23,25.633858836225606,75,10.500000000000002
2,WEAgent1,MALE_LOW_INCOME,69,62.468039167579775,365,51.100000000000165
2,WEAgent0,FEMALE_YOUNG_HIGH_INCOME,5,4.864914343875982,34,4.759999999999999
2,WFAgent0,OLD_HIGH_INCOME,23,23.645118975536583,164,22.96000000000005
2,WFAgent1,YOUNG_HIGH_INCOME,15,17.76748495955544,101,14.140000000000017
2,WFAgent2,FEMALE_YOUNG_HIGH_INCOME,5,4.621027901148169,14,1.9599999999999993
2,WFAgent3,YOUNG_LOW_INCOME,72,75.35373100779073,390,54.60000000000018
2,WFAgent4,MALE_OLD_LOW_INCOME,34,34.99997651823631,249,34.8600000000001
2,WFAgent5,FEMALE_OLD_HIGH_INCOME,8,6.5697108095537775,46,6.439999999999995
3,WEAgent1,FEMALE_HIGH_INCOME,13,13.689320125538329,69,9.659999999999998
3,WEAgent0,MALE_YOUNG,45,40.22033841466464,68,9.519999999999998
3,WFAgent0,YOUNG_HIGH_INCOME,15,15.99987304224246,20,15.572850509465496
3,WFAgent1,YOUNG_HIGH_INCOME,15,11.679637882099119,0,0.0
3,WFAgent2,FEMALE_LOW_INCOME,83,80.26552297959923,483,67.62000000000023
3,WFAgent3,MALE_YOUNG_HIGH_INCOME,10,12.163647825358932,13,11.619208875347562
3,WFAgent4,FEMALE_HIGH_INCOME,13,11.654561522051704,73,10.22
3,WFAgent5,MALE_OLD_HIGH_INCOME,16,16.117224886502427,115,16.100000000000023
4,WEAgent1,MALE_LOW_INCOME,69,59.22942358506777,248,59.145513070903064
4,WEAgent0,FEMALE_OLD,53,50.22837964199033,82,14.710821105055892
4,WFAgent0,FEMALE_OLD_HIGH_INCOME,8,7.907232812695261,8,7.581642210111747
4,WFAgent1,FEMALE_YOUNG,42,34.71291032484497,0,0.0
4,WFAgent2,YOUNG_LOW_INCOME,72,79.02795713335205,406,56.84000000000019
4,WFAgent3,MALE_LOW_INCOME,69,75.40455136232534,362,50.68000000000016
4,WFAgent4,MALE_YOUNG_LOW_INCOME,35,32.27561698016822,37,31.760705400688497
4,WFAgent5,FEMALE_YOUNG_HIGH_INCOME,5,4.121473747415081,29,4.0600000000000005
5,WEAgent1,FEMALE_OLD_LOW_INCOME,46,37.50962398939001,45,36.69419738092501
5,WEAgent0,MALE_OLD,49,51.453079388026524,184,25.760000000000062
5,WFAgent0,FEMALE_YOUNG_HIGH_INCOME,5,5.809460112614769,41,5.739999999999997
5,WFAgent1,MALE_HIGH_INCOME,25,24.125477813255586,100,14.000000000000016
5,WFAgent2,FEMALE_LOW_INCOME,83,82.84695547132435,387,54.18000000000018
5,WFAgent3,MALE_OLD,49,44.26713789604048,316,44.24000000000014
5,WFAgent4,YOUNG_LOW_INCOME,72,73.81501610017368,367,51.380000000000166
5,WFAgent5,OLD_LOW_INCOME,79,76.12728239012253,312,76.10047720632016
6,WEAgent1,MALE_HIGH_INCOME,25,23.678979496983057,103,14.420000000000018
6,WEAgent0,FEMALE_YOUNG,42,42.37090923652914,50,6.999999999999994
6,WFAgent0,OLD_LOW_INCOME,79,84.238670048194,336,47.04000000000015
6,WFAgent1,MALE_YOUNG_LOW_INCOME,35,30.02057167762003,26,3.6400000000000006
6,WFAgent2,FEMALE_OLD_HIGH_INCOME,8,7.207380250638556,51,7.1399999999999935
6,WFAgent3,MALE_YOUNG,45,45.61902727638539,325,45.50000000000014
6,WFAgent4,MALE_OLD_LOW_INCOME,34,35.07052047428462,0,0.0
6,WFAgent5,FEMALE_OLD_LOW_INCOME,46,48.63371829269254,347,48.580000000000155
7,WEAgent1,FEMALE_YOUNG,42,37.99334917159318,194,37.86444972386447
7,WEAgent0,FEMALE_OLD_LOW_INCOME,46,48.37612392134326,49,47.644786297986464
7,WFAgent0,MALE_YOUNG,45,43.10612764472279,0,0.0
7,WFAgent1,YOUNG_HIGH_INCOME,15,15.211164008306127,96,13.440000000000014
7,WFAgent2,MALE_OLD_HIGH_INCOME,16,16.449205306774278,117,16.380000000000024
7,WFAgent3,FEMALE_YOUNG,42,41.116710536128515,51,18.609053275569014
7,WFAgent4,FEMALE_OLD_LOW_INCOME,46,47.28996205195301,337,47.18000000000015
7,WFAgent5,FEMALE_LOW_INCOME,83,80.70443393332408,94,13.160000000000013
8,WEAgent1,FEMALE_YOUNG,42,43.02461069622685,57,7.9799999999999915
8,WEAgent0,OLD_HIGH_INCOME,23,18.39422562598429,22,17.594476685724107
8,WFAgent0,FEMALE_OLD_LOW_INCOME,46,44.32764606489132,316,44.24000000000014
8,WFAgent1,MALE_HIGH_INCOME,25,24.84360298443376,103,14.420000000000018
8,WFAgent2,MALE_HIGH_INCOME,25,24.38959333749753,0,0.0
8,WFAgent3,FEMALE_OLD,53,49.3435354733746,48,26.512468207805615
8,WFAgent4,FEMALE_YOUNG_LOW_INCOME,38,41.75921622585884,298,41.72000000000013
8,WFAgent5,OLD_LOW_INCOME,79,72.93714394238326,341,47.74000000000015
9,WEAgent1,FEMALE_YOUNG,42,44.567340939343936,51,7.1399999999999935
9,WEAgent0,MALE_YOUNG,45,47.037283784468684,115,16.100000000000023
9,WFAgent0,FEMALE_LOW_INCOME,83,91.43878383120715,477,66.78000000000023
9,WFAgent1,FEMALE_YOUNG,42,37.59430235063685,268,37.52000000000011
9,WFAgent2,MALE_LOW_INCOME,69,62.06031249417374,346,48.440000000000154
9,WFAgent3,MALE_OLD_HIGH_INCOME,16,17.896531601269906,127,17.78000000000003
9,WFAgent4,FEMALE_HIGH_INCOME,13,11.097612046173424,77,10.780000000000003
9,WFAgent5,MALE_HIGH_INCOME,25,24.718419100583965,0,0.0
10,WEAgent1,FEMALE_LOW_INCOME,83,72.10724617920667,391,54.74000000000018
10,WEAgent0,FEMALE_HIGH_INCOME,13,13.275517442895463,45,6.299999999999995
10,WFAgent0,FEMALE_LOW_INCOME,83,71.95418985715699,451,63.140000000000214
10,WFAgent1,MALE_OLD_LOW_INCOME,34,31.894584465390572,227,31.780000000000086
10,WFAgent2,MALE_YOUNG_HIGH_INCOME,10,8.46014661056337,26,3.6400000000000006
10,WFAgent3,FEMALE_OLD_HIGH_INCOME,8,9.083108559445883,64,8.959999999999996
10,WFAgent4,MALE_YOUNG_HIGH_INCOME,10,11.058424910962678,78,10.920000000000003
10,WFAgent5,MALE_OLD_HIGH_INCOME,16,17.293250883258267,123,17.220000000000027
11,WEAgent1,FEMALE_OLD,53,47.39953356106028,277,38.780000000000115
11,WEAgent0,MALE_HIGH_INCOME,25,24.027778565252852,137,19.180000000000035
11,WFAgent0,OLD_HIGH_INCOME,23,23.870374035040083,26,23.25260136957674
11,WFAgent1,FEMALE_OLD,53,63.440720231233215,64,63.280102575672224
11,WFAgent2,FEMALE_OLD,53,52.403834945478614,58,51.871187670594296
11,WFAgent3,MALE_OLD,49,51.20473903648183,340,47.60000000000015
11,WFAgent4,MALE_OLD_HIGH_INCOME,16,14.44403766729932,0,0.0
11,WFAgent5,FEMALE_OLD,53,60.40142405370459,67,59.920165067755505
12,WEAgent1,FEMALE_YOUNG_HIGH_INCOME,5,5.893798749581253,40,5.599999999999997
12,WEAgent0,MALE_OLD_LOW_INCOME,34,31.39515518299425,224,31.360000000000085
12,WFAgent0,FEMALE_OLD_LOW_INCOME,46,50.66581907174881,361,50.54000000000016
12,WFAgent1,MALE_OLD_HIGH_INCOME,16,16.607409243633448,118,16.520000000000024
12,WFAgent2,FEMALE_YOUNG_LOW_INCOME,38,33.81467538800008,241,33.740000000000094
12,WFAgent3,FEMALE_HIGH_INCOME,13,12.568683862790206,0,0.0
12,WFAgent4,OLD_HIGH_INCOME,23,23.59484986085185,86,12.040000000000008
12,WFAgent5,MALE_OLD_HIGH_INCOME,16,16.29164116763935,44,6.159999999999996
13,WEAgent1,FEMALE_YOUNG,42,44.153060871704206,50,6.999999999999994
13,WEAgent0,FEMALE_OLD,53,52.92689156719232,78,10.920000000000003
13,WFAgent0,YOUNG_LOW_INCOME,72,81.92967836585561,403,56.420000000000186
13,WFAgent1,MALE_YOUNG,45,47.38156728131004,107,14.98000000000002
13,WFAgent2,FEMALE_LOW_INCOME,83,98.34479718223166,494,69.16000000000024
13,WFAgent3,MALE_LOW_INCOME,69,67.92620218659312,327,45.78000000000014
13,WFAgent4,FEMALE_YOUNG,42,43.50087515716973,0,0.0
13,WFAgent5,OLD_HIGH_INCOME,23,20.597260529461895,0,0.0
14,WEAgent1,OLD_LOW_INCOME,79,88.99255652112005,350,49.000000000000156
14,WEAgent0,FEMALE_YOUNG_HIGH_INCOME,5,5.329344115983164,38,5.319999999999998
14,WFAgent0,MALE_LOW_INCOME,69,67.20359549018887,342,47.88000000000015
14,WFAgent1,FEMALE_OLD_LOW_INCOME,46,44.34584096204222,316,44.24000000000014
14,WFAgent2,FEMALE_OLD_LOW_INCOME,46,38.872948078041844,99,13.860000000000015
14,WFAgent3,OLD_LOW_INCOME,79,78.88993254516569,93,78.59096024473679
14,WFAgent4,MALE_OLD_LOW_INCOME,34,32.755225236717685,0,0.0
14,WFAgent5,FEMALE_YOUNG,42,37.791846955525564,22,3.08
15,WEAgent1,OLD_HIGH_INCOME,23,22.19415311404824,78,10.920000000000003
15,WEAgent0,MALE_OLD_HIGH_INCOME,16,15.481639834299422,16,15.481639834299417
15,WFAgent0,YOUNG_HIGH_INCOME,15,15.522938638854352,0,0.0
15,WFAgent1,MALE_OLD_HIGH_INCOME,16,17.34105944481497,70,17.248422406793456
15,WFAgent2,YOUNG_HIGH_INCOME,15,16.92544290811622,80,11.200000000000005
15,WFAgent3,FEMALE_OLD,53,55.12216092175563,126,17.64000000000003
15,WFAgent4,FEMALE_YOUNG,42,42.101300276304656,50,6.999999999999994
15,WFAgent5,FEMALE_OLD_LOW_INCOME,46,52.07166876930523,371,51.94000000000017
16,WEAgent1,MALE_OLD_LOW_INCOME,34,33.970670706677936,242,33.880000000000095
16,WEAgent0,FEMALE_OLD,53,54.224005203279866,42,5.879999999999996
16,WFAgent0,OLD_LOW_INCOME,79,82.95176092673765,90,82.71439656349824
16,WFAgent1,OLD_HIGH_INCOME,23,24.216754006185543,26,23.458729643467827
16,WFAgent2,FEMALE_OLD_LOW_INCOME,46,42.276247132454614,301,42.14000000000013
16,WFAgent3,MALE_OLD_HIGH_INCOME,16,14.436141319057114,32,4.4799999999999995
16,WFAgent4,MALE_OLD_HIGH_INCOME,16,16.83630312296676,120,16.800000000000026
16,WFAgent5,MALE_OLD_LOW_INCOME,34,32.97711775568345,8,1.1199999999999999
17,WEAgent1,FEMALE_YOUNG,42,46.715558480100285,48,46.389227725622256
17,WEAgent0,YOUNG_LOW_INCOME,72,61.30130731094898,239,33.46000000000009
17,WFAgent0,MALE_YOUNG_HIGH_INCOME,10,10.066197110222754,71,9.94
17,WFAgent1,MALE_OLD,49,44.256967053306305,316,44.24000000000014
17,WFAgent2,FEMALE_YOUNG_HIGH_INCOME,5,4.832211221418982,0,0.0
17,WFAgent3,MALE_LOW_INCOME,69,68.97244076449631,81,68.96397072481764
17,WFAgent4,MALE_YOUNG_LOW_INCOME,35,36.574257037196595,42,35.75909593138693
17,WFAgent5,YOUNG_HIGH_INCOME,15,15.351243059946176,3,0.41999999999999993
18,WEAgent1,OLD_LOW_INCOME,79,86.970469606931,353,49.42000000000016
18,WEAgent0,MALE_HIGH_INCOME,25,23.70202651789923,86,12.040000000000008
18,WFAgent0,MALE_YOUNG_HIGH_INCOME,10,8.970468030482442,0,0.0
18,WFAgent1,MALE_OLD_LOW_INCOME,34,35.027639497289094,0,0.0
18,WFAgent2,YOUNG_HIGH_INCOME,15,15.036036868000373,47,6.579999999999995
18,WFAgent3,MALE_OLD,49,53.89851131428221,177,24.780000000000058
18,WFAgent4,FEMALE_HIGH_INCOME,13,10.624719509095675,0,0.0
18,WFAgent5,FEMALE_OLD,53,55.73101333390313,398,55.720000000000184
19,WEAgent1,FEMALE_HIGH_INCOME,13,13.212239732022118,41,5.739999999999997
19,WEAgent0,MALE_YOUNG_HIGH_INCOME,10,10.613272327725912,75,10.500000000000002
19,WFAgent0,MALE_YOUNG,45,36.49819506315545,23,3.22
19,WFAgent1,FEMALE_HIGH_INCOME,13,11.636270668574237,0,0.0
19,WFAgent2,MALE_OLD,49,40.15041717629066,88,12.32000000000001
19,WFAgent3,MALE_OLD_LOW_INCOME,34,37.085285363198956,264,36.96000000000011
19,WFAgent4,FEMALE_OLD_HIGH_INCOME,8,8.774835093133285,62,8.679999999999994
19,WFAgent5,FEMALE_YOUNG_HIGH_INCOME,5,5.302756325977562,5,4.475488718682399
20,WEAgent1,FEMALE_OLD_HIGH_INCOME,8,6.964730824557602,49,6.859999999999994
20,WEAgent0,YOUNG_HIGH_INCOME,15,14.64256192812667,47,6.579999999999995
20,WFAgent0,MALE_OLD_HIGH_INCOME,16,17.54167064741472,16,17.165367669307987
20,WFAgent1,FEMALE_OLD_LOW_INCOME,46,51.05332725420546,364,50.960000000000164
20,WFAgent2,MALE_HIGH_INCOME,25,26.820886983293732,19,2.6599999999999997
20,WFAgent3,MALE_OLD_HIGH_INCOME,16,17.3441501145573,123,17.220000000000027
20,WFAgent4,FEMALE_YOUNG_LOW_INCOME,38,38.56133946568308,275,38.500000000000114
20,WFAgent5,YOUNG_HIGH_INCOME,15,14.002651427479066,100,14.000000000000016
21,WEAgent1,FEMALE_HIGH_INCOME,13,11.829523111231314,41,5.739999999999997
21,WEAgent0,MALE_LOW_INCOME,69,61.019070233375054,392,54.88000000000018
21,WFAgent0,MALE_YOUNG,45,50.047518785708476,357,49.98000000000016
21,WFAgent1,YOUNG_HIGH_INCOME,15,15.66171981269794,85,11.900000000000007
21,WFAgent2,YOUNG_HIGH_INCOME,15,15.673244116716038,17,15.278240533644652
21,WFAgent3,MALE_YOUNG_HIGH_INCOME,10,10.73280129607915,10,10.441146541798627
21,WFAgent4,MALE_HIGH_INCOME,25,29.78703562311743,148,20.72000000000004
21,WFAgent5,YOUNG_HIGH_INCOME,15,13.480800470862922,0,0.0
22,WEAgent1,MALE_HIGH_INCOME,25,21.032494902866944,104,14.560000000000018
22,WEAgent0,FEMALE_OLD_HIGH_INCOME,8,6.4379022415545855,45,6.299999999999995
22,WFAgent0,FEMALE_OLD_LOW_INCOME,46,53.514270485964175,382,53.480000000000175
22,WFAgent1,MALE_OLD_HIGH_INCOME,16,15.928833663492023,113,15.820000000000023
22,WFAgent2,MALE_YOUNG_HIGH_INCOME,10,10.413085666418683,12,10.095597553376132
22,WFAgent3,MALE_YOUNG_LOW_INCOME,35,38.02566567730849,271,37.94000000000011
22,WFAgent4,YOUNG_HIGH_INCOME,15,14.208039367755894,52,7.279999999999993
22,WFAgent5,MALE_OLD,49,54.42930867931647,374,52.36000000000017
23,WEAgent1,YOUNG_HIGH_INCOME,15,17.118173904999875,52,7.279999999999993
23,WEAgent0,MALE_OLD,49,42.03754843242337,153,21.420000000000044
23,WFAgent0,MALE_LOW_INCOME,69,73.56673909180263,352,49.28000000000016
23,WFAgent1,MALE_OLD,49,45.81226117187243,327,45.78000000000014
23,WFAgent2,FEMALE_YOUNG_LOW_INCOME,38,37.542215624533085,268,37.52000000000011
23,WFAgent3,OLD_LOW_INCOME,79,64.10306452401022,22,3.08
23,WFAgent4,FEMALE_OLD,53,51.9059969661077,71,9.94
23,WFAgent5,MALE_OLD_HIGH_INCOME,16,15.621504138598283,19,15.417192733622704
24,WEAgent1,MALE_YOUNG,45,40.58722504833705,86,24.231013350519873
24,WEAgent0,YOUNG_LOW_INCOME,72,73.6285764404174,357,49.98000000000016
24,WFAgent0,MALE_OLD,49,52.56216376007971,321,44.94000000000014
24,WFAgent1,OLD_LOW_INCOME,79,95.25559359687117,501,70.14000000000024
24,WFAgent2,FEMALE_YOUNG_HIGH_INCOME,5,4.573636865519984,32,4.4799999999999995
24,WFAgent3,YOUNG_HIGH_INCOME,15,16.685621689375456,18,16.234890019334816
24,WFAgent4,OLD_HIGH_INCOME,23,19.91243416812919,66,9.239999999999997
24,WFAgent5,FEMALE_OLD,53,51.26315833913688,0,0.0
25,WEAgent1,FEMALE_HIGH_INCOME,13,11.059622195938505,13,11.059622195938505
25,WEAgent0,YOUNG_HIGH_INCOME,15,13.916195245747277,30,13.439622195938515
25,WFAgent0,FEMALE_YOUNG_HIGH_INCOME,5,4.655769301091751,5,4.253700844591733
25,WFAgent1,MALE_YOUNG_LOW_INCOME,35,32.800928987153426,234,32.76000000000009
25,WFAgent2,OLD_HIGH_INCOME,23,23.900200126804783,85,11.900000000000007
25,WFAgent3,MALE_OLD_HIGH_INCOME,16,16.451541890491985,117,16.380000000000024
25,WFAgent4,MALE_OLD_HIGH_INCOME,16,14.552952432071367,49,6.859999999999994
25,WFAgent5,MALE_YOUNG,45,48.15630277024241,99,13.860000000000015
26,WEAgent1,FEMALE_YOUNG_HIGH_INCOME,5,5.063500757987948,36,5.039999999999998
26,WEAgent0,MALE_OLD_HIGH_INCOME,16,13.678946941089293,97,13.580000000000014
26,WFAgent0,FEMALE_YOUNG_HIGH_INCOME,5,5.169398872460988,6,5.0508666836339655
26,WFAgent1,OLD_HIGH_INCOME,23,20.750423388797692,74,10.360000000000001
26,WFAgent2,FEMALE_YOUNG_LOW_INCOME,38,34.45531227720732,246,34.4400000000001
26,WFAgent3,MALE_YOUNG_HIGH_INCOME,10,10.934886696884913,78,10.920000000000003
26,WFAgent4,FEMALE_OLD,53,49.524356607261765,353,49.42000000000016
26,WFAgent5,FEMALE_HIGH_INCOME,13,10.943544481206924,14,1.9599999999999993
27,WEAgent1,MALE_YOUNG_LOW_INCOME,35,32.77453017687532,234,32.76000000000009
27,WEAgent0,MALE_YOUNG,45,53.37118755670854,100,14.000000000000016
27,WFAgent0,FEMALE_OLD_HIGH_INCOME,8,6.5889642623530404,24,3.3600000000000003
27,WFAgent1,MALE_HIGH_INCOME,25,28.03313826380611,0,0.0
27,WFAgent2,MALE_OLD,49,62.645905404015956,397,55.58000000000018
27,WFAgent3,FEMALE_OLD_HIGH_INCOME,8,8.35699437694557,59,8.259999999999993
27,WFAgent4,OLD_LOW_INCOME,79,77.93440405690014,0,0.0
27,WFAgent5,FEMALE_YOUNG_HIGH_INCOME,5,4.620197118755241,33,4.619999999999999
28,WEAgent1,MALE_HIGH_INCOME,25,20.723241159710028,116,16.240000000000023
28,WEAgent0,FEMALE_HIGH_INCOME,13,12.683571979860035,46,6.439999999999995
28,WFAgent0,MALE_OLD_HIGH_INCOME,16,14.678038818481005,104,14.560000000000018
28,WFAgent1,YOUNG_LOW_INCOME,72,68.02819068940397,0,0.0
28,WFAgent2,YOUNG_LOW_INCOME,72,71.09759804652502,393,55.02000000000018
28,WFAgent3,FEMALE_HIGH_INCOME,13,11.497529126888077,0,0.0
28,WFAgent4,OLD_LOW_INCOME,79,77.17160420266723,0,0.0
28,WFAgent5,OLD_LOW_INCOME,79,77.98581897175411,352,49.28000000000016
29,WEAgent1,FEMALE_OLD_LOW_INCOME,46,46.5180162929701,332,46.480000000000146
29,WEAgent0,FEMALE_HIGH_INCOME,13,14.04755455003612,59,8.259999999999993
29,WFAgent0,FEMALE_YOUNG_LOW_INCOME,38,36.11186617418316,257,35.9800000000001
29,WFAgent1,MALE_LOW_INCOME,69,53.59144115992066,378,52.92000000000017
29,WFAgent2,YOUNG_LOW_INCOME,72,77.36243809669699,351,49.14000000000016
29,WFAgent3,MALE_HIGH_INCOME,25,26.773060256936443,21,2.94
29,WFAgent4,MALE_YOUNG_HIGH_INCOME,10,11.001564647082871,78,10.920000000000003
29,WFAgent5,OLD_HIGH_INCOME,23,24.079172629522457,68,9.519999999999998
30,WEAgent1,MALE_YOUNG,45,46.75873400853492,45,46.75873400853487
30,WEAgent0,FEMALE_OLD_HIGH_INCOME,8,9.431149153742764,67,9.379999999999997
30,WFAgent0,FEMALE_YOUNG,42,42.48151533349522,43,6.019999999999996
30,WFAgent1,FEMALE_OLD_HIGH_INCOME,8,7.773897169621654,14,1.9599999999999993
30,WFAgent2,MALE_YOUNG_HIGH_INCOME,10,10.923105451825776,58,8.119999999999992
30,WFAgent3,OLD_LOW_INCOME,79,75.8161171938486,382,53.480000000000175
30,WFAgent4,MALE_OLD_HIGH_INCOME,16,15.717023565559295,112,15.680000000000023
30,WFAgent5,FEMALE_LOW_INCOME,83,86.37479958183366,463,64.82000000000022
31,WEAgent1,MALE_YOUNG_HIGH_INCOME,10,9.626598463172384,68,9.519999999999998
31,WEAgent0,OLD_LOW_INCOME,79,82.39919338113808,79,82.39919338113796
31,WFAgent0,FEMALE_YOUNG,42,45.14905761694718,41,5.739999999999997
31,WFAgent1,MALE_YOUNG_LOW_INCOME,35,30.779962639287188,219,30.660000000000082
31,WFAgent2,OLD_LOW_INCOME,79,96.77027178944142,252,96.6858879736379
31,WFAgent3,YOUNG_LOW_INCOME,72,63.74100664199939,422,59.0800000000002
31,WFAgent4,OLD_HIGH_INCOME,23,22.212135137944202,83,11.620000000000006
31,WFAgent5,FEMALE_OLD_LOW_INCOME,46,50.93808880473356,363,50.820000000000164
32,WEAgent1,FEMALE_YOUNG_HIGH_INCOME,5,4.7827055186166385,0,0.0
32,WEAgent0,FEMALE_YOUNG_HIGH_INCOME,5,5.723403565175025,0,0.0
32,WFAgent0,OLD_LOW_INCOME,79,71.70846296690402,493,69.02000000000024
32,WFAgent1,YOUNG_HIGH_INCOME,15,16.87661155366502,104,14.560000000000018
32,WFAgent2,FEMALE_YOUNG,42,49.27236574289507,351,49.14000000000016
32,WFAgent3,MALE_LOW_INCOME,69,76.34136060336813,348,48.720000000000155
32,WFAgent4,MALE_OLD_LOW_INCOME,34,29.652363000337118,211,29.540000000000077
32,WFAgent5,FEMALE_YOUNG_LOW_INCOME,38,40.07877562276378,22,3.08
33,WEAgent1,OLD_LOW_INCOME,79,84.55431172349729,327,45.78000000000014
33,WEAgent0,FEMALE_OLD_LOW_INCOME,46,44.65572527480426,75,44.56184209276034
33,WFAgent0,FEMALE_OLD,53,52.43799130782972,54,52.421938366074535
33,WFAgent1,MALE_YOUNG_HIGH_INCOME,10,10.568496695727058,75,10.500000000000002
33,WFAgent2,OLD_LOW_INCOME,79,76.5954368703052,0,0.0
33,WFAgent3,FEMALE_OLD,53,58.49688254706179,81,20.467554716815155
33,WFAgent4,YOUNG_LOW_INCOME,72,79.43467676720691,402,56.280000000000186
33,WFAgent5,FEMALE_OLD_HIGH_INCOME,8,7.205036477876745,0,0.0
34,WEAgent1,YOUNG_HIGH_INCOME,15,15.093468316219766,35,10.728011693648106
34,WEAgent0,FEMALE_HIGH_INCOME,13,15.320174207032764,17,14.764524849002209
34,WFAgent0,FEMALE_YOUNG_HIGH_INCOME,5,4.342507308530061,0,0.0
34,WFAgent1,MALE_HIGH_INCOME,25,28.01437064227917,154,21.560000000000045
34,WFAgent2,OLD_HIGH_INCOME,23,22.796453219811266,84,11.760000000000007
34,WFAgent3,MALE_YOUNG_HIGH_INCOME,10,10.100176738826523,72,10.08
34,WFAgent4,MALE_LOW_INCOME,69,54.39991731742728,358,50.12000000000016
34,WFAgent5,MALE_OLD_HIGH_INCOME,16,15.48686596900347,0,0.0
35,WEAgent1,MALE_YOUNG,45,45.95563317858628,108,15.12000000000002
35,WEAgent0,FEMALE_LOW_INCOME,83,87.4873859991907,400,56.000000000000185
35,WFAgent0,FEMALE_OLD_HIGH_INCOME,8,8.217707716209466,58,8.119999999999992
35,WFAgent1,FEMALE_YOUNG,42,39.302975431430404,9,1.2599999999999998
35,WFAgent2,MALE_OLD_LOW_INCOME,34,38.703118118941106,276,38.640000000000114
35,WFAgent3,FEMALE_YOUNG_HIGH_INCOME,5,4.767931443277998,34,4.759999999999999
35,WFAgent4,FEMALE_YOUNG_HIGH_INCOME,5,5.598823665392337,5,4.678925646598858
35,WFAgent5,FEMALE_OLD_LOW_INCOME,46,42.313162873500595,302,42.28000000000013
36,WEAgent1,FEMALE_OLD_HIGH_INCOME,8,8.015822805231759,51,8.001977850653962
36,WEAgent0,FEMALE_OLD_HIGH_INCOME,8,8.766897311104156,8,8.015822805231759
36,WFAgent0,FEMALE_YOUNG,42,36.521477318875526,260,36.400000000000105
36,WFAgent1,MALE_LOW_INCOME,69,77.93884836737459,357,49.98000000000016
36,WFAgent2,FEMALE_YOUNG_LOW_INCOME,38,31.259386265662613,147,20.58000000000004
36,WFAgent3,FEMALE_OLD,53,58.879030549080355,420,58.800000000000196
36,WFAgent4,FEMALE_YOUNG,42,36.66069692344889,51,7.1399999999999935
36,WFAgent5,MALE_OLD_LOW_INCOME,34,27.4565198568812,196,27.44000000000007
37,WEAgent1,FEMALE_YOUNG_LOW_INCOME,38,37.07731069986358,264,36.96000000000011
37,WEAgent0,MALE_OLD,49,35.50399379262543,167,23.380000000000052
37,WFAgent0,YOUNG_HIGH_INCOME,15,17.148513731744302,122,17.080000000000027
37,WFAgent1,FEMALE_OLD_LOW_INCOME,46,43.884555324886705,313,43.820000000000135
37,WFAgent2,FEMALE_YOUNG_HIGH_INCOME,5,4.846587405343787,0,0.0
37,WFAgent3,MALE_LOW_INCOME,69,73.12366105886609,381,53.340000000000174
37,WFAgent4,FEMALE_YOUNG,42,44.76887099006979,54,7.5599999999999925
37,WFAgent5,FEMALE_OLD,53,54.54944279380671,80,11.200000000000005
38,WEAgent1,YOUNG_HIGH_INCOME,15,16.878209062311857,18,16.483742760547937
38,WEAgent0,FEMALE_HIGH_INCOME,13,14.869110849834374,34,11.741871380273983
38,WFAgent0,YOUNG_LOW_INCOME,72,68.52447546373318,354,49.56000000000016
38,WFAgent1,YOUNG_HIGH_INCOME,15,14.219112024956539,101,14.140000000000017
38,WFAgent2,FEMALE_YOUNG_HIGH_INCOME,5,4.172809142062645,0,0.0
38,WFAgent3,FEMALE_OLD_HIGH_INCOME,8,7.326107893576861,52,7.279999999999993
38,WFAgent4,YOUNG_HIGH_INCOME,15,13.983574041461194,13,1.8199999999999994
38,WFAgent5,YOUNG_LOW_INCOME,72,65.33190219344394,0,0.0
39,WEAgent1,FEMALE_YOUNG,42,37.177668373361215,47,6.579999999999995
39,WEAgent0,MALE_YOUNG_HIGH_INCOME,10,9.505818665138975,67,9.379999999999997
39,WFAgent0,MALE_YOUNG_HIGH_INCOME,10,9.729616584930127,10,8.851825803181244
39,WFAgent1,MALE_OLD_HIGH_INCOME,16,14.421095436175221,0,0.0
39,WFAgent2,FEMALE_LOW_INCOME,83,80.74118091399723,466,65.24000000000022
39,WFAgent3,MALE_HIGH_INCOME,25,26.14428886434683,155,21.700000000000045
39,WFAgent4,FEMALE_YOUNG_HIGH_INCOME,5,4.150189199924275,0,0.0
39,WFAgent5,YOUNG_HIGH_INCOME,15,14.159475060727269,47,6.579999999999995
40,WEAgent1,FEMALE_YOUNG,42,39.12218013599806,43,6.019999999999996
40,WEAgent0,OLD_HIGH_INCOME,23,17.19795192997908,53,14.105107444772628
40,WFAgent0,YOUNG_HIGH_INCOME,15,12.457829545808321,0,0.0
40,WFAgent1,FEMALE_HIGH_INCOME,13,13.620666675329886,18,13.459266727809709
40,WFAgent2,OLD_LOW_INCOME,79,78.62683722691503,362,50.68000000000016
40,WFAgent3,FEMALE_HIGH_INCOME,13,11.832169616096962,14,11.62730757608777
40,WFAgent4,YOUNG_HIGH_INCOME,15,16.191244049353397,108,15.12000000000002
40,WFAgent5,FEMALE_OLD_HIGH_INCOME,8,6.9684028453971525,9,6.729633363904857
41,WEAgent1,YOUNG_LOW_INCOME,72,73.99894890371975,376,52.64000000000017
41,WEAgent0,OLD_HIGH_INCOME,23,22.50965986485772,87,12.180000000000009
41,WFAgent0,FEMALE_YOUNG_HIGH_INCOME,5,3.5849624673997846,0,0.0
41,WFAgent1,FEMALE_OLD_HIGH_INCOME,8,8.76796071737286,9,8.349155277124066
41,WFAgent2,MALE_YOUNG_LOW_INCOME,35,32.970550786864315,0,0.0
41,WFAgent3,MALE_OLD,49,45.45651206434214,324,45.36000000000014
41,WFAgent4,FEMALE_YOUNG,42,43.984751972438374,50,6.999999999999994
41,WFAgent5,MALE_YOUNG_HIGH_INCOME,10,10.957366536029356,78,10.920000000000003
42,WEAgent1,MALE_LOW_INCOME,69,70.57730787722521,94,70.44763033491456
42,WEAgent0,MALE_LOW_INCOME,69,61.671138067225066,68,60.77735345755516
42,WFAgent0,FEMALE_OLD_LOW_INCOME,46,52.608103763551824,375,52.50000000000017
42,WFAgent1,OLD_HIGH_INCOME,23,22.300159057263578,31,4.34
42,WFAgent2,MALE_YOUNG_LOW_INCOME,35,33.52997315122387,239,33.46000000000009
42,WFAgent3,FEMALE_OLD_HIGH_INCOME,8,7.834163308224709,55,7.699999999999992
42,WFAgent4,FEMALE_YOUNG,42,45.31368667698066,37,5.179999999999998
42,WFAgent5,FEMALE_YOUNG,42,45.04121925264079,321,44.94000000000014
43,WEAgent1,FEMALE_OLD_HIGH_INCOME,8,9.09839612501451,64,8.959999999999996
43,WEAgent0,FEMALE_HIGH_INCOME,13,13.960222157329051,53,7.419999999999993
43,WFAgent0,FEMALE_YOUNG_HIGH_INCOME,5,4.746041171334122,0,0.0
43,WFAgent1,MALE_OLD_LOW_INCOME,34,39.39227352423063,38,39.22506277756054
43,WFAgent2,FEMALE_HIGH_INCOME,13,13.351943122289404,35,4.899999999999999
43,WFAgent3,FEMALE_YOUNG_LOW_INCOME,38,36.223985836530616,258,36.120000000000104
43,WFAgent4,MALE_LOW_INCOME,69,71.2244560960968,66,9.239999999999997
43,WFAgent5,MALE_OLD_LOW_INCOME,34,35.22115746173824,251,35.1400000000001
44,WEAgent1,FEMALE_HIGH_INCOME,13,13.181998711601992,94,13.160000000000013
44,WEAgent0,MALE_OLD_LOW_INCOME,34,29.794066433575978,212,29.680000000000078
44,WFAgent0,FEMALE_YOUNG_HIGH_INCOME,5,3.984638252466296,13,1.8199999999999994
44,WFAgent1,FEMALE_YOUNG,42,35.99762199984044,0,0.0
44,WFAgent2,FEMALE_OLD,53,40.48647241850723,199,27.86000000000007
44,WFAgent3,YOUNG_LOW_INCOME,72,66.32865619276674,362,50.68000000000016
44,WFAgent4,YOUNG_LOW_INCOME,72,72.99023313931087,407,56.98000000000019
44,WFAgent5,FEMALE_OLD_LOW_INCOME,46,37.803286724121975,270,37.80000000000011
45,WEAgent1,OLD_LOW_INCOME,79,71.62871727044616,361,50.54000000000016
45,WEAgent0,FEMALE_YOUNG_HIGH_INCOME,5,4.885424040340292,34,4.759999999999999
45,WFAgent0,FEMALE_HIGH_INCOME,13,11.510276948543725,9,1.2599999999999998
45,WFAgent1,FEMALE_LOW_INCOME,83,94.03131192537776,402,56.280000000000186
45,WFAgent2,FEMALE_OLD_LOW_INCOME,46,43.0059693247035,307,42.98000000000013
45,WFAgent3,YOUNG_HIGH_INCOME,15,14.135671431339127,0,0.0
45,WFAgent4,FEMALE_OLD,53,47.1519526623407,149,20.860000000000042
45,WFAgent5,YOUNG_HIGH_INCOME,15,15.404212539671887,94,13.160000000000013
46,WEAgent1,MALE_LOW_INCOME,69,82.01074168579252,370,51.80000000000017
46,WEAgent0,MALE_OLD_LOW_INCOME,34,35.40517544296948,252,35.2800000000001
46,WFAgent0,YOUNG_HIGH_INCOME,15,15.404594703956585,91,12.74000000000001
46,WFAgent1,MALE_YOUNG,45,41.8309975328123,0,0.0
46,WFAgent2,YOUNG_LOW_INCOME,72,85.84509783407431,378,52.92000000000017
46,WFAgent3,MALE_YOUNG_LOW_INCOME,35,29.374336274415203,0,0.0
46,WFAgent4,MALE_OLD_LOW_INCOME,34,34.44393682996501,131,18.340000000000032
46,WFAgent5,FEMALE_YOUNG,42,42.50929795834774,46,6.439999999999995
47,WEAgent1,MALE_YOUNG_LOW_INCOME,35,37.61051486270457,268,37.52000000000011
47,WEAgent0,FEMALE_OLD_LOW_INCOME,46,47.84478411311181,341,47.74000000000015
47,WFAgent0,FEMALE_OLD_LOW_INCOME,46,47.141652660039824,118,16.520000000000024
47,WFAgent1,OLD_HIGH_INCOME,23,22.0921848766943,0,0.0
47,WFAgent2,YOUNG_LOW_INCOME,72,80.83120669309608,407,56.98000000000019
47,WFAgent3,MALE_OLD,49,49.58513410124784,328,45.920000000000144
47,WFAgent4,OLD_HIGH_INCOME,23,22.846315595007948,70,9.799999999999999
47,WFAgent5,YOUNG_LOW_INCOME,72,78.48889867872789,0,0.0
48,WEAgent1,MALE_YOUNG_HIGH_INCOME,10,11.096974615373208,79,11.060000000000004
48,WEAgent0,MALE_OLD_LOW_INCOME,34,37.39993872039296,267,37.38000000000011
48,WFAgent0,MALE_OLD_HIGH_INCOME,16,16.00489690376938,114,15.960000000000024
48,WFAgent1,YOUNG_HIGH_INCOME,15,16.079343043722442,24,3.3600000000000003
48,WFAgent2,MALE_YOUNG_LOW_INCOME,35,35.14279800928776,251,35.1400000000001
48,WFAgent3,FEMALE_YOUNG_HIGH_INCOME,5,4.121492521550256,29,4.0600000000000005
48,WFAgent4,OLD_LOW_INCOME,79,74.21452857866247,86,12.040000000000008
48,WFAgent5,FEMALE_YOUNG,42,44.90805894150211,320,44.80000000000014
49,WEAgent1,FEMALE_LOW_INCOME,83,87.19904391708967,375,52.50000000000017
49,WEAgent0,MALE_YOUNG_LOW_INCOME,35,41.18456487876733,294,41.160000000000124
49,WFAgent0,YOUNG_LOW_INCOME,72,76.3506069290685,63,8.819999999999995
49,WFAgent1,MALE_OLD_LOW_INCOME,34,31.109068619098018,44,6.159999999999996
49,WFAgent2,YOUNG_HIGH_INCOME,15,16.13924198181781,109,15.260000000000021
49,WFAgent3,MALE_OLD_LOW_INCOME,34,33.90416050838505,242,33.880000000000095
49,WFAgent4,YOUNG_HIGH_INCOME,15,14.372751968856472,0,0.0
49,WFAgent5,MALE_LOW_INCOME,69,73.87510201093369,80,73.19780851552471
50,WEAgent1,YOUNG_HIGH_INCOME,15,14.428714385991015,103,14.420000000000018
50,WEAgent0,FEMALE_OLD_LOW_INCOME,46,43.39748721189871,309,43.26000000000013
50,WFAgent0,MALE_YOUNG,45,56.54876374693958,60,56.54586243060908
50,WFAgent1,MALE_YOUNG_HIGH_INCOME,10,9.496360146455848,23,3.22
50,WFAgent2,MALE_YOUNG,45,47.690219875169014,333,46.62000000000015
50,WFAgent3,FEMALE_HIGH_INCOME,13,10.37194357864472,10,1.3999999999999997
50,WFAgent4,MALE_YOUNG_HIGH_INCOME,10,11.174261338264316,14,11.169785392386624
50,WFAgent5,MALE_LOW_INCOME,69,65.02774179520051,346,48.440000000000154
51,WEAgent1,YOUNG_HIGH_INCOME,15,13.201094414018007,36,13.180802570279884
51,WEAgent0,MALE_YOUNG_HIGH_INCOME,10,8.982304069935056,10,8.800729609345339
51,WFAgent0,YOUNG_LOW_INCOME,72,72.12997817150033,353,49.42000000000016
51,WFAgent1,MALE_OLD,49,49.2963754009034,352,49.28000000000016
51,WFAgent2,FEMALE_YOUNG,42,41.00947442634838,0,0.0
51,WFAgent3,FEMALE_OLD,53,48.86974429264302,0,0.0
51,WFAgent4,FEMALE_LOW_INCOME,83,88.32225129577861,496,69.44000000000024
51,WFAgent5,YOUNG_LOW_INCOME,72,72.99748759304988,379,53.06000000000017
52,WEAgent1,FEMALE_HIGH_INCOME,13,11.969751663198101,56,7.839999999999992
52,WEAgent0,FEMALE_OLD,53,42.055172963993414,51,7.1399999999999935
52,WFAgent0,YOUNG_HIGH_INCOME,15,13.297411504913354,0,0.0
52,WFAgent1,YOUNG_HIGH_INCOME,15,17.94855139933396,114,15.960000000000024
52,WFAgent2,MALE_OLD,49,44.769645342989186,41,5.739999999999997
52,WFAgent3,FEMALE_LOW_INCOME,83,84.18934267191852,384,53.760000000000176
52,WFAgent4,FEMALE_OLD_HIGH_INCOME,8,7.554130736188378,9,7.141444465583788
52,WFAgent5,MALE_OLD,49,45.33683672782719,323,45.22000000000014
53,WEAgent1,OLD_LOW_INCOME,79,63.84390962179092,79,63.843909621790836
53,WEAgent0,MALE_HIGH_INCOME,25,25.42772027643557,91,12.74000000000001
53,WFAgent0,YOUNG_LOW_INCOME,72,71.37809894051385,87,12.180000000000009
53,WFAgent1,FEMALE_HIGH_INCOME,13,13.505671231711311,60,8.399999999999993
53,WFAgent2,MALE_YOUNG_LOW_INCOME,35,35.29226662520891,252,35.2800000000001
53,WFAgent3,OLD_HIGH_INCOME,23,19.634269849351597,74,10.360000000000001
53,WFAgent4,MALE_LOW_INCOME,69,68.75309803603362,157,68.75055282943498
53,WFAgent5,FEMALE_YOUNG,42,45.638548796001196,325,45.50000000000014
54,WEAgent1,FEMALE_YOUNG_HIGH_INCOME,5,5.038845989393163,35,4.899999999999999
54,WEAgent0,MALE_LOW_INCOME,69,59.46688531673853,69,59.46688531673847
54,WFAgent0,MALE_HIGH_INCOME,25,25.741145192669364,53,7.419999999999993
54,WFAgent1,MALE_OLD_HIGH_INCOME,16,15.173801928833496,108,15.12000000000002
54,WFAgent2,FEMALE_OLD_LOW_INCOME,46,51.88358495694994,370,51.80000000000017
54,WFAgent3,MALE_YOUNG_HIGH_INCOME,10,9.44361107107301,0,0.0
54,WFAgent4,MALE_HIGH_INCOME,25,25.988249347178325,27,25.497749891897133
54,WFAgent5,MALE_OLD_LOW_INCOME,34,39.85985336076975,284,39.76000000000012
55,WEAgent1,FEMALE_OLD_HIGH_INCOME,8,9.169884864462325,10,9.055481859847017
55,WEAgent0,FEMALE_OLD_HIGH_INCOME,8,7.244385487877614,18,7.113289115908207
55,WFAgent0,MALE_OLD_HIGH_INCOME,16,18.120894973738984,129,18.06000000000003
55,WFAgent1,FEMALE_YOUNG,42,43.241467596950976,308,43.12000000000013
55,WFAgent2,MALE_YOUNG,45,44.03107537296941,24,3.3600000000000003
55,WFAgent3,MALE_YOUNG_HIGH_INCOME,10,9.808749129998242,70,9.799999999999999
55,WFAgent4,FEMALE_YOUNG,42,45.37328306842035,44,6.159999999999996
55,WFAgent5,MALE_YOUNG_LOW_INCOME,35,32.87486431147961,234,32.76000000000009
56,WEAgent1,MALE_OLD_HIGH_INCOME,16,16.765930972574882,119,16.660000000000025
56,WEAgent0,FEMALE_OLD_HIGH_INCOME,8,7.945429370391861,56,7.839999999999992
56,WFAgent0,MALE_LOW_INCOME,69,68.14487212177265,0,0.0
56,WFAgent1,MALE_YOUNG_LOW_INCOME,35,35.24056496038058,251,35.1400000000001
56,WFAgent2,MALE_YOUNG_HIGH_INCOME,10,9.349643435374931,0,0.0
56,WFAgent3,YOUNG_LOW_INCOME,72,74.68178866328232,423,59.2200000000002
56,WFAgent4,MALE_LOW_INCOME,69,80.5646506393474,353,49.42000000000016
56,WFAgent5,MALE_HIGH_INCOME,25,28.43268997321751,86,12.040000000000008
57,WEAgent1,MALE_YOUNG_LOW_INCOME,35,29.33957713131595,209,29.260000000000076
57,WEAgent0,OLD_LOW_INCOME,79,70.68086701495197,78,69.78617249577549
57,WFAgent0,FEMALE_YOUNG,42,37.27333345585628,49,6.859999999999994
57,WFAgent1,FEMALE_OLD,53,50.69950500780753,78,10.920000000000003
57,WFAgent2,OLD_LOW_INCOME,79,79.40974183381304,206,79.40453278483285
57,WFAgent3,YOUNG_LOW_INCOME,72,63.4770821782076,114,15.960000000000024
57,WFAgent4,FEMALE_YOUNG_LOW_INCOME,38,39.25999354697202,280,39.20000000000012
57,WFAgent5,MALE_OLD_LOW_INCOME,34,38.1262447211459,42,37.57716980541752
58,WEAgent1,FEMALE_YOUNG_HIGH_INCOME,5,4.41656515536507,7,4.382804076813469
58,WEAgent0,FEMALE_YOUNG_HIGH_INCOME,5,4.102804076813469,5,4.102804076813469
58,WFAgent0,FEMALE_YOUNG,42,41.69337857670295,297,41.580000000000126
58,WFAgent1,MALE_HIGH_INCOME,25,26.908161044088025,103,14.420000000000018
58,WFAgent2,FEMALE_OLD,53,45.22386080905076,83,11.620000000000006
58,WFAgent3,FEMALE_OLD_LOW_INCOME,46,45.78464811730428,53,45.22386080905082
58,WFAgent4,FEMALE_OLD,53,49.24927723991301,351,49.14000000000016
58,WFAgent5,MALE_YOUNG_LOW_INCOME,35,37.32227273097969,266,37.24000000000011
59,WEAgent1,FEMALE_OLD_LOW_INCOME,46,53.963113147886105,385,53.900000000000176
59,WEAgent0,MALE_OLD_HIGH_INCOME,16,12.505106133432937,52,12.412553066716482
59,WFAgent0,OLD_LOW_INCOME,79,80.19300317742109,0,0.0
59,WFAgent1,MALE_OLD_HIGH_INCOME,16,15.408289096651226,19,14.849813533451616
59,WFAgent2,MALE_OLD,49,50.85104751294021,65,50.801993667071336
59,WFAgent3,FEMALE_YOUNG_HIGH_INCOME,5,5.21569126700285,37,5.179999999999998
59,WFAgent4,MALE_YOUNG,45,50.062470079839514,112,15.680000000000023
59,WFAgent5,MALE_OLD,49,60.25485077023506,372,52.08000000000017
60,WEAgent1,YOUNG_HIGH_INCOME,15,14.669718808633306,39,14.057309752331275
60,WEAgent0,MALE_YOUNG,45,42.79656899448312,75,18.0226460332899
60,WFAgent0,MALE_OLD_HIGH_INCOME,16,16.5025373885159,117,16.380000000000024
60,WFAgent1,MALE_YOUNG_HIGH_INCOME,10,11.123810726125788,16,10.837309752331274
60,WFAgent2,MALE_OLD_HIGH_INCOME,16,14.367278909270786,46,6.439999999999995
60,WFAgent3,MALE_YOUNG,45,30.47993367843171,0,0.0
60,WFAgent4,MALE_OLD,49,47.232425904771475,337,47.18000000000015
60,WFAgent5,YOUNG_LOW_INCOME,72,70.80943481707088,375,52.50000000000017
61,WEAgent1,FEMALE_YOUNG_LOW_INCOME,38,33.99547248322947,242,33.880000000000095
61,WEAgent0,MALE_OLD_LOW_INCOME,34,36.14055690839637,258,36.120000000000104
61,WFAgent0,MALE_YOUNG_HIGH_INCOME,10,8.62118717656847,61,8.539999999999994
61,WFAgent1,MALE_YOUNG,45,48.672142895135096,347,48.580000000000155
61,WFAgent2,FEMALE_OLD,53,56.04309822677554,400,56.000000000000185
61,WFAgent3,FEMALE_YOUNG,42,43.76730478401252,11,1.5399999999999996
61,WFAgent4,FEMALE_OLD_HIGH_INCOME,8,7.355079296056948,52,7.279999999999993
61,WFAgent5,FEMALE_YOUNG_HIGH_INCOME,5,5.291615020884136,37,5.179999999999998
62,WEAgent1,YOUNG_HIGH_INCOME,15,16.117148357642304,101,14.140000000000017
62,WEAgent0,FEMALE_YOUNG,42,33.007267243968734,235,32.90000000000009
62,WFAgent0,MALE_OLD,49,47.27695985481816,112,15.680000000000023
62,WFAgent1,MALE_OLD_LOW_INCOME,34,36.451988670193685,260,36.400000000000105
62,WFAgent2,FEMALE_YOUNG,42,42.31088470617575,56,27.86250677531026
62,WFAgent3,FEMALE_OLD_HIGH_INCOME,8,8.23753122342257,0,0.0
62,WFAgent4,MALE_HIGH_INCOME,25,27.08529119112134,164,22.96000000000005
62,WFAgent5,OLD_HIGH_INCOME,23,27.35310144234986,77,10.780000000000003
63,WEAgent1,YOUNG_HIGH_INCOME,15,13.50836695663741,47,6.579999999999995
63,WEAgent0,FEMALE_YOUNG_LOW_INCOME,38,37.25745798386098,266,37.24000000000011
63,WFAgent0,FEMALE_YOUNG_LOW_INCOME,38,34.931555040787806,134,18.760000000000034
63,WFAgent1,MALE_YOUNG_HIGH_INCOME,10,9.566719316675611,68,9.519999999999998
63,WFAgent2,FEMALE_LOW_INCOME,83,99.63059328399676,476,66.64000000000023
63,WFAgent3,MALE_LOW_INCOME,69,70.10008756491503,0,0.0
63,WFAgent4,MALE_OLD_LOW_INCOME,34,30.043054434757593,214,29.96000000000008
63,WFAgent5,YOUNG_LOW_INCOME,72,88.48356905925007,371,51.94000000000017
64,WEAgent1,FEMALE_LOW_INCOME,83,89.72462002802214,381,53.340000000000174
64,WEAgent0,OLD_HIGH_INCOME,23,21.049649376625194,150,21.000000000000043
64,WFAgent0,FEMALE_YOUNG_LOW_INCOME,38,36.80696272879259,0,0.0
64,WFAgent1,OLD_HIGH_INCOME,23,25.056767119439737,28,24.248412938779705
64,WFAgent2,MALE_YOUNG_LOW_INCOME,35,31.856614919420576,227,31.780000000000086
64,WFAgent3,FEMALE_OLD,53,45.89878163411871,327,45.78000000000014
64,WFAgent4,FEMALE_YOUNG_HIGH_INCOME,5,4.46966511696404,20,2.8
64,WFAgent5,FEMALE_YOUNG_HIGH_INCOME,5,5.175675367675825,36,5.039999999999998
65,WEAgent1,FEMALE_OLD_HIGH_INCOME,8,7.2669136185541605,7,6.358549416234891
65,WEAgent0,YOUNG_LOW_INCOME,72,85.3141998810916,382,53.480000000000175
65,WFAgent0,MALE_YOUNG_HIGH_INCOME,10,9.516962791225165,67,9.379999999999997
65,WFAgent1,FEMALE_YOUNG,42,41.65412366451283,48,6.719999999999994
65,WFAgent2,FEMALE_OLD_HIGH_INCOME,8,8.288893579255216,59,8.259999999999993
65,WFAgent3,FEMALE_YOUNG_LOW_INCOME,38,37.49591604007909,267,37.38000000000011
65,WFAgent4,FEMALE_OLD_LOW_INCOME,46,39.820964640632845,284,39.76000000000012
65,WFAgent5,MALE_OLD_HIGH_INCOME,16,16.60036323171859,118,16.520000000000024
66,WEAgent1,FEMALE_OLD_HIGH_INCOME,8,8.811371792099926,62,8.679999999999994
66,WEAgent0,MALE_OLD_LOW_INCOME,34,30.63800620231152,218,30.52000000000008
66,WFAgent0,MALE_LOW_INCOME,69,50.989945534376446,137,19.180000000000035
66,WFAgent1,FEMALE_OLD_HIGH_INCOME,8,8.41806545304106,9,1.2599999999999998
66,WFAgent2,YOUNG_HIGH_INCOME,15,15.656637577437099,51,7.1399999999999935
66,WFAgent3,MALE_YOUNG_HIGH_INCOME,10,10.122815506059505,72,10.08
66,WFAgent4,YOUNG_HIGH_INCOME,15,15.118824642940021,46,6.439999999999995
66,WFAgent5,FEMALE_YOUNG,42,39.72799426744742,283,39.62000000000012
67,WEAgent1,FEMALE_OLD,53,60.908121820925224,0,0.0
67,WEAgent0,FEMALE_OLD,53,42.05160590605649,53,42.05160590605644
67,WFAgent0,FEMALE_YOUNG,42,41.487069997783294,296,41.440000000000126
67,WFAgent1,MALE_YOUNG_LOW_INCOME,35,25.71335687429149,183,25.62000000000006
67,WFAgent2,FEMALE_OLD_LOW_INCOME,46,48.56476757820602,136,48.44419369382156
67,WFAgent3,FEMALE_HIGH_INCOME,13,12.164323845423505,56,7.839999999999992
67,WFAgent4,MALE_OLD,49,42.74073928582113,305,42.70000000000013
67,WFAgent5,FEMALE_OLD,53,60.1853117849558,73,57.92013643664376
68,WEAgent1,FEMALE_LOW_INCOME,83,77.53791259466435,394,55.16000000000018
68,WEAgent0,OLD_HIGH_INCOME,23,18.18314268514308,80,11.200000000000005
68,WFAgent0,FEMALE_YOUNG_HIGH_INCOME,5,5.417741369048062,38,5.319999999999998
68,WFAgent1,MALE_LOW_INCOME,69,63.00450750409871,32,4.4799999999999995
68,WFAgent2,MALE_OLD,49,43.47577342607949,0,0.0
68,WFAgent3,OLD_LOW_INCOME,79,84.70565288084263,355,49.70000000000016
68,WFAgent4,YOUNG_HIGH_INCOME,15,14.620210404204412,100,14.000000000000016
68,WFAgent5,MALE_YOUNG,45,48.26861957294688,344,48.16000000000015
69,WEAgent1,FEMALE_YOUNG_LOW_INCOME,38,37.91914964270976,270,37.80000000000011
69,WEAgent0,MALE_OLD_HIGH_INCOME,16,14.995219927679862,15,14.058018682199876
69,WFAgent0,MALE_YOUNG,45,47.2258011391416,92,12.880000000000011
69,WFAgent1,FEMALE_YOUNG_HIGH_INCOME,5,4.630663072135719,0,0.0
69,WFAgent2,FEMALE_YOUNG_HIGH_INCOME,5,5.501861564191897,5,4.633887438951883
69,WFAgent3,MALE_HIGH_INCOME,25,30.32738293725044,135,26.872012454799986
69,WFAgent4,FEMALE_HIGH_INCOME,13,12.048107341274896,78,10.920000000000003
69,WFAgent5,FEMALE_HIGH_INCOME,13,12.716980021535804,49,6.859999999999994
70,WEAgent1,FEMALE_OLD_LOW_INCOME,46,48.7443963895163,348,48.720000000000155
70,WEAgent0,FEMALE_YOUNG,42,46.64295722735488,42,5.879999999999996
70,WFAgent0,FEMALE_OLD_HIGH_INCOME,8,6.49644622550436,0,0.0
70,WFAgent1,FEMALE_HIGH_INCOME,13,14.817876139961742,97,13.580000000000014
70,WFAgent2,MALE_OLD_HIGH_INCOME,16,12.099996565446668,86,12.040000000000008
70,WFAgent3,MALE_YOUNG,45,43.652566572125146,109,15.260000000000021
70,WFAgent4,MALE_LOW_INCOME,69,74.01825802345054,358,50.12000000000016
70,WFAgent5,MALE_OLD,49,47.70480279461927,340,47.60000000000015
71,WEAgent1,OLD_HIGH_INCOME,23,19.927572714426457,80,11.200000000000005
71,WEAgent0,MALE_YOUNG_LOW_INCOME,35,38.135271708366666,272,38.08000000000011
71,WFAgent0,YOUNG_HIGH_INCOME,15,15.571433534158562,104,14.560000000000018
71,WFAgent1,MALE_HIGH_INCOME,25,20.333036845343223,0,0.0
71,WFAgent2,FEMALE_HIGH_INCOME,13,11.415662916718254,46,6.439999999999995
71,WFAgent3,MALE_HIGH_INCOME,25,26.089057692566985,162,22.68000000000005
71,WFAgent4,FEMALE_YOUNG_LOW_INCOME,38,38.11521216417228,272,38.08000000000011
71,WFAgent5,MALE_YOUNG_LOW_INCOME,35,33.52974115620322,95,13.300000000000013
72,WEAgent1,FEMALE_OLD_HIGH_INCOME,8,9.74645878103531,12,9.0835232837825
72,WEAgent0,FEMALE_OLD_HIGH_INCOME,8,6.0556821891883335,8,6.055682189188333
72,WFAgent0,YOUNG_LOW_INCOME,72,74.5193609991044,421,58.9400000000002
72,WFAgent1,YOUNG_LOW_INCOME,72,67.906190399252,0,0.0
72,WFAgent2,YOUNG_HIGH_INCOME,15,16.819305477320725,111,15.540000000000022
72,WFAgent3,MALE_OLD_HIGH_INCOME,16,16.32808634291997,116,16.240000000000023
72,WFAgent4,YOUNG_HIGH_INCOME,15,13.293594358842629,0,0.0
72,WFAgent5,FEMALE_HIGH_INCOME,13,15.76567000793456,68,15.689602736485446
73,WEAgent1,MALE_OLD_HIGH_INCOME,16,14.486825370259185,103,14.420000000000018
73,WEAgent0,FEMALE_OLD_HIGH_INCOME,8,7.680349187971684,8,7.111770132018244
73,WFAgent0,FEMALE_YOUNG_LOW_INCOME,38,36.858439851958174,263,36.82000000000011
73,WFAgent1,FEMALE_OLD_HIGH_INCOME,8,7.457191612946169,26,7.384856332511396
73,WFAgent2,FEMALE_OLD_HIGH_INCOME,8,7.111770132018244,43,6.019999999999996
73,WFAgent3,MALE_YOUNG,45,52.42844980099314,351,49.14000000000016
73,WFAgent4,MALE_YOUNG,45,40.41710072967997,109,15.260000000000021
73,WFAgent5,YOUNG_HIGH_INCOME,15,15.943673610066199,64,8.959999999999996
74,WEAgent1,MALE_YOUNG_LOW_INCOME,35,35.38991162503361,252,35.2800000000001
74,WEAgent0,OLD_HIGH_INCOME,23,19.215550395371746,80,11.200000000000005
74,WFAgent0,YOUNG_LOW_INCOME,72,64.60860819318891,399,55.860000000000184
74,WFAgent1,FEMALE_OLD_LOW_INCOME,46,47.91751724651334,342,47.88000000000015
74,WFAgent2,MALE_HIGH_INCOME,25,28.21763213238077,158,22.120000000000047
74,WFAgent3,MALE_YOUNG,45,44.043044290489505,0,0.0
74,WFAgent4,FEMALE_HIGH_INCOME,13,12.972643599512518,39,5.459999999999997
74,WFAgent5,MALE_YOUNG,45,48.24494140073904,98,13.720000000000015
75,WEAgent1,OLD_LOW_INCOME,79,84.81948818877134,365,51.100000000000165
75,WEAgent0,OLD_HIGH_INCOME,23,23.984561563868954,80,11.200000000000005
75,WFAgent0,OLD_HIGH_INCOME,23,22.84633577143759,0,0.0
75,WFAgent1,FEMALE_YOUNG_LOW_INCOME,38,35.10626648699202,109,15.260000000000021
75,WFAgent2,FEMALE_YOUNG,42,39.73491457457369,48,6.719999999999994
75,WFAgent3,FEMALE_YOUNG_LOW_INCOME,38,42.08296375311291,300,42.00000000000013
75,WFAgent4,FEMALE_OLD_HIGH_INCOME,8,8.268768279554324,8,7.946551572673945
75,WFAgent5,MALE_YOUNG_HIGH_INCOME,10,8.491683295212203,60,8.399999999999993
76,WEAgent1,MALE_OLD_LOW_INCOME,34,35.9447052342279,256,35.8400000000001
76,WEAgent0,FEMALE_YOUNG_LOW_INCOME,38,35.943177547484446,256,35.8400000000001
76,WFAgent0,FEMALE_YOUNG,42,47.74595925338105,50,47.29365466774273
76,WFAgent1,FEMALE_OLD_LOW_INCOME,46,50.87486221261727,363,50.820000000000164
76,WFAgent2,YOUNG_LOW_INCOME,72,70.79950519726026,355,49.70000000000016
76,WFAgent3,FEMALE_YOUNG_HIGH_INCOME,5,5.110849670917052,36,5.039999999999998
76,WFAgent4,FEMALE_OLD_LOW_INCOME,46,45.04342985502414,127,17.78000000000003
76,WFAgent5,MALE_OLD_LOW_INCOME,34,34.199575726844735,109,15.260000000000021
77,WEAgent1,MALE_LOW_INCOME,69,69.20742411364458,69,69.20742411364452
77,WEAgent0,YOUNG_LOW_INCOME,72,74.02144442470747,284,74.01775573549588
77,WFAgent0,OLD_LOW_INCOME,79,86.37681428091582,276,38.640000000000114
77,WFAgent1,FEMALE_OLD,53,47.55722841648152,0,0.0
77,WFAgent2,FEMALE_LOW_INCOME,83,89.58483681112226,497,69.58000000000024
77,WFAgent3,FEMALE_OLD_HIGH_INCOME,8,7.389742432410214,52,7.279999999999993
77,WFAgent4,FEMALE_YOUNG_LOW_INCOME,38,37.78932671244459,38,37.071090681678974
77,WFAgent5,FEMALE_LOW_INCOME,83,80.97106648893039,63,8.819999999999995
78,WEAgent1,YOUNG_LOW_INCOME,72,76.69462757084935,385,53.900000000000176
78,WEAgent0,OLD_LOW_INCOME,79,85.88405956161655,335,46.90000000000015
78,WFAgent0,FEMALE_OLD,53,48.327904545831345,345,48.30000000000015
78,WFAgent1,FEMALE_HIGH_INCOME,13,11.583881418214931,79,11.060000000000004
78,WFAgent2,YOUNG_HIGH_INCOME,15,15.0042825349989,102,14.280000000000017
78,WFAgent3,FEMALE_YOUNG,42,37.28485948195914,59,8.259999999999993
78,WFAgent4,OLD_LOW_INCOME,79,76.38987104377301,0,0.0
78,WFAgent5,MALE_LOW_INCOME,69,68.61283076518558,0,0.0
79,WEAgent1,OLD_LOW_INCOME,79,92.44702598361224,341,47.74000000000015
79,WEAgent0,FEMALE_LOW_INCOME,83,80.91612137633653,404,56.56000000000019
79,WFAgent0,OLD_LOW_INCOME,79,81.74511570396353,0,0.0
79,WFAgent1,FEMALE_OLD_HIGH_INCOME,8,9.324796269935874,16,2.2399999999999993
79,WFAgent2,FEMALE_OLD,53,63.8164556857562,74,63.701530346694845
79,WFAgent3,FEMALE_OLD_HIGH_INCOME,8,6.886651929372405,0,0.0
79,WFAgent4,FEMALE_YOUNG_HIGH_INCOME,5,5.171284132872751,36,5.039999999999998
79,WFAgent5,FEMALE_LOW_INCOME,83,75.66776780715391,464,64.96000000000022
80,WEAgent1,FEMALE_YOUNG_HIGH_INCOME,5,4.966281843983329,35,4.899999999999999
80,WEAgent0,MALE_OLD,49,50.604254807440824,51,50.56443192075227
80,WFAgent0,OLD_HIGH_INCOME,23,25.722763589448057,85,11.900000000000007
80,WFAgent1,MALE_OLD_HIGH_INCOME,16,16.4965793421986,103,14.420000000000018
80,WFAgent2,YOUNG_LOW_INCOME,72,77.96640326530022,367,51.380000000000166
80,WFAgent3,FEMALE_YOUNG,42,44.25240788166168,316,44.24000000000014
80,WFAgent4,MALE_HIGH_INCOME,25,24.7864862356629,103,14.420000000000018
80,WFAgent5,FEMALE_LOW_INCOME,83,76.48639640640815,508,71.12000000000025
81,WEAgent1,FEMALE_OLD_HIGH_INCOME,8,7.4608127921929865,53,7.419999999999993
81,WEAgent0,MALE_YOUNG,45,49.99333244456353,110,15.400000000000022
81,WFAgent0,FEMALE_HIGH_INCOME,13,13.083554110461018,0,0.0
81,WFAgent1,YOUNG_LOW_INCOME,72,78.05380761238837,407,56.98000000000019
81,WFAgent2,FEMALE_HIGH_INCOME,13,15.136414453551195,46,6.439999999999995
81,WFAgent3,MALE_LOW_INCOME,69,59.29927000880455,357,49.98000000000016
81,WFAgent4,MALE_OLD,49,47.08324273280382,164,22.96000000000005
81,WFAgent5,MALE_YOUNG_LOW_INCOME,35,36.236953910223875,258,36.120000000000104
82,WEAgent1,FEMALE_YOUNG_LOW_INCOME,38,31.80253722901826,37,30.96562835457043
82,WEAgent0,FEMALE_LOW_INCOME,83,83.14289481328579,170,52.3732638523619
82,WFAgent0,FEMALE_YOUNG,42,44.30258892331513,60,8.399999999999993
82,WFAgent1,FEMALE_LOW_INCOME,83,108.58730138869662,501,70.14000000000024
82,WFAgent2,MALE_YOUNG,45,43.96215254545772,92,12.880000000000011
82,WFAgent3,FEMALE_YOUNG,42,43.04492063530521,51,42.68235259684033
82,WFAgent4,OLD_LOW_INCOME,79,83.88565740333063,366,51.240000000000165
82,WFAgent5,FEMALE_LOW_INCOME,83,107.647988077491,107,107.18421379544094
83,WEAgent1,FEMALE_LOW_INCOME,83,83.48165063258627,281,39.34000000000012
83,WEAgent0,FEMALE_OLD_HIGH_INCOME,8,7.751993209194598,8,7.7519932091945964
83,WFAgent0,FEMALE_HIGH_INCOME,13,15.402856907626683,15,14.534987267239867
83,WFAgent1,FEMALE_LOW_INCOME,83,92.30590849461855,94,91.39864702364358
83,WFAgent2,FEMALE_OLD,53,54.652583031625085,56,16.958990662642595
83,WFAgent3,FEMALE_OLD_LOW_INCOME,46,44.726997479655324,319,44.66000000000014
83,WFAgent4,OLD_LOW_INCOME,79,87.02297919057072,378,52.92000000000017
83,WFAgent5,FEMALE_YOUNG_HIGH_INCOME,5,5.269921119348789,37,5.179999999999998
84,WEAgent1,FEMALE_LOW_INCOME,83,82.70472555225172,405,56.70000000000019
84,WEAgent0,FEMALE_YOUNG,42,45.8058744207554,45,6.299999999999995
84,WFAgent0,OLD_LOW_INCOME,79,71.59440694558349,89,12.46000000000001
84,WFAgent1,YOUNG_HIGH_INCOME,15,14.24148245254311,100,14.000000000000016
84,WFAgent2,MALE_HIGH_INCOME,25,27.628041116683352,144,20.16000000000004
84,WFAgent3,FEMALE_YOUNG_LOW_INCOME,38,34.366027687923484,0,0.0
84,WFAgent4,FEMALE_OLD_HIGH_INCOME,8,9.643918880593016,68,9.519999999999998
84,WFAgent5,MALE_OLD_LOW_INCOME,34,39.7738068113549,284,39.76000000000012
85,WEAgent1,OLD_HIGH_INCOME,23,22.77747020086388,55,7.699999999999992
85,WEAgent0,MALE_OLD_LOW_INCOME,34,36.674635897656394,44,36.21818154097955
85,WFAgent0,MALE_OLD_LOW_INCOME,34,35.3023605650437,252,35.2800000000001
85,WFAgent1,MALE_OLD_HIGH_INCOME,16,15.922695794507655,113,15.820000000000023
85,WFAgent2,OLD_HIGH_INCOME,23,24.811728845176198,30,24.6942146870315
85,WFAgent3,MALE_OLD,49,40.33388398881813,87,12.180000000000009
85,WFAgent4,OLD_LOW_INCOME,79,86.84842399912368,475,66.50000000000023
85,WFAgent5,FEMALE_YOUNG_LOW_INCOME,38,46.03442046302189,328,45.920000000000144
86,WEAgent1,MALE_YOUNG,45,39.097542269591045,94,18.26183990860309
86,WEAgent0,MALE_YOUNG_HIGH_INCOME,10,10.478719923080451,12,10.426011271890946
86,WFAgent0,MALE_OLD,49,54.99234766558694,365,51.100000000000165
86,WFAgent1,FEMALE_OLD_LOW_INCOME,46,46.14600497642832,329,46.060000000000144
86,WFAgent2,OLD_HIGH_INCOME,23,24.285255342568746,74,10.360000000000001
86,WFAgent3,OLD_LOW_INCOME,79,99.13252327383437,101,98.4709812599091
86,WFAgent4,FEMALE_LOW_INCOME,83,80.92169747101443,49,6.859999999999994
86,WFAgent5,MALE_OLD,49,40.23873474636867,0,0.0
87,WEAgent1,YOUNG_LOW_INCOME,72,69.9648977919892,100,69.85483266938844
87,WEAgent0,YOUNG_LOW_INCOME,72,68.7534145768965,72,68.363303655014
87,WFAgent0,YOUNG_LOW_INCOME,72,68.36330365501392,78,10.920000000000003
87,WFAgent1,OLD_LOW_INCOME,79,85.02645352480538,492,68.88000000000024
87,WFAgent2,FEMALE_HIGH_INCOME,13,12.456331755207689,53,7.419999999999993
87,WFAgent3,FEMALE_YOUNG_LOW_INCOME,38,47.26527804468613,48,46.64326519465944
87,WFAgent4,FEMALE_YOUNG_LOW_INCOME,38,40.08508321785247,286,40.04000000000012
87,WFAgent5,MALE_OLD_LOW_INCOME,34,28.45161661112984,203,28.420000000000073
88,WEAgent1,OLD_HIGH_INCOME,23,22.895398457783394,163,22.82000000000005
88,WEAgent0,FEMALE_LOW_INCOME,83,89.05245121989547,357,80.72406928776984
88,WFAgent0,FEMALE_YOUNG_LOW_INCOME,38,38.699275226721305,0,0.0
88,WFAgent1,FEMALE_YOUNG,42,43.8924623385739,43,43.79128512497415
88,WFAgent2,YOUNG_HIGH_INCOME,15,16.283033657860695,46,6.439999999999995
88,WFAgent3,MALE_YOUNG,45,47.03972025234301,92,12.880000000000011
88,WFAgent4,MALE_OLD,49,50.1414957333848,354,49.56000000000016
88,WFAgent5,MALE_OLD,49,43.505217696757406,0,0.0
89,WEAgent1,MALE_YOUNG_HIGH_INCOME,10,9.470701947162762,67,9.379999999999997
89,WEAgent0,YOUNG_HIGH_INCOME,15,14.980401440798511,51,7.1399999999999935
89,WFAgent0,MALE_OLD_HIGH_INCOME,16,14.983219514338403,107,14.98000000000002
89,WFAgent1,MALE_OLD_HIGH_INCOME,16,13.513842036215964,46,6.439999999999995
89,WFAgent2,MALE_OLD_LOW_INCOME,34,33.12616950524631,236,33.04000000000009
89,WFAgent3,FEMALE_OLD_HIGH_INCOME,8,6.8744525286870255,49,6.859999999999994
89,WFAgent4,YOUNG_LOW_INCOME,72,79.74179379434779,423,59.2200000000002
89,WFAgent5,MALE_HIGH_INCOME,25,22.982805138314017,25,3.5000000000000004
90,WEAgent1,MALE_OLD,49,52.788545758061225,141,19.740000000000038
90,WEAgent0,FEMALE_OLD_HIGH_INCOME,8,8.06136222523164,57,7.9799999999999915
90,WFAgent0,FEMALE_OLD_HIGH_INCOME,8,6.39761276647517,15,2.099999999999999
90,WFAgent1,FEMALE_YOUNG_HIGH_INCOME,5,4.195949323391661,29,4.0600000000000005
90,WFAgent2,MALE_LOW_INCOME,69,74.56156794696825,386,54.04000000000018
90,WFAgent3,FEMALE_LOW_INCOME,83,88.74611669773175,496,69.44000000000024
90,WFAgent4,MALE_YOUNG,45,45.0215829024169,105,14.700000000000019
90,WFAgent5,OLD_HIGH_INCOME,23,21.078600402392656,0,0.0
91,WEAgent1,YOUNG_HIGH_INCOME,15,15.905704153605505,46,15.700316634477177
91,WEAgent0,MALE_YOUNG,45,36.2157206405788,20,10.075963069946356
91,WFAgent0,MALE_YOUNG,45,46.655436888526296,58,46.484168914262575
91,WFAgent1,FEMALE_YOUNG,42,39.30504979323283,280,39.20000000000012
91,WFAgent2,FEMALE_OLD_HIGH_INCOME,8,8.978408041685217,64,8.959999999999996
91,WFAgent3,OLD_HIGH_INCOME,23,23.239139920475612,22,3.08
91,WFAgent4,MALE_YOUNG_LOW_INCOME,35,32.00289327987681,228,31.920000000000087
91,WFAgent5,YOUNG_LOW_INCOME,72,57.704485548739754,103,14.420000000000018
92,WEAgent1,MALE_HIGH_INCOME,25,29.345617925690654,99,13.860000000000015
92,WEAgent0,FEMALE_YOUNG,42,39.119204104146654,19,2.6599999999999997
92,WFAgent0,FEMALE_HIGH_INCOME,13,13.196760361268957,14,13.039734701382217
92,WFAgent1,FEMALE_YOUNG_LOW_INCOME,38,39.87287328887411,284,39.76000000000012
92,WFAgent2,FEMALE_OLD_LOW_INCOME,46,48.46270811207559,346,48.440000000000154
92,WFAgent3,FEMALE_OLD,53,50.80550248785637,166,23.24000000000005
92,WFAgent4,MALE_YOUNG,45,41.003513008926404,0,0.0
92,WFAgent5,FEMALE_HIGH_INCOME,13,14.999515126830236,16,14.90255394443682
93,WEAgent1,MALE_OLD,49,50.249625976307826,158,22.120000000000047
93,WEAgent0,FEMALE_YOUNG_HIGH_INCOME,5,5.443244508589206,38,5.319999999999998
93,WFAgent0,YOUNG_LOW_INCOME,72,68.78080212536283,415,58.10000000000019
93,WFAgent1,FEMALE_OLD_LOW_INCOME,46,49.09158293387932,54,48.921912368901516
93,WFAgent2,OLD_LOW_INCOME,79,71.57094587302252,369,51.66000000000017
93,WFAgent3,FEMALE_OLD_LOW_INCOME,46,44.832767396763835,320,44.80000000000014
93,WFAgent4,YOUNG_HIGH_INCOME,15,13.359099539718112,95,13.300000000000013
93,WFAgent5,MALE_YOUNG_LOW_INCOME,35,35.30286205871008,252,35.2800000000001
94,WEAgent1,MALE_YOUNG,45,45.007264699020844,84,11.760000000000007
94,WEAgent0,MALE_YOUNG_LOW_INCOME,35,33.90595921955116,242,33.880000000000095
94,WFAgent0,MALE_LOW_INCOME,69,76.90203525159568,357,49.98000000000016
94,WFAgent1,MALE_YOUNG_LOW_INCOME,35,38.50850729483466,39,37.78092598749988
94,WFAgent2,FEMALE_OLD_HIGH_INCOME,8,9.510637914109095,67,9.379999999999997
94,WFAgent3,FEMALE_YOUNG_HIGH_INCOME,5,4.581769413923842,32,4.4799999999999995
94,WFAgent4,MALE_YOUNG,45,37.74856675540862,0,0.0
94,WFAgent5,MALE_YOUNG_HIGH_INCOME,10,11.369469594925707,13,10.905141507118046
95,WEAgent1,MALE_LOW_INCOME,69,67.46438275519259,371,51.94000000000017
95,WEAgent0,MALE_OLD_HIGH_INCOME,16,16.741965984640952,16,16.741965984640952
95,WFAgent0,FEMALE_YOUNG_LOW_INCOME,38,35.383034733508055,252,35.2800000000001
95,WFAgent1,OLD_LOW_INCOME,79,72.20671522744937,0,0.0
95,WFAgent2,MALE_OLD_HIGH_INCOME,16,16.857288442309898,68,16.77098299232051
95,WFAgent3,FEMALE_YOUNG_HIGH_INCOME,5,4.337650876078211,30,4.2
95,WFAgent4,MALE_YOUNG_HIGH_INCOME,10,10.55981439698498,75,10.500000000000002
95,WFAgent5,FEMALE_OLD_LOW_INCOME,46,51.457134392585715,367,51.380000000000166
96,WEAgent1,OLD_LOW_INCOME,79,91.17509260333262,345,48.30000000000015
96,WEAgent0,FEMALE_LOW_INCOME,83,86.05908050082826,427,59.7800000000002
96,WFAgent0,OLD_LOW_INCOME,79,84.96650025563471,0,0.0
96,WFAgent1,YOUNG_HIGH_INCOME,15,13.889038476562813,99,13.860000000000015
96,WFAgent2,FEMALE_OLD_LOW_INCOME,46,42.29238132440728,120,16.800000000000026
96,WFAgent3,FEMALE_YOUNG,42,48.47611309224689,52,7.279999999999993
96,WFAgent4,FEMALE_OLD_LOW_INCOME,46,47.912446678951184,342,47.88000000000015
96,WFAgent5,FEMALE_YOUNG,42,30.230676378815332,0,0.0
97,WEAgent1,YOUNG_LOW_INCOME,72,70.52986029478006,245,70.43954452278815
97,WEAgent0,MALE_YOUNG_LOW_INCOME,35,33.647364961308675,35,33.647364961308675
97,WFAgent0,OLD_HIGH_INCOME,23,25.358543425591204,81,11.340000000000005
97,WFAgent1,OLD_LOW_INCOME,79,87.95498213171439,349,48.860000000000156
97,WFAgent2,MALE_YOUNG_LOW_INCOME,35,36.757882030570606,38,36.53142481513513
97,WFAgent3,FEMALE_OLD_HIGH_INCOME,8,8.044714749711089,0,0.0
97,WFAgent4,MALE_OLD_HIGH_INCOME,16,16.905946336605982,120,16.800000000000026
97,WFAgent5,OLD_HIGH_INCOME,23,23.190137163742456,18,2.5199999999999996
98,WEAgent1,YOUNG_LOW_INCOME,72,82.50433850247877,404,56.56000000000019
98,WEAgent0,MALE_OLD_HIGH_INCOME,16,16.58698960534816,118,16.520000000000024
98,WFAgent0,MALE_HIGH_INCOME,25,26.509059577322454,102,14.280000000000017
98,WFAgent1,MALE_OLD_LOW_INCOME,34,35.387829156197775,252,35.2800000000001
98,WFAgent2,MALE_OLD_LOW_INCOME,34,31.823578801474408,107,14.98000000000002
98,WFAgent3,FEMALE_YOUNG,42,35.50038190326348,51,7.1399999999999935
98,WFAgent4,FEMALE_OLD_HIGH_INCOME,8,7.389556154147888,52,7.279999999999993
98,WFAgent5,YOUNG_HIGH_INCOME,15,14.573696377621145,0,0.0
99,WEAgent1,YOUNG_LOW_INCOME,72,82.65484779155344,350,49.000000000000156
99,WEAgent0,FEMALE_OLD,53,53.6370435443843,95,13.300000000000013
99,WFAgent0,MALE_YOUNG,45,48.45413264107058,98,13.720000000000015
99,WFAgent1,OLD_LOW_INCOME,79,73.191533731346,469,65.66000000000022
99,WFAgent2,FEMALE_OLD,53,52.4353068494372,0,0.0
99,WFAgent3,FEMALE_YOUNG_HIGH_INCOME,5,4.855863034255546,34,4.759999999999999
99,WFAgent4,YOUNG_LOW_INCOME,72,70.88548703090989,420,58.800000000000196
99,WFAgent5,MALE_LOW_INCOME,69,59.59435335980847,342,47.88000000000015

