0,WEAgent1,FEMALE_OLD,53,52.78482874754587,70,8.968286022420818
0,WEAgent2,MALE_LOW_INCOME,69,67.67650542309214,338,6.759999999999944
0,WEAgent0,FEMALE_HIGH_INCOME,13,12.451541171191014,0,0.0
0,WEAgent5,FEMALE_HIGH_INCOME,13,12.264426198793466,0,0.0
0,WEAgent6,FEMALE_OLD,53,51.19989489853808,53,51.19989489853804
0,WEAgent3,FEMALE_OLD_LOW_INCOME,46,48.33801222753298,50,48.30178764013023
0,WEAgent4,FEMALE_YOUNG,42,41.447421986812415,46,0.9200000000000005
0,WEAgent7,OLD_HIGH_INCOME,23,22.75664095748055,189,3.780000000000003
1,WEAgent1,FEMALE_HIGH_INCOME,13,9.853481959938993,79,1.580000000000001
1,WEAgent2,MALE_YOUNG_LOW_INCOME,35,35.77834827446149,334,6.6799999999999455
1,WEAgent0,MALE_LOW_INCOME,69,61.02973618897168,369,7.379999999999931
1,WEAgent5,MALE_OLD_HIGH_INCOME,16,15.708148332184813,172,3.4400000000000026
1,WEAgent6,FEMALE_YOUNG_HIGH_INCOME,5,4.444346656290757,0,0.0
1,WEAgent3,FEMALE_YOUNG,42,44.131819394224166,28,20.920567147741185
1,WEAgent4,YOUNG_HIGH_INCOME,15,16.113865262632125,117,15.618630748526835
1,WEAgent7,FEMALE_YOUNG_LOW_INCOME,38,34.399197896268056,407,8.139999999999915
2,WEAgent1,YOUNG_HIGH_INCOME,15,13.85614777197647,15,13.802092197013243
2,WEAgent2,MALE_YOUNG_LOW_INCOME,35,34.564863235243806,391,7.819999999999921
2,WEAgent0,FEMALE_HIGH_INCOME,13,11.96181323741148,13,11.961813237411478
2,WEAgent5,MALE_YOUNG,45,45.236931146150944,92,1.8400000000000012
2,WEAgent6,FEMALE_LOW_INCOME,83,46.950671004533845,82,46.3850002695395
2,WEAgent3,YOUNG_HIGH_INCOME,15,15.824784010162151,26,11.32167375761059
2,WEAgent4,FEMALE_LOW_INCOME,83,91.68356585365075,313,43.91128071461327
2,WEAgent7,MALE_LOW_INCOME,69,64.36207571658566,371,7.41999999999993
3,WEAgent1,YOUNG_HIGH_INCOME,15,14.32722237618666,51,1.0200000000000005
3,WEAgent2,FEMALE_OLD_HIGH_INCOME,8,7.8639568181784085,8,7.64118526729955
3,WEAgent0,FEMALE_YOUNG_HIGH_INCOME,5,5.0030488596036715,5,4.775740792062219
3,WEAgent5,OLD_LOW_INCOME,79,73.21552440377477,369,7.379999999999931
3,WEAgent6,FEMALE_LOW_INCOME,83,81.62647668657996,367,7.3399999999999315
3,WEAgent3,MALE_YOUNG_HIGH_INCOME,10,9.581796154444158,94,1.8800000000000012
3,WEAgent4,FEMALE_HIGH_INCOME,13,13.677591567075545,14,13.37207421777421
3,WEAgent7,FEMALE_OLD,53,59.91432544564074,61,5.895740792062195
4,WEAgent1,YOUNG_HIGH_INCOME,15,16.399457726880804,55,1.1000000000000005
4,WEAgent2,OLD_LOW_INCOME,79,83.90032238365708,143,77.18953499926064
4,WEAgent0,MALE_LOW_INCOME,69,76.70692145642481,84,76.00953499926088
4,WEAgent5,MALE_OLD_LOW_INCOME,34,38.97335016122347,43,38.90964291628827
4,WEAgent6,MALE_YOUNG_LOW_INCOME,35,31.670639583025373,378,7.559999999999927
4,WEAgent3,MALE_LOW_INCOME,69,71.79271533399307,79,71.48515791597151
4,WEAgent4,MALE_OLD_HIGH_INCOME,16,16.020447145077956,160,3.2000000000000024
4,WEAgent7,OLD_HIGH_INCOME,23,23.65098032809221,101,2.0200000000000014
5,WEAgent1,MALE_YOUNG_LOW_INCOME,35,37.542183555947595,357,7.139999999999936
5,WEAgent2,MALE_LOW_INCOME,69,66.22928338264546,69,66.2292833826454
5,WEAgent0,FEMALE_YOUNG_LOW_INCOME,38,38.0402882636798,406,8.119999999999916
5,WEAgent5,OLD_LOW_INCOME,79,78.09750756390095,223,72.12881744275984
5,WEAgent6,FEMALE_OLD,53,54.65118662915312,66,1.3200000000000007
5,WEAgent3,FEMALE_YOUNG,42,48.16617311824666,36,9.199032837760175
5,WEAgent4,MALE_LOW_INCOME,69,76.85029647264591,80,76.78757493640053
5,WEAgent7,YOUNG_HIGH_INCOME,15,13.018549256640279,66,12.342742689088224
6,WEAgent1,MALE_YOUNG_HIGH_INCOME,10,9.972215691407637,11,9.409205637452294
6,WEAgent2,FEMALE_YOUNG,42,41.266840765327,41,10.402112262007922
6,WEAgent0,FEMALE_YOUNG_HIGH_INCOME,5,5.872573293181537,0,0.0
6,WEAgent5,FEMALE_YOUNG_LOW_INCOME,38,35.29448027646815,371,28.18124323435038
6,WEAgent6,MALE_YOUNG_HIGH_INCOME,10,11.147807449403853,13,11.119970298807255
6,WEAgent3,FEMALE_YOUNG_LOW_INCOME,38,31.10335549635846,37,30.284846141191146
6,WEAgent4,FEMALE_HIGH_INCOME,13,11.396978935524126,62,10.822112262007918
6,WEAgent7,MALE_HIGH_INCOME,25,21.384558266937027,75,9.853823306774785
7,WEAgent1,MALE_YOUNG_LOW_INCOME,35,32.145120954519435,35,32.14512095451941
7,WEAgent2,FEMALE_OLD_HIGH_INCOME,8,7.222223126590634,0,0.0
7,WEAgent0,FEMALE_OLD,53,60.009011516984785,52,28.170259961578214
7,WEAgent5,OLD_HIGH_INCOME,23,26.249897079266653,23,25.419839164651968
7,WEAgent6,FEMALE_HIGH_INCOME,13,15.237750027734792,29,14.687735180020676
7,WEAgent3,MALE_YOUNG_LOW_INCOME,35,38.57400239924096,86,38.55571311815145
7,WEAgent4,MALE_OLD,49,54.155309524693344,160,3.2000000000000024
7,WEAgent7,FEMALE_OLD_HIGH_INCOME,8,8.224086495734552,0,0.0
8,WEAgent1,FEMALE_OLD_LOW_INCOME,46,42.80713511354553,463,9.259999999999891
8,WEAgent2,FEMALE_YOUNG,42,40.733076009218514,46,10.911203488734593
8,WEAgent0,MALE_OLD_LOW_INCOME,34,30.370879960730306,384,7.679999999999924
8,WEAgent5,MALE_YOUNG_HIGH_INCOME,10,9.827510095504113,10,9.282912262486006
8,WEAgent6,FEMALE_HIGH_INCOME,13,11.371965682954201,55,11.357199091957707
8,WEAgent3,MALE_YOUNG_LOW_INCOME,35,35.518022750985686,363,7.259999999999933
8,WEAgent4,YOUNG_HIGH_INCOME,15,13.924368393729008,43,13.576077167480394
8,WEAgent7,FEMALE_OLD_HIGH_INCOME,8,9.35080414701178,10,8.74766590996477
9,WEAgent1,OLD_LOW_INCOME,79,76.20377072406806,78,75.23916603135835
9,WEAgent2,OLD_HIGH_INCOME,23,20.373748737649258,79,1.580000000000001
9,WEAgent0,YOUNG_HIGH_INCOME,15,15.041864491842519,63,6.173954830614148
9,WEAgent5,YOUNG_LOW_INCOME,72,71.97537037587256,348,6.95999999999994
9,WEAgent6,FEMALE_YOUNG_HIGH_INCOME,5,6.229574005772764,6,6.016745796737007
9,WEAgent3,MALE_OLD_HIGH_INCOME,16,14.40610268221182,17,13.868489791807693
9,WEAgent4,MALE_LOW_INCOME,69,84.69427208293617,301,64.58549094800328
9,WEAgent7,MALE_OLD,49,39.973882341092775,142,28.305392549285017
10,WEAgent1,MALE_YOUNG_HIGH_INCOME,10,11.836373215342453,106,8.612063372404958
10,WEAgent2,OLD_HIGH_INCOME,23,17.07358854781698,87,1.740000000000001
10,WEAgent0,FEMALE_YOUNG_LOW_INCOME,38,34.02752827489849,412,8.239999999999913
10,WEAgent5,MALE_OLD_LOW_INCOME,34,35.52918170245306,308,28.46472482939946
10,WEAgent6,MALE_OLD_HIGH_INCOME,16,15.514293362551458,16,15.514293362551458
10,WEAgent3,MALE_OLD_LOW_INCOME,34,35.15093837270844,33,34.11708724409937
10,WEAgent4,MALE_OLD,49,49.36390342161781,151,36.257516730581706
10,WEAgent7,MALE_YOUNG_HIGH_INCOME,10,11.020105620675,10,11.020105620675
11,WEAgent1,FEMALE_OLD_HIGH_INCOME,8,8.017519208070391,63,7.055315785184947
11,WEAgent2,FEMALE_OLD_HIGH_INCOME,8,7.887087713579962,8,7.887087713579961
11,WEAgent0,YOUNG_LOW_INCOME,72,65.70962620319975,75,65.00495283422079
11,WEAgent5,MALE_YOUNG_LOW_INCOME,35,37.95019034416284,43,37.26950629161997
11,WEAgent6,MALE_LOW_INCOME,69,59.804556607483235,267,56.99069497183357
11,WEAgent3,FEMALE_HIGH_INCOME,13,12.56641899466233,46,0.9200000000000005
11,WEAgent4,MALE_YOUNG,45,52.786700565360576,68,23.37505031586323
11,WEAgent7,MALE_HIGH_INCOME,25,24.45124336740584,28,24.268515724775806
12,WEAgent1,OLD_HIGH_INCOME,23,24.660593936539964,95,1.9000000000000012
12,WEAgent2,FEMALE_OLD_LOW_INCOME,46,37.89688470699762,45,37.07303938728029
12,WEAgent0,FEMALE_HIGH_INCOME,13,13.344098648897708,47,0.9400000000000005
12,WEAgent5,MALE_OLD,49,44.95906057911305,180,3.6000000000000028
12,WEAgent6,FEMALE_OLD_LOW_INCOME,46,42.72601437714311,432,32.75535959152014
12,WEAgent3,FEMALE_YOUNG_LOW_INCOME,38,41.889115476940276,377,7.539999999999927
12,WEAgent4,OLD_LOW_INCOME,79,72.56723151802237,352,7.039999999999938
12,WEAgent7,YOUNG_LOW_INCOME,72,72.80566010151304,360,7.1999999999999345
13,WEAgent1,YOUNG_HIGH_INCOME,15,12.640732095487822,14,11.798016622455302
13,WEAgent2,YOUNG_LOW_INCOME,72,78.69272956926523,322,64.98371875018577
13,WEAgent0,FEMALE_YOUNG_LOW_INCOME,38,37.70452138122514,438,8.759999999999902
13,WEAgent5,MALE_LOW_INCOME,69,66.53349344778688,69,66.53349344778688
13,WEAgent6,FEMALE_YOUNG_HIGH_INCOME,5,4.8107230611043,0,0.0
13,WEAgent3,FEMALE_YOUNG,42,37.6838955910074,30,3.890861892130087
13,WEAgent4,MALE_OLD,49,52.91138437305036,150,3.000000000000002
13,WEAgent7,MALE_YOUNG,45,51.98812821394948,89,9.184439257292661
14,WEAgent1,FEMALE_OLD_LOW_INCOME,46,39.82843552899605,499,9.979999999999876
14,WEAgent2,FEMALE_LOW_INCOME,83,67.46501383582554,309,42.65024863190412
14,WEAgent0,FEMALE_YOUNG_LOW_INCOME,38,39.145734420796536,48,39.01591161589909
14,WEAgent5,FEMALE_YOUNG_LOW_INCOME,38,35.27226149764608,43,34.951754155909605
14,WEAgent6,YOUNG_HIGH_INCOME,15,14.899587723612676,62,1.2400000000000007
14,WEAgent3,MALE_OLD_HIGH_INCOME,16,17.6765830406015,153,3.0600000000000023
14,WEAgent4,MALE_YOUNG,45,48.69138720872833,91,11.583950043711159
14,WEAgent7,MALE_YOUNG_HIGH_INCOME,10,9.963950043711193,10,9.963950043711193
15,WEAgent1,FEMALE_YOUNG,42,42.65360691065392,52,1.0400000000000005
15,WEAgent2,FEMALE_YOUNG_LOW_INCOME,38,44.989152637046956,49,44.20105878381179
15,WEAgent0,FEMALE_YOUNG_LOW_INCOME,38,36.2101520779538,40,36.082496966376965
15,WEAgent5,FEMALE_YOUNG_LOW_INCOME,38,38.4681047103345,42,37.886621814695815
15,WEAgent6,FEMALE_LOW_INCOME,83,78.75208031358231,219,44.07280908717463
15,WEAgent3,MALE_OLD_LOW_INCOME,34,31.15049474672914,374,7.4799999999999285
15,WEAgent4,MALE_HIGH_INCOME,25,24.04860850345998,93,1.8600000000000012
15,WEAgent7,FEMALE_YOUNG_LOW_INCOME,38,34.27837211805811,37,33.37630969389869
16,WEAgent1,MALE_OLD_LOW_INCOME,34,33.893086430513954,34,33.10575624766893
16,WEAgent2,OLD_HIGH_INCOME,23,26.89589264943231,24,26.315425277251364
16,WEAgent0,FEMALE_YOUNG_LOW_INCOME,38,39.971410913945384,385,7.699999999999924
16,WEAgent5,FEMALE_OLD_HIGH_INCOME,8,9.310515116140563,0,0.0
16,WEAgent6,OLD_LOW_INCOME,79,76.92219834017187,344,42.16685238717009
16,WEAgent3,FEMALE_OLD,53,58.11323082059673,50,26.835425277251353
16,WEAgent4,MALE_YOUNG,45,45.103807114866754,124,2.4800000000000018
16,WEAgent7,FEMALE_YOUNG_HIGH_INCOME,5,4.334826424153428,50,1.0000000000000004
17,WEAgent1,FEMALE_YOUNG_HIGH_INCOME,5,5.458220577987402,55,1.1000000000000005
17,WEAgent2,MALE_YOUNG_LOW_INCOME,35,27.82331055830815,35,27.82331055830815
17,WEAgent0,MALE_OLD_HIGH_INCOME,16,18.165020314262446,177,3.5400000000000027
17,WEAgent5,OLD_LOW_INCOME,79,90.88429649894492,211,89.24919799300044
17,WEAgent6,FEMALE_YOUNG_LOW_INCOME,38,38.232541824662505,390,7.799999999999922
17,WEAgent3,OLD_LOW_INCOME,79,85.61466452511982,84,84.73177478386137
17,WEAgent4,MALE_OLD_LOW_INCOME,34,34.29619455537244,33,33.287482950802676
17,WEAgent7,YOUNG_LOW_INCOME,72,87.35855861844583,355,29.573600176883758
18,WEAgent1,FEMALE_YOUNG,42,47.772528831506904,46,47.15784741545974
18,WEAgent2,FEMALE_LOW_INCOME,83,95.83291170549096,286,70.05091814324749
18,WEAgent0,FEMALE_OLD_LOW_INCOME,46,47.15784741545973,247,47.157165031507354
18,WEAgent5,FEMALE_YOUNG,42,50.135354034098064,52,13.102047151859045
18,WEAgent6,FEMALE_YOUNG,42,44.4346732100507,43,44.08233562749497
18,WEAgent3,FEMALE_OLD_LOW_INCOME,46,48.11087960868523,46,47.15784741545974
18,WEAgent4,MALE_LOW_INCOME,69,73.60807369877944,350,6.999999999999939
18,WEAgent7,FEMALE_YOUNG_LOW_INCOME,38,39.69314887092002,38,38.956482647553685
19,WEAgent1,MALE_YOUNG,45,45.934584089506814,47,45.41859558367236
19,WEAgent2,FEMALE_OLD_HIGH_INCOME,8,8.301066357770424,87,1.740000000000001
19,WEAgent0,FEMALE_YOUNG_LOW_INCOME,38,37.648087213172445,391,7.819999999999921
19,WEAgent5,FEMALE_YOUNG,42,38.374835519385,52,1.0400000000000005
19,WEAgent6,MALE_OLD,49,30.948502860495616,145,2.900000000000002
19,WEAgent3,MALE_YOUNG,45,43.48588938862244,47,38.79412390099777
19,WEAgent4,MALE_YOUNG_HIGH_INCOME,10,10.355752075501865,10,9.663530975249431
19,WEAgent7,MALE_OLD_LOW_INCOME,34,40.700754723128135,350,6.999999999999939
20,WEAgent1,FEMALE_OLD,53,47.228368278052606,80,1.600000000000001
20,WEAgent2,MALE_YOUNG_HIGH_INCOME,10,9.159171146032318,9,8.243254031429087
20,WEAgent0,MALE_YOUNG,45,50.5089070611454,96,18.04650806285814
20,WEAgent5,FEMALE_YOUNG,42,40.90193155816237,430,31.49253231894977
20,WEAgent6,FEMALE_YOUNG,42,42.57337524763019,30,29.215665398687378
20,WEAgent3,MALE_LOW_INCOME,69,52.8622517393131,349,6.979999999999939
20,WEAgent4,MALE_OLD_HIGH_INCOME,16,16.928025344824228,149,2.980000000000002
20,WEAgent7,MALE_YOUNG_HIGH_INCOME,10,9.27869806326991,10,9.15917114603232
21,WEAgent1,MALE_YOUNG_LOW_INCOME,35,35.974609458111125,374,7.4799999999999285
21,WEAgent2,FEMALE_YOUNG,42,44.90591119665572,39,6.091322122192264
21,WEAgent0,FEMALE_YOUNG_LOW_INCOME,38,40.87896108677207,46,40.1127778851518
21,WEAgent5,FEMALE_HIGH_INCOME,13,10.123883941214231,62,9.586363334873568
21,WEAgent6,FEMALE_YOUNG_HIGH_INCOME,5,4.791613975374236,0,0.0
21,WEAgent3,MALE_OLD_LOW_INCOME,34,36.243078157038234,363,7.259999999999933
21,WEAgent4,FEMALE_LOW_INCOME,83,78.41219697313738,316,39.54865951132523
21,WEAgent7,FEMALE_YOUNG_LOW_INCOME,38,33.13664260077758,37,32.264625690230815
22,WEAgent1,YOUNG_LOW_INCOME,72,83.19395630454638,318,74.9777179801806
22,WEAgent2,FEMALE_OLD_HIGH_INCOME,8,7.8497298971164735,72,1.4400000000000008
22,WEAgent0,FEMALE_YOUNG_LOW_INCOME,38,38.36855499628345,407,8.139999999999915
22,WEAgent5,MALE_LOW_INCOME,69,56.43375047247124,69,56.43375047247118
22,WEAgent6,MALE_HIGH_INCOME,25,25.878083469802483,93,1.8600000000000012
22,WEAgent3,FEMALE_OLD_LOW_INCOME,46,45.9044346751539,482,9.639999999999883
22,WEAgent4,FEMALE_YOUNG_HIGH_INCOME,5,4.828389989802288,5,4.828389989802288
22,WEAgent7,FEMALE_HIGH_INCOME,13,14.165251375287461,40,4.582711991841818
23,WEAgent1,MALE_OLD,49,50.64660694413481,135,2.700000000000002
23,WEAgent2,OLD_HIGH_INCOME,23,21.75155448031653,71,1.4200000000000008
23,WEAgent0,MALE_LOW_INCOME,69,71.26000177837713,355,7.099999999999937
23,WEAgent5,MALE_YOUNG_LOW_INCOME,35,33.20486888214495,377,7.539999999999927
23,WEAgent6,MALE_YOUNG_HIGH_INCOME,10,9.470954421015449,83,7.222572652609236
23,WEAgent3,MALE_YOUNG_HIGH_INCOME,10,10.149921629637177,10,9.470954421015449
23,WEAgent4,FEMALE_LOW_INCOME,83,96.91277313131978,374,7.4799999999999285
23,WEAgent7,MALE_YOUNG_HIGH_INCOME,10,9.493706648647995,10,9.470954421015449
24,WEAgent1,FEMALE_LOW_INCOME,83,79.47060459807983,89,79.22919893963368
24,WEAgent2,YOUNG_LOW_INCOME,72,70.52139602232769,79,70.32704175540516
24,WEAgent0,FEMALE_OLD_LOW_INCOME,46,41.145944615283,499,9.979999999999876
24,WEAgent5,FEMALE_OLD,53,51.46730138434685,90,1.8000000000000012
24,WEAgent6,FEMALE_LOW_INCOME,83,78.36385163030958,137,76.70833606594206
24,WEAgent3,MALE_YOUNG_HIGH_INCOME,10,10.551119287057048,105,2.1000000000000014
24,WEAgent4,MALE_OLD_LOW_INCOME,34,35.12017195828294,347,6.93999999999994
24,WEAgent7,FEMALE_LOW_INCOME,83,73.88790462909651,82,72.99768891067372
25,WEAgent1,MALE_HIGH_INCOME,25,29.490468541326184,32,28.720903916906167
25,WEAgent2,FEMALE_OLD,53,56.41035264337392,67,15.870908181624685
25,WEAgent0,FEMALE_LOW_INCOME,83,89.40577009286177,316,68.7893399627419
25,WEAgent5,OLD_HIGH_INCOME,23,22.74072587849122,23,22.740725878491208
25,WEAgent6,MALE_YOUNG,45,40.38877113314927,65,39.033714638342715
25,WEAgent3,FEMALE_OLD_HIGH_INCOME,8,9.565400845756534,0,0.0
25,WEAgent4,FEMALE_LOW_INCOME,83,73.67326690149515,83,73.67326690149515
25,WEAgent7,MALE_YOUNG_LOW_INCOME,35,38.313484313279325,371,7.41999999999993
26,WEAgent1,OLD_HIGH_INCOME,23,18.74143330697925,23,18.74143330697925
26,WEAgent2,YOUNG_HIGH_INCOME,15,14.100990831558518,15,13.23734516400224
26,WEAgent0,MALE_HIGH_INCOME,25,25.717916676401387,29,25.59220065040432
26,WEAgent5,MALE_OLD_LOW_INCOME,34,25.410830517971164,345,6.899999999999941
26,WEAgent6,FEMALE_YOUNG,42,46.76167557950313,43,9.484896776001477
26,WEAgent3,OLD_HIGH_INCOME,23,22.001319131355007,43,20.73112315976005
26,WEAgent4,MALE_YOUNG,45,40.53220101777044,63,34.89709742640588
26,WEAgent7,FEMALE_YOUNG_LOW_INCOME,38,33.53460774880567,421,8.41999999999991
27,WEAgent1,FEMALE_HIGH_INCOME,13,14.33267512212345,53,7.487727475574017
27,WEAgent2,MALE_LOW_INCOME,69,66.04567457053473,381,7.6199999999999255
27,WEAgent0,MALE_HIGH_INCOME,25,25.03624925883566,24,24.034799288482244
27,WEAgent5,FEMALE_YOUNG_HIGH_INCOME,5,5.391510341547416,5,4.691233911124312
27,WEAgent6,MALE_YOUNG_LOW_INCOME,35,37.351303103388574,393,7.85999999999992
27,WEAgent3,MALE_YOUNG,45,47.406783522575836,84,33.08639905130982
27,WEAgent4,MALE_OLD_HIGH_INCOME,16,16.22553876089476,153,3.0600000000000023
27,WEAgent7,FEMALE_YOUNG_HIGH_INCOME,5,4.691233911124312,5,4.691233911124312
28,WEAgent1,FEMALE_LOW_INCOME,83,87.38589575313569,369,7.379999999999931
28,WEAgent2,FEMALE_OLD,53,49.44533256001101,85,1.700000000000001
28,WEAgent0,FEMALE_YOUNG_HIGH_INCOME,5,4.405127103237577,0,0.0
28,WEAgent5,MALE_HIGH_INCOME,25,23.188020978134066,103,22.02545846075795
28,WEAgent6,FEMALE_YOUNG,42,44.60750795818608,48,7.31264587387752
28,WEAgent3,MALE_YOUNG_LOW_INCOME,35,35.12770836506469,332,21.39473215645616
28,WEAgent4,YOUNG_HIGH_INCOME,15,16.160039961108268,17,15.767854265131163
28,WEAgent7,MALE_YOUNG_LOW_INCOME,35,36.17354009006942,36,36.13135717549511
29,WEAgent1,FEMALE_YOUNG,42,41.18846456163839,48,40.905689571503416
29,WEAgent2,MALE_OLD_HIGH_INCOME,16,18.380695990857582,144,2.880000000000002
29,WEAgent0,OLD_LOW_INCOME,79,84.00013165581439,262,63.000998880900426
29,WEAgent5,OLD_LOW_INCOME,79,68.68468987633943,78,67.8152634222086
29,WEAgent6,FEMALE_HIGH_INCOME,13,10.983523855046553,12,10.13863740465836
29,WEAgent3,FEMALE_YOUNG_LOW_INCOME,38,32.383670910773525,79,32.371469044700596
29,WEAgent4,FEMALE_OLD_HIGH_INCOME,8,8.58337329400835,57,8.563978053493749
29,WEAgent7,FEMALE_YOUNG,42,45.40360223603166,48,10.114220526802844
30,WEAgent1,FEMALE_YOUNG_HIGH_INCOME,5,5.537455544514945,8,5.535253382575817
30,WEAgent2,FEMALE_YOUNG_HIGH_INCOME,5,3.4595333641098858,5,3.4595333641098858
30,WEAgent0,FEMALE_OLD_HIGH_INCOME,8,7.579199064368835,8,7.281912613341347
30,WEAgent5,FEMALE_YOUNG_LOW_INCOME,38,40.32910951957252,363,7.259999999999933
30,WEAgent6,OLD_LOW_INCOME,79,87.04652095260542,372,7.439999999999929
30,WEAgent3,FEMALE_YOUNG_HIGH_INCOME,5,5.198635371552724,7,4.84334670975384
30,WEAgent4,YOUNG_HIGH_INCOME,15,16.542922929295937,48,9.02288007386371
30,WEAgent7,FEMALE_OLD,53,48.24267106338642,89,18.694542456685667
31,WEAgent1,YOUNG_LOW_INCOME,72,68.61587987178554,273,66.91957726000904
31,WEAgent2,FEMALE_OLD,53,61.864187322826936,98,1.9600000000000013
31,WEAgent0,FEMALE_YOUNG_LOW_INCOME,38,37.85747213332743,393,7.85999999999992
31,WEAgent5,MALE_YOUNG_HIGH_INCOME,10,9.132308308279596,99,1.9800000000000013
31,WEAgent6,MALE_OLD,49,43.70530607858368,140,2.800000000000002
31,WEAgent3,YOUNG_LOW_INCOME,72,68.48681155637401,72,68.48681155637394
31,WEAgent4,FEMALE_YOUNG_HIGH_INCOME,5,4.465771339777283,51,1.0200000000000005
31,WEAgent7,MALE_YOUNG_LOW_INCOME,35,34.96488106101851,36,34.24340577818697
32,WEAgent1,YOUNG_HIGH_INCOME,15,14.594213296703602,14,13.621265743590032
32,WEAgent2,MALE_OLD,49,49.85564075005663,157,3.1400000000000023
32,WEAgent0,MALE_LOW_INCOME,69,68.52225118688287,357,7.139999999999936
32,WEAgent5,YOUNG_HIGH_INCOME,15,15.87107087138521,26,11.002423084249303
32,WEAgent6,YOUNG_HIGH_INCOME,15,15.788352531944398,16,15.56716084981718
32,WEAgent3,FEMALE_YOUNG_HIGH_INCOME,5,5.261888377446457,0,0.0
32,WEAgent4,FEMALE_YOUNG_HIGH_INCOME,5,6.103449710704499,6,5.837685318681441
32,WEAgent7,YOUNG_LOW_INCOME,72,62.788824981239685,385,7.699999999999924
33,WEAgent1,MALE_OLD,49,59.142151874689475,129,2.580000000000002
33,WEAgent2,FEMALE_LOW_INCOME,83,84.21935161699668,413,8.259999999999913
33,WEAgent0,FEMALE_OLD_HIGH_INCOME,8,7.899274147269702,73,1.4600000000000009
33,WEAgent5,MALE_HIGH_INCOME,25,22.142094740056166,24,21.256410950453922
33,WEAgent6,MALE_YOUNG_LOW_INCOME,35,33.29544207311594,364,7.279999999999933
33,WEAgent3,MALE_YOUNG_HIGH_INCOME,10,11.679418643166281,13,11.513889264829208
33,WEAgent4,MALE_YOUNG,45,43.467726317334,74,30.047565056874127
33,WEAgent7,FEMALE_HIGH_INCOME,13,13.98860407354589,52,1.0400000000000005
34,WEAgent1,FEMALE_LOW_INCOME,83,82.07419868798453,407,8.139999999999915
34,WEAgent2,MALE_LOW_INCOME,69,72.48063582949557,225,61.5824775402114
34,WEAgent0,MALE_OLD_LOW_INCOME,34,34.27041306661976,34,34.14214200633052
34,WEAgent5,FEMALE_OLD_HIGH_INCOME,8,7.583170081579096,84,1.680000000000001
34,WEAgent6,MALE_OLD_LOW_INCOME,34,34.14214200633054,34,34.14214200633052
34,WEAgent3,MALE_OLD_HIGH_INCOME,16,14.211200185914448,153,3.0600000000000023
34,WEAgent4,FEMALE_OLD_LOW_INCOME,46,47.56985000604106,488,9.75999999999988
34,WEAgent7,MALE_LOW_INCOME,69,69.44971677999008,69,69.28846465990608
35,WEAgent1,OLD_HIGH_INCOME,23,20.371878849326354,72,1.4400000000000008
35,WEAgent2,MALE_OLD_LOW_INCOME,34,31.75122409515055,351,7.019999999999938
35,WEAgent0,FEMALE_LOW_INCOME,83,87.61257878662417,298,61.58343998202144
35,WEAgent5,MALE_YOUNG_LOW_INCOME,35,33.696955921537715,176,33.688645413977596
35,WEAgent6,FEMALE_YOUNG_HIGH_INCOME,5,5.606970679129498,58,1.1600000000000006
35,WEAgent3,YOUNG_LOW_INCOME,72,70.24545381862144,72,69.319452181449
35,WEAgent4,FEMALE_YOUNG_LOW_INCOME,38,37.44080161833897,38,36.585266429098105
35,WEAgent7,MALE_YOUNG_LOW_INCOME,35,35.29436734246658,36,34.659726090724526
36,WEAgent1,MALE_LOW_INCOME,69,75.34006905922561,283,62.56632374634737
36,WEAgent2,FEMALE_YOUNG_HIGH_INCOME,5,5.778891191689867,7,5.240199845686272
36,WEAgent0,FEMALE_YOUNG,42,31.441199074117634,44,3.7943999118207277
36,WEAgent5,MALE_LOW_INCOME,69,67.93146336437157,69,67.93146336437154
36,WEAgent6,FEMALE_LOW_INCOME,83,76.58022762609744,335,41.90348045081779
36,WEAgent3,FEMALE_OLD_LOW_INCOME,46,48.48982813159832,514,10.27999999999987
36,WEAgent4,FEMALE_YOUNG_LOW_INCOME,38,40.02635163942745,43,39.67409383038781
36,WEAgent7,MALE_HIGH_INCOME,25,22.928266030998305,109,2.1800000000000015
37,WEAgent1,YOUNG_HIGH_INCOME,15,14.327987975430254,44,3.4006747792757936
37,WEAgent2,FEMALE_OLD_HIGH_INCOME,8,8.474105889535211,9,7.742024337827378
37,WEAgent0,FEMALE_YOUNG_HIGH_INCOME,5,5.470507181704949,6,5.161349558551586
37,WEAgent5,FEMALE_HIGH_INCOME,13,12.205886526479087,14,12.0431489699537
37,WEAgent6,FEMALE_OLD_LOW_INCOME,46,46.046203623438004,482,9.639999999999883
37,WEAgent3,FEMALE_OLD,53,59.92901044717163,44,21.8856231606316
37,WEAgent4,YOUNG_LOW_INCOME,72,67.79141547758272,353,7.059999999999937
37,WEAgent7,MALE_YOUNG,45,38.71012168913689,103,2.0600000000000014
38,WEAgent1,FEMALE_OLD,53,47.846257670070166,41,29.92489106143676
38,WEAgent2,YOUNG_LOW_INCOME,72,72.59532376595195,298,71.72926465754891
38,WEAgent0,FEMALE_YOUNG_HIGH_INCOME,5,5.328554238334839,6,4.839712064016771
38,WEAgent5,MALE_YOUNG,45,42.772850957278045,111,2.2200000000000015
38,WEAgent6,FEMALE_HIGH_INCOME,13,12.189617164514553,62,6.746330741352876
38,WEAgent3,FEMALE_OLD,53,42.7507898988148,488,42.011365770781374
38,WEAgent4,OLD_HIGH_INCOME,23,22.019703395139214,146,2.920000000000002
38,WEAgent7,YOUNG_LOW_INCOME,72,72.11741873647158,72,72.11741873647145
39,WEAgent1,OLD_HIGH_INCOME,23,21.17271274396602,56,13.727738191979299
39,WEAgent2,YOUNG_LOW_INCOME,72,80.35628640759404,298,68.4788977016479
39,WEAgent0,OLD_HIGH_INCOME,23,21.29049524473824,23,21.17271274396602
39,WEAgent5,MALE_OLD,49,57.460186719282106,162,3.2400000000000024
39,WEAgent6,MALE_YOUNG_HIGH_INCOME,10,9.644358372974144,113,2.2600000000000016
39,WEAgent3,FEMALE_YOUNG_LOW_INCOME,38,35.69703106856844,403,8.059999999999917
39,WEAgent4,FEMALE_YOUNG_HIGH_INCOME,5,5.158925234509062,39,0.7800000000000004
39,WEAgent7,MALE_LOW_INCOME,69,66.28398178363817,70,65.75768881052079
40,WEAgent1,MALE_HIGH_INCOME,25,25.502389167172975,54,23.780913743558454
40,WEAgent2,FEMALE_OLD,53,61.82125151609361,76,1.520000000000001
40,WEAgent0,MALE_HIGH_INCOME,25,27.44299234548788,31,26.684012075937503
40,WEAgent5,MALE_YOUNG_HIGH_INCOME,10,9.353778686354422,10,8.607745830947575
40,WEAgent6,FEMALE_LOW_INCOME,83,82.36029128761575,327,68.56088382151779
40,WEAgent3,YOUNG_LOW_INCOME,72,70.1400559253745,72,70.14005592537445
40,WEAgent4,MALE_YOUNG_HIGH_INCOME,10,8.607745830947575,10,8.607745830947575
40,WEAgent7,MALE_OLD_LOW_INCOME,34,31.450635663002032,373,7.459999999999929
41,WEAgent1,MALE_YOUNG,45,47.444119761134466,47,47.43398855009716
41,WEAgent2,MALE_OLD_HIGH_INCOME,16,15.441123944346074,178,3.5600000000000027
41,WEAgent0,MALE_OLD_LOW_INCOME,34,28.873621501888476,341,6.8199999999999426
41,WEAgent5,FEMALE_OLD,53,54.81989299599623,86,1.720000000000001
41,WEAgent6,MALE_YOUNG,45,47.39398855009718,45,47.393988550097156
41,WEAgent3,MALE_YOUNG_LOW_INCOME,35,37.897375147958826,358,7.159999999999935
41,WEAgent4,FEMALE_LOW_INCOME,83,69.1875642191511,386,7.719999999999923
41,WEAgent7,FEMALE_YOUNG_HIGH_INCOME,5,6.443923604821771,48,0.9600000000000005
42,WEAgent1,FEMALE_LOW_INCOME,83,79.87723192098886,400,7.999999999999917
42,WEAgent2,MALE_OLD,49,47.942113869313665,147,13.651421743520135
42,WEAgent0,FEMALE_OLD_HIGH_INCOME,8,7.40006579127406,8,7.30094782901346
42,WEAgent5,MALE_OLD_HIGH_INCOME,16,15.380851604518254,16,14.601895658026926
42,WEAgent6,FEMALE_HIGH_INCOME,13,13.4226378592407,52,1.0400000000000005
42,WEAgent3,MALE_OLD_LOW_INCOME,34,31.02902827330721,33,30.116409794680543
42,WEAgent4,OLD_HIGH_INCOME,23,22.541711075319576,68,12.964040222146853
42,WEAgent7,MALE_LOW_INCOME,69,69.187311435675,329,30.680698922920314
43,WEAgent1,FEMALE_LOW_INCOME,83,106.70775010853913,403,8.059999999999917
43,WEAgent2,FEMALE_YOUNG,42,53.08171005069663,38,10.459416907655347
43,WEAgent0,MALE_HIGH_INCOME,25,22.54412933558036,88,14.986477601348186
43,WEAgent5,YOUNG_HIGH_INCOME,15,17.418265970858364,19,17.133538295041074
43,WEAgent6,OLD_LOW_INCOME,79,88.54463032053924,334,59.51926905551837
43,WEAgent3,YOUNG_HIGH_INCOME,15,14.22437116609957,15,13.526477601348217
43,WEAgent4,FEMALE_OLD_HIGH_INCOME,8,8.084018763709633,72,1.4400000000000008
43,WEAgent7,MALE_OLD_LOW_INCOME,34,39.75237981694396,35,39.22863368631483
44,WEAgent1,MALE_OLD,49,45.952008490737924,49,42.0929038944364
44,WEAgent2,FEMALE_YOUNG_LOW_INCOME,38,40.43464300014076,44,40.04595493848216
44,WEAgent0,MALE_OLD,49,42.09290389443642,49,42.0929038944364
44,WEAgent5,MALE_OLD,49,49.9705553342448,58,49.824253589332876
44,WEAgent6,FEMALE_LOW_INCOME,83,76.46307377596041,285,38.63500756190623
44,WEAgent3,FEMALE_OLD_LOW_INCOME,46,43.79329499302151,476,9.519999999999886
44,WEAgent4,FEMALE_YOUNG_LOW_INCOME,38,34.585142901416404,37,33.67500756190545
44,WEAgent7,FEMALE_OLD_HIGH_INCOME,8,9.265314413864632,81,1.620000000000001
45,WEAgent1,OLD_LOW_INCOME,79,88.10996772826387,84,87.16574009501677
45,WEAgent2,MALE_YOUNG,45,40.27661773169658,120,2.4000000000000017
45,WEAgent0,MALE_YOUNG_LOW_INCOME,35,31.32537204887795,34,30.430361418910017
45,WEAgent5,YOUNG_LOW_INCOME,72,76.22541395911442,85,76.07590354727505
45,WEAgent6,YOUNG_LOW_INCOME,72,82.900381733349,163,82.88596732708241
45,WEAgent3,FEMALE_OLD_LOW_INCOME,46,47.73361957584252,485,9.699999999999882
45,WEAgent4,OLD_LOW_INCOME,79,85.9670330403668,125,85.95036533084954
45,WEAgent7,FEMALE_YOUNG,42,44.63356409143852,46,0.9200000000000005
46,WEAgent1,OLD_LOW_INCOME,79,74.29998372904639,350,6.999999999999939
46,WEAgent2,MALE_YOUNG,45,48.19700286441199,53,45.262567630295976
46,WEAgent0,MALE_YOUNG,45,38.430481950251334,30,25.620321300167564
46,WEAgent5,OLD_HIGH_INCOME,23,24.59542370123201,27,24.23418568861844
46,WEAgent6,FEMALE_OLD,53,66.41027389349792,47,29.021997853177403
46,WEAgent3,FEMALE_HIGH_INCOME,13,11.668311627853322,13,11.668311627853322
46,WEAgent4,FEMALE_YOUNG,42,42.929532699517296,45,4.410249731647168
46,WEAgent7,MALE_YOUNG_LOW_INCOME,35,32.936693799900546,374,7.4799999999999285
47,WEAgent1,FEMALE_OLD_LOW_INCOME,46,49.85809265796832,465,9.29999999999989
47,WEAgent2,FEMALE_YOUNG_LOW_INCOME,38,36.40266937122362,38,36.402669371223595
47,WEAgent0,MALE_OLD_HIGH_INCOME,16,17.462579933648005,156,3.1200000000000023
47,WEAgent5,MALE_YOUNG_LOW_INCOME,35,41.29760993610211,377,7.539999999999927
47,WEAgent6,OLD_HIGH_INCOME,23,26.172879935932663,76,1.520000000000001
47,WEAgent3,FEMALE_HIGH_INCOME,13,15.063543042461141,53,1.0600000000000005
47,WEAgent4,FEMALE_YOUNG_LOW_INCOME,38,37.32550840557355,38,36.402669371223595
47,WEAgent7,MALE_YOUNG,45,46.87899205216895,99,1.9800000000000013
48,WEAgent1,FEMALE_YOUNG_LOW_INCOME,38,40.586478261667644,38,40.39946295723674
48,WEAgent2,OLD_LOW_INCOME,79,81.63869135070416,376,7.519999999999928
48,WEAgent0,FEMALE_LOW_INCOME,83,89.65973329550853,274,86.84521343853791
48,WEAgent5,FEMALE_LOW_INCOME,83,88.24093224870131,82,87.1777884866689
48,WEAgent6,YOUNG_HIGH_INCOME,15,15.235112933583496,15,15.235112933583494
48,WEAgent3,FEMALE_OLD,53,62.70484725312764,76,1.520000000000001
48,WEAgent4,MALE_YOUNG,45,49.98894573445003,97,11.896741955722293
48,WEAgent7,FEMALE_YOUNG,42,43.94958875748306,46,8.885393564577848
49,WEAgent1,YOUNG_HIGH_INCOME,15,18.550851549080594,78,18.36851240237325
49,WEAgent2,FEMALE_OLD_LOW_INCOME,46,48.034681022293995,93,48.03352376047283
49,WEAgent0,MALE_OLD,49,59.42551037422777,164,3.2800000000000025
49,WEAgent5,FEMALE_OLD_LOW_INCOME,46,40.99513382984426,46,40.99513382984425
49,WEAgent6,FEMALE_OLD,53,57.456331069775075,47,15.750375545811991
49,WEAgent3,FEMALE_OLD_HIGH_INCOME,8,8.008154525205864,0,0.0
49,WEAgent4,FEMALE_YOUNG,42,44.96234505622982,35,18.559044427521588
49,WEAgent7,OLD_HIGH_INCOME,23,23.109421638411337,25,22.27996403795884
50,WEAgent1,MALE_OLD_HIGH_INCOME,16,17.22006313915605,16,16.696290324859323
50,WEAgent2,MALE_OLD,49,51.132389119881694,158,28.747953632592633
50,WEAgent0,MALE_HIGH_INCOME,25,22.292647099354916,88,9.253686925307715
50,WEAgent5,FEMALE_LOW_INCOME,83,99.28049087788591,257,88.16148658514103
50,WEAgent6,YOUNG_LOW_INCOME,72,76.91544626056948,82,76.45057032946838
50,WEAgent3,OLD_HIGH_INCOME,23,21.3239451778602,81,1.620000000000001
50,WEAgent4,FEMALE_YOUNG_LOW_INCOME,38,35.428313079509714,38,35.428313079509714
50,WEAgent7,MALE_YOUNG_HIGH_INCOME,10,7.6936869253077464,9,6.924318232776973
51,WEAgent1,MALE_YOUNG,45,47.49052402099453,87,16.338701887190858
51,WEAgent2,YOUNG_LOW_INCOME,72,63.26979622810257,71,62.39104905826787
51,WEAgent0,FEMALE_HIGH_INCOME,13,12.796880741197297,14,12.30246037768661
51,WEAgent5,FEMALE_YOUNG_HIGH_INCOME,5,4.907060853366489,0,0.0
51,WEAgent6,OLD_HIGH_INCOME,23,22.11056439548048,82,7.6512301888432726
51,WEAgent3,FEMALE_YOUNG,42,37.04417986282215,46,7.789977358678046
51,WEAgent4,FEMALE_LOW_INCOME,83,84.00041301156334,307,83.42724528512733
51,WEAgent7,YOUNG_HIGH_INCOME,15,16.55453667676902,18,15.817449057025645
52,WEAgent1,MALE_LOW_INCOME,69,75.56132895947503,361,7.219999999999934
52,WEAgent2,MALE_YOUNG,45,47.68038901210339,64,40.23633958997922
52,WEAgent0,MALE_YOUNG,45,40.74171094429685,44,39.836339589979154
52,WEAgent5,OLD_HIGH_INCOME,23,21.59006515450192,22,20.651366669523583
52,WEAgent6,FEMALE_OLD_LOW_INCOME,46,40.40600312183093,46,40.40600312183091
52,WEAgent3,FEMALE_YOUNG_HIGH_INCOME,5,5.996765041562633,54,1.0800000000000005
52,WEAgent4,FEMALE_OLD_LOW_INCOME,46,47.41052621583367,224,47.39956861068631
52,WEAgent7,OLD_HIGH_INCOME,23,23.231475423305685,53,22.190065154501916
53,WEAgent1,FEMALE_OLD_HIGH_INCOME,8,8.786572947664668,8,8.786572947664668
53,WEAgent2,MALE_OLD_HIGH_INCOME,16,18.00478710464552,149,17.236458489497622
53,WEAgent0,YOUNG_HIGH_INCOME,15,13.703195593508983,44,0.8800000000000004
53,WEAgent5,MALE_HIGH_INCOME,25,23.611523111923173,100,2.0000000000000013
53,WEAgent6,OLD_HIGH_INCOME,23,27.13707159804621,68,8.908251329206559
53,WEAgent3,MALE_OLD_HIGH_INCOME,16,17.866410448612534,16,17.86641044861253
53,WEAgent4,FEMALE_OLD_HIGH_INCOME,8,9.964503878243603,9,9.884894566122751
53,WEAgent7,MALE_OLD_LOW_INCOME,34,28.762205542447077,368,7.359999999999931
54,WEAgent1,OLD_LOW_INCOME,79,92.6734287838257,308,84.82650439509135
54,WEAgent2,OLD_LOW_INCOME,79,85.56180874611186,78,84.47874787590808
54,WEAgent0,OLD_HIGH_INCOME,23,20.716845840180927,22,19.816113412346976
54,WEAgent5,FEMALE_OLD,53,56.20861248532667,48,10.64805670617347
54,WEAgent6,MALE_OLD,49,51.135468048027995,173,3.4600000000000026
54,WEAgent3,FEMALE_YOUNG_LOW_INCOME,38,38.460959524207325,372,7.439999999999929
54,WEAgent4,MALE_YOUNG_LOW_INCOME,35,39.23388552754642,381,7.6199999999999255
54,WEAgent7,MALE_YOUNG_HIGH_INCOME,10,8.84635270593468,95,1.9000000000000012
55,WEAgent1,FEMALE_HIGH_INCOME,13,12.607895498156774,13,12.332273265721366
55,WEAgent2,FEMALE_OLD,53,50.277729467940944,65,20.80136450616526
55,WEAgent0,MALE_OLD_HIGH_INCOME,16,16.10341465521952,164,3.2800000000000025
55,WEAgent5,FEMALE_YOUNG_HIGH_INCOME,5,4.969750735687026,53,1.0600000000000005
55,WEAgent6,MALE_YOUNG,45,42.46210367898698,94,8.895886232613334
55,WEAgent3,MALE_OLD_LOW_INCOME,34,36.25702256754476,357,7.139999999999936
55,WEAgent4,YOUNG_LOW_INCOME,72,69.5309109757545,370,7.39999999999993
55,WEAgent7,MALE_YOUNG_HIGH_INCOME,10,8.969857790766712,10,8.969857790766712
56,WEAgent1,FEMALE_HIGH_INCOME,13,12.609277677162915,58,6.304440598190065
56,WEAgent2,MALE_YOUNG_LOW_INCOME,35,34.12194248909742,350,6.999999999999939
56,WEAgent0,FEMALE_OLD_HIGH_INCOME,8,8.658356234600431,85,6.844440598190054
56,WEAgent5,OLD_LOW_INCOME,79,86.37508631737583,326,37.19506381547431
56,WEAgent6,MALE_OLD_LOW_INCOME,34,30.478633420745684,33,29.582203026017883
56,WEAgent3,MALE_HIGH_INCOME,25,23.53239417309464,107,2.1400000000000015
56,WEAgent4,FEMALE_OLD_HIGH_INCOME,8,7.019254130920117,8,7.019254130920117
56,WEAgent7,FEMALE_YOUNG_HIGH_INCOME,5,5.762842125580902,6,5.264440598190087
57,WEAgent1,FEMALE_YOUNG,42,40.89667984034408,137,40.889218895566096
57,WEAgent2,FEMALE_OLD,53,61.49596142345,73,18.62714850300458
57,WEAgent0,MALE_OLD_LOW_INCOME,34,30.770632703213195,34,30.770632703213174
57,WEAgent5,MALE_OLD_LOW_INCOME,34,32.0400500975876,341,30.7155024407868
57,WEAgent6,FEMALE_YOUNG,42,42.29189213326488,43,41.87041031273322
57,WEAgent3,FEMALE_HIGH_INCOME,13,13.14347684239841,13,12.65849614105888
57,WEAgent4,MALE_OLD,49,46.97747198452947,140,2.800000000000002
57,WEAgent7,FEMALE_YOUNG,42,44.587500988087776,43,2.76746094477829
58,WEAgent1,MALE_YOUNG_HIGH_INCOME,10,9.670557703107933,10,9.670557703107933
58,WEAgent2,MALE_YOUNG_LOW_INCOME,35,38.516325394347376,41,38.445774750257044
58,WEAgent0,MALE_YOUNG_HIGH_INCOME,10,10.92368064008085,89,10.303501932797106
58,WEAgent5,YOUNG_LOW_INCOME,72,67.51453126874411,72,67.5145312687441
58,WEAgent6,YOUNG_HIGH_INCOME,15,16.951533819321664,48,0.9600000000000005
58,WEAgent3,FEMALE_YOUNG_LOW_INCOME,38,41.542708100361686,370,7.39999999999993
58,WEAgent4,FEMALE_OLD_LOW_INCOME,46,50.27409865343239,493,9.859999999999879
58,WEAgent7,MALE_LOW_INCOME,69,65.13720945595585,278,63.375214860151736
59,WEAgent1,FEMALE_OLD_HIGH_INCOME,8,6.8532460909328,8,6.8532460909328
59,WEAgent2,FEMALE_LOW_INCOME,83,81.44091777350958,360,38.08413035139586
59,WEAgent0,FEMALE_OLD_LOW_INCOME,46,47.98505374609686,467,9.33999999999989
59,WEAgent5,FEMALE_YOUNG_LOW_INCOME,38,26.839932296733508,38,26.839932296733483
59,WEAgent6,FEMALE_HIGH_INCOME,13,12.632169314939205,14,11.9931806591324
59,WEAgent3,OLD_HIGH_INCOME,23,22.35524649745782,61,7.076590329566177
59,WEAgent4,OLD_LOW_INCOME,79,85.86381098645715,381,7.6199999999999255
59,WEAgent7,YOUNG_HIGH_INCOME,15,15.186691089814003,45,10.103213375032587
60,WEAgent1,MALE_YOUNG_HIGH_INCOME,10,7.457736607197221,9,6.7119629464775
60,WEAgent2,YOUNG_HIGH_INCOME,15,15.530387203467395,43,11.020831250076098
60,WEAgent0,FEMALE_LOW_INCOME,83,84.92249528890277,83,84.34989076319893
60,WEAgent5,FEMALE_LOW_INCOME,83,84.34989076319886,310,81.91604455425347
60,WEAgent6,MALE_HIGH_INCOME,25,21.373936177683735,111,12.380831250076069
60,WEAgent3,MALE_LOW_INCOME,69,61.241119465136634,69,61.241119465136585
60,WEAgent4,FEMALE_HIGH_INCOME,13,13.116547217050801,17,12.678152232235277
60,WEAgent7,OLD_LOW_INCOME,79,76.24239664362588,297,50.18517525684086
61,WEAgent1,FEMALE_LOW_INCOME,83,72.9244104547955,347,36.13265006582045
61,WEAgent2,YOUNG_LOW_INCOME,72,80.96386054828292,383,7.659999999999925
61,WEAgent0,MALE_HIGH_INCOME,25,27.527580436495043,93,1.8600000000000012
61,WEAgent5,FEMALE_YOUNG,42,42.13776798088466,46,7.788858839016419
61,WEAgent6,FEMALE_OLD_HIGH_INCOME,8,8.529295047365572,82,1.640000000000001
61,WEAgent3,MALE_OLD_LOW_INCOME,34,32.341940721170324,381,7.6199999999999255
61,WEAgent4,FEMALE_YOUNG_LOW_INCOME,38,36.17293242806725,41,36.02290154995923
61,WEAgent7,FEMALE_YOUNG_HIGH_INCOME,5,4.467314038649428,5,4.393036774385272
62,WEAgent1,YOUNG_LOW_INCOME,72,82.28190169614936,324,57.00618856009422
62,WEAgent2,MALE_OLD_LOW_INCOME,34,37.72453504772249,270,37.719336687265894
62,WEAgent0,FEMALE_YOUNG_HIGH_INCOME,5,4.3818413365931805,5,4.3818413365931805
62,WEAgent5,MALE_OLD,49,47.73367983893896,180,3.6000000000000028
62,WEAgent6,MALE_YOUNG_LOW_INCOME,35,41.5530246747115,36,41.14095084807468
62,WEAgent3,OLD_HIGH_INCOME,23,25.101565149242134,73,1.4600000000000009
62,WEAgent4,FEMALE_HIGH_INCOME,13,12.313772946421963,33,9.223682673186351
62,WEAgent7,MALE_OLD_LOW_INCOME,34,32.99933668726517,34,32.999336687265156
63,WEAgent1,FEMALE_YOUNG,42,35.7254152222622,42,35.7254152222622
63,WEAgent2,FEMALE_LOW_INCOME,83,90.52775903294324,317,68.63538432546723
63,WEAgent0,OLD_HIGH_INCOME,23,21.20172301958297,69,7.4632520332234105
63,WEAgent5,FEMALE_YOUNG,42,38.22551200530152,43,9.996656367735323
63,WEAgent6,MALE_YOUNG,45,53.245727413465104,95,1.9000000000000012
63,WEAgent3,MALE_LOW_INCOME,69,70.60044600417493,331,6.619999999999947
63,WEAgent4,FEMALE_OLD_HIGH_INCOME,8,7.112288037969643,8,7.112288037969642
63,WEAgent7,FEMALE_LOW_INCOME,83,74.99463825596355,88,74.85325094188265
64,WEAgent1,OLD_LOW_INCOME,79,92.61081741289635,239,65.38561403940203
64,WEAgent2,MALE_HIGH_INCOME,25,25.891501416055917,29,25.33440573440362
64,WEAgent0,MALE_OLD,49,52.73982665673147,185,3.700000000000003
64,WEAgent5,MALE_HIGH_INCOME,25,29.434047735956963,71,11.663202372856642
64,WEAgent6,FEMALE_YOUNG_HIGH_INCOME,5,4.358008762400627,52,1.0400000000000005
64,WEAgent3,MALE_OLD_LOW_INCOME,34,29.702406723093894,33,28.828806525355848
64,WEAgent4,FEMALE_OLD_LOW_INCOME,46,47.96168014896954,442,8.8399999999999
64,WEAgent7,OLD_LOW_INCOME,79,71.8579281682123,82,71.63521621452063
65,WEAgent1,FEMALE_OLD_LOW_INCOME,46,49.46498369439242,458,9.159999999999894
65,WEAgent2,MALE_LOW_INCOME,69,62.64953487170245,71,62.131796175217254
65,WEAgent0,MALE_YOUNG_LOW_INCOME,35,34.90674574160745,39,34.12873311033061
65,WEAgent5,MALE_LOW_INCOME,69,64.34108080819935,70,61.256700454439546
65,WEAgent6,MALE_YOUNG,45,39.93039197885502,45,39.37930743499685
65,WEAgent3,MALE_OLD,49,55.59428835200154,164,3.2800000000000025
65,WEAgent4,YOUNG_LOW_INCOME,72,68.12017349044599,55,48.13026464277393
65,WEAgent7,YOUNG_LOW_INCOME,72,63.00689189599497,68,59.50650901288413
66,WEAgent1,FEMALE_LOW_INCOME,83,79.59695470687849,423,8.459999999999908
66,WEAgent2,YOUNG_LOW_INCOME,72,74.85447843811417,330,40.40398035479158
66,WEAgent0,FEMALE_OLD_LOW_INCOME,46,51.3284798387695,50,51.0888830411421
66,WEAgent5,FEMALE_OLD_LOW_INCOME,46,51.0442621181516,49,50.067105380319255
66,WEAgent6,FEMALE_YOUNG,42,41.689764998227254,54,1.0800000000000005
66,WEAgent3,MALE_YOUNG_LOW_INCOME,35,35.2066459540147,36,34.52398035479066
66,WEAgent4,FEMALE_OLD,53,54.15421602361063,101,54.112438362787934
66,WEAgent7,FEMALE_OLD,53,59.57478289761175,54,16.106664912342616
67,WEAgent1,YOUNG_LOW_INCOME,72,83.08075214307812,389,7.779999999999922
67,WEAgent2,MALE_OLD_LOW_INCOME,34,34.91742849846418,336,6.719999999999945
67,WEAgent0,FEMALE_YOUNG_LOW_INCOME,38,41.63965329970651,396,7.919999999999919
67,WEAgent5,FEMALE_YOUNG,42,34.846735622067214,52,8.327157633300098
67,WEAgent6,MALE_OLD_HIGH_INCOME,16,14.39378906838028,163,3.2600000000000025
67,WEAgent3,FEMALE_YOUNG_HIGH_INCOME,5,4.748598251480761,5,4.148420907388954
67,WEAgent4,FEMALE_YOUNG_HIGH_INCOME,5,5.208365523236692,6,4.978105088866744
67,WEAgent7,FEMALE_OLD_HIGH_INCOME,8,6.494720510680117,77,1.540000000000001
68,WEAgent1,OLD_LOW_INCOME,79,85.15228138855447,292,59.410281527171676
68,WEAgent2,YOUNG_HIGH_INCOME,15,15.258376528996576,45,0.9000000000000005
68,WEAgent0,MALE_OLD_HIGH_INCOME,16,16.861316491304706,160,3.2000000000000024
68,WEAgent5,MALE_HIGH_INCOME,25,23.20649827996315,85,14.415639036779329
68,WEAgent6,MALE_YOUNG_HIGH_INCOME,10,10.466969905470366,11,10.210859243183783
68,WEAgent3,OLD_LOW_INCOME,79,78.52640437539094,79,78.52640437539091
68,WEAgent4,MALE_YOUNG_LOW_INCOME,35,36.82691521748596,362,7.239999999999934
68,WEAgent7,FEMALE_OLD,53,44.34294539164661,79,1.580000000000001
69,WEAgent1,FEMALE_YOUNG,42,41.20138699197231,46,5.377993072495638
69,WEAgent2,FEMALE_YOUNG_HIGH_INCOME,5,4.557993072495655,5,4.557993072495655
69,WEAgent0,MALE_YOUNG_LOW_INCOME,35,30.879667402246078,35,30.879667402246056
69,WEAgent5,MALE_LOW_INCOME,69,71.2488743011697,80,70.5820969194196
69,WEAgent6,MALE_YOUNG,45,47.717320394730635,98,14.031866960898391
69,WEAgent3,MALE_YOUNG_LOW_INCOME,35,36.83513343556736,41,36.17332467120252
69,WEAgent4,MALE_YOUNG_HIGH_INCOME,10,10.039758506779135,11,9.705038326420194
69,WEAgent7,YOUNG_LOW_INCOME,72,75.33214800994392,204,73.92437313091186
70,WEAgent1,MALE_YOUNG,45,44.267855349070395,106,2.1200000000000014
70,WEAgent2,MALE_OLD_HIGH_INCOME,16,16.53230095804869,142,2.840000000000002
70,WEAgent0,OLD_HIGH_INCOME,23,18.169714615602793,71,13.739801471723656
70,WEAgent5,YOUNG_LOW_INCOME,72,63.310066226194394,373,7.459999999999929
70,WEAgent6,FEMALE_YOUNG_LOW_INCOME,38,37.05680508146734,391,7.819999999999921
70,WEAgent3,FEMALE_YOUNG_HIGH_INCOME,5,5.911951102571021,6,5.200962411397934
70,WEAgent4,FEMALE_YOUNG,42,36.40673687978554,46,5.154135342831594
70,WEAgent7,FEMALE_OLD_HIGH_INCOME,8,8.845033288609734,11,8.689863511810032
71,WEAgent1,FEMALE_YOUNG,42,36.65162348718784,25,10.731892424910807
71,WEAgent2,OLD_LOW_INCOME,79,78.57373227545243,89,77.82612161180843
71,WEAgent0,MALE_OLD_HIGH_INCOME,16,18.263824252565048,146,2.920000000000002
71,WEAgent5,YOUNG_LOW_INCOME,72,77.60498101592779,295,69.98381034702872
71,WEAgent6,YOUNG_LOW_INCOME,72,62.96045793314854,72,62.96045793314842
71,WEAgent3,MALE_LOW_INCOME,69,80.29254141257577,304,76.14496597941813
71,WEAgent4,FEMALE_LOW_INCOME,83,73.61610415881256,401,8.019999999999918
71,WEAgent7,FEMALE_HIGH_INCOME,13,13.576382993713908,60,13.137207829062602
72,WEAgent1,FEMALE_OLD,53,53.431284533640174,68,13.751900234991016
72,WEAgent2,YOUNG_HIGH_INCOME,15,13.778096308620796,16,13.538026917323775
72,WEAgent0,MALE_HIGH_INCOME,25,27.251218178174803,89,15.82415359965648
72,WEAgent5,FEMALE_YOUNG,42,42.194522163688355,43,6.642886776329136
72,WEAgent6,FEMALE_HIGH_INCOME,13,12.986272494912152,15,12.691900234991039
72,WEAgent3,FEMALE_YOUNG_HIGH_INCOME,5,5.209325292255588,0,0.0
72,WEAgent4,FEMALE_HIGH_INCOME,13,10.999646870325567,13,10.999646870325567
72,WEAgent7,OLD_LOW_INCOME,79,89.13937590077919,350,6.999999999999939
73,WEAgent1,FEMALE_YOUNG_LOW_INCOME,38,33.71974491315897,37,32.83238320491797
73,WEAgent2,FEMALE_OLD_HIGH_INCOME,8,8.706469616388123,0,0.0
73,WEAgent0,FEMALE_LOW_INCOME,83,81.98970038875878,354,37.43765978843674
73,WEAgent5,FEMALE_OLD,53,48.28082224487274,67,20.941096026173565
73,WEAgent6,YOUNG_HIGH_INCOME,15,15.555384743079221,18,14.7778190402701
73,WEAgent3,MALE_OLD_LOW_INCOME,34,36.09475128410658,320,6.3999999999999515
73,WEAgent4,YOUNG_HIGH_INCOME,15,12.31484920022508,40,11.212869306861725
73,WEAgent7,OLD_HIGH_INCOME,23,25.883015151517434,28,25.50684948785728
74,WEAgent1,YOUNG_LOW_INCOME,72,76.51006652238804,78,75.83882610114682
74,WEAgent2,YOUNG_LOW_INCOME,72,70.00507024721239,250,66.89902175095516
74,WEAgent0,MALE_YOUNG_HIGH_INCOME,10,9.341310980777148,110,2.2000000000000015
74,WEAgent5,FEMALE_HIGH_INCOME,13,14.67333847089475,59,13.873874072250285
74,WEAgent6,MALE_OLD_HIGH_INCOME,16,14.111982482750491,16,14.111982482750488
74,WEAgent3,MALE_YOUNG_LOW_INCOME,35,39.25563065736081,40,38.89170569289576
74,WEAgent4,MALE_OLD,49,43.81398816035206,165,19.67797919826614
74,WEAgent7,FEMALE_YOUNG,42,36.382847402300825,32,9.948840986316876
75,WEAgent1,FEMALE_OLD_HIGH_INCOME,8,8.13573492656819,95,1.9000000000000012
75,WEAgent2,FEMALE_LOW_INCOME,83,80.73845123347199,350,30.818810612491433
75,WEAgent0,FEMALE_YOUNG_HIGH_INCOME,5,5.185301491233907,5,4.678701169246297
75,WEAgent5,YOUNG_LOW_INCOME,72,77.81535694862197,269,56.00404666018022
75,WEAgent6,FEMALE_YOUNG_LOW_INCOME,38,42.43775635757369,43,41.82835425348548
75,WEAgent3,FEMALE_YOUNG_HIGH_INCOME,5,4.678701169246297,5,4.678701169246297
75,WEAgent4,YOUNG_LOW_INCOME,72,65.386164202332,71,64.47802303285525
75,WEAgent7,MALE_OLD,49,49.6473301582747,157,3.1400000000000023
76,WEAgent1,FEMALE_YOUNG_HIGH_INCOME,5,4.415478573941551,5,4.415478573941551
76,WEAgent2,MALE_OLD_LOW_INCOME,34,36.34230312391442,362,7.239999999999934
76,WEAgent0,YOUNG_HIGH_INCOME,15,14.865316395343303,47,6.981670003518155
76,WEAgent5,FEMALE_OLD_HIGH_INCOME,8,7.787548290252488,8,7.108734953558278
76,WEAgent6,MALE_YOUNG_HIGH_INCOME,10,9.665930879626629,10,9.639678690542244
76,WEAgent3,MALE_YOUNG,45,43.378554107440095,80,13.871582297704888
76,WEAgent4,OLD_HIGH_INCOME,23,20.43761299148005,62,6.451551215168685
76,WEAgent7,MALE_YOUNG_HIGH_INCOME,10,10.78750144129854,11,10.603646559596468
77,WEAgent1,MALE_YOUNG_LOW_INCOME,35,26.88182619483035,377,7.539999999999927
77,WEAgent2,FEMALE_OLD_HIGH_INCOME,8,9.021471502578638,0,0.0
77,WEAgent0,OLD_HIGH_INCOME,23,21.787922868788637,25,21.763036474624815
77,WEAgent5,MALE_YOUNG_HIGH_INCOME,10,11.285658999129907,105,2.1000000000000014
77,WEAgent6,FEMALE_LOW_INCOME,83,77.03073686872449,309,68.26833069059697
77,WEAgent3,OLD_LOW_INCOME,79,74.9580658678389,346,6.91999999999994
77,WEAgent4,FEMALE_OLD,53,46.137637326204626,48,22.223036474624806
77,WEAgent7,YOUNG_LOW_INCOME,72,71.30127966761646,92,70.66080028355417
78,WEAgent1,MALE_OLD_LOW_INCOME,34,33.094799456248126,34,32.15079398243631
78,WEAgent2,FEMALE_YOUNG_HIGH_INCOME,5,3.496453810375634,0,0.0
78,WEAgent0,MALE_YOUNG_HIGH_INCOME,10,10.106243007104576,110,2.2000000000000015
78,WEAgent5,FEMALE_HIGH_INCOME,13,11.204902099941952,63,7.153408823045645
78,WEAgent6,FEMALE_HIGH_INCOME,13,13.537849427741808,15,12.92873319224072
78,WEAgent3,FEMALE_YOUNG,42,43.12368649863181,44,0.8800000000000004
78,WEAgent4,OLD_LOW_INCOME,79,74.70331542977846,316,39.64201715787462
78,WEAgent7,FEMALE_OLD_LOW_INCOME,46,51.148753506350026,469,9.379999999999889
79,WEAgent1,FEMALE_YOUNG_LOW_INCOME,38,37.52455944759652,391,7.819999999999921
79,WEAgent2,YOUNG_LOW_INCOME,72,78.35859579201906,81,77.44133297718737
79,WEAgent0,MALE_YOUNG,45,48.894051919105415,80,37.36448240028965
79,WEAgent5,FEMALE_OLD_LOW_INCOME,46,43.36328807235956,414,38.728445791041594
79,WEAgent6,FEMALE_OLD_LOW_INCOME,46,47.95007663469674,50,47.13400877430384
79,WEAgent3,MALE_HIGH_INCOME,25,27.44030495720022,30,27.423361800217133
79,WEAgent4,MALE_LOW_INCOME,69,65.9685429064929,209,65.96034538881909
79,WEAgent7,MALE_YOUNG_HIGH_INCOME,10,9.14112060007238,10,9.141120600072378
80,WEAgent1,FEMALE_YOUNG_HIGH_INCOME,5,4.7057826240948515,41,0.8200000000000004
80,WEAgent2,MALE_LOW_INCOME,69,63.60362070347313,81,63.07182045437245
80,WEAgent0,FEMALE_OLD_HIGH_INCOME,8,7.668020826341163,61,1.2200000000000006
80,WEAgent5,OLD_LOW_INCOME,79,61.514491554264524,233,56.249182603671215
80,WEAgent6,FEMALE_YOUNG_LOW_INCOME,38,33.82331328343722,397,7.939999999999919
80,WEAgent3,MALE_YOUNG_HIGH_INCOME,10,9.021643231549415,111,2.2200000000000015
80,WEAgent4,MALE_OLD_LOW_INCOME,34,35.44196115524136,45,35.03990025242914
80,WEAgent7,MALE_YOUNG_LOW_INCOME,35,38.982250148606724,387,7.739999999999923
81,WEAgent1,FEMALE_OLD,53,61.123863062153355,82,1.640000000000001
81,WEAgent2,MALE_YOUNG,45,44.14660137503695,45,44.14660137503692
81,WEAgent0,MALE_OLD,49,52.235737550734385,127,17.163862170389834
81,WEAgent5,OLD_LOW_INCOME,79,72.5936193074776,368,7.359999999999931
81,WEAgent6,MALE_YOUNG,45,45.22584721122982,55,40.50245903058925
81,WEAgent3,MALE_OLD_HIGH_INCOME,16,14.083634983896353,15,13.203407797402836
81,WEAgent4,MALE_OLD_HIGH_INCOME,16,17.625538735455102,20,17.604543729870446
81,WEAgent7,FEMALE_LOW_INCOME,83,86.6782903313495,404,8.079999999999917
82,WEAgent1,FEMALE_OLD_LOW_INCOME,46,44.534135491922726,472,9.439999999999888
82,WEAgent2,FEMALE_HIGH_INCOME,13,12.940339676654318,67,1.3400000000000007
82,WEAgent0,OLD_LOW_INCOME,79,78.89261262586987,359,7.179999999999935
82,WEAgent5,MALE_OLD_HIGH_INCOME,16,16.922791296378513,173,3.4600000000000026
82,WEAgent6,MALE_YOUNG,45,42.98915185590078,66,28.44412008491383
82,WEAgent3,FEMALE_OLD_HIGH_INCOME,8,8.431631567300846,83,1.660000000000001
82,WEAgent4,MALE_YOUNG_LOW_INCOME,35,34.07684574754779,340,6.799999999999943
82,WEAgent7,MALE_HIGH_INCOME,25,26.96289298199704,28,26.74880559922716
83,WEAgent1,MALE_HIGH_INCOME,25,27.30564435904472,79,1.580000000000001
83,WEAgent2,MALE_OLD_LOW_INCOME,34,39.13777081423994,40,38.66478425458257
83,WEAgent0,FEMALE_HIGH_INCOME,13,12.98506141442714,14,12.774925588764836
83,WEAgent5,MALE_LOW_INCOME,69,69.74959109597731,221,69.73675283915439
83,WEAgent6,MALE_LOW_INCOME,69,66.69675283915493,68,65.73013323279044
83,WEAgent3,FEMALE_OLD,53,62.18661412756041,53,14.447420273676594
83,WEAgent4,YOUNG_HIGH_INCOME,15,13.687420273676604,44,0.8800000000000004
83,WEAgent7,FEMALE_HIGH_INCOME,13,12.317339818557889,13,11.862430903853062
84,WEAgent1,MALE_YOUNG,45,47.8597663251538,93,1.8600000000000012
84,WEAgent2,FEMALE_HIGH_INCOME,13,13.644090150668713,13,13.409120383387286
84,WEAgent0,FEMALE_OLD_HIGH_INCOME,8,8.773038661780978,0,0.0
84,WEAgent5,MALE_OLD,49,54.57065201587371,154,22.639706454397956
84,WEAgent6,FEMALE_HIGH_INCOME,13,13.538593353494036,13,13.409120383387286
84,WEAgent3,MALE_OLD_HIGH_INCOME,16,17.399960002692797,18,17.125462675198293
84,WEAgent4,OLD_LOW_INCOME,79,75.16175285225918,327,6.5399999999999485
84,WEAgent7,FEMALE_OLD,53,54.66795233227125,56,18.315003578275668
85,WEAgent1,MALE_OLD_HIGH_INCOME,16,20.526837973030506,168,3.3600000000000025
85,WEAgent2,FEMALE_HIGH_INCOME,13,13.386977836132495,16,12.722753473733226
85,WEAgent0,MALE_LOW_INCOME,69,57.327091100083734,350,6.999999999999939
85,WEAgent5,MALE_YOUNG_LOW_INCOME,35,31.824512665596252,376,7.519999999999928
85,WEAgent6,FEMALE_HIGH_INCOME,13,13.487663905188516,16,12.722753473733226
85,WEAgent3,OLD_HIGH_INCOME,23,18.288958118491507,22,17.493786026383187
85,WEAgent4,MALE_HIGH_INCOME,25,32.40212763908882,98,1.9600000000000013
85,WEAgent7,OLD_HIGH_INCOME,23,21.540584329839096,39,18.608958118491508
86,WEAgent1,FEMALE_HIGH_INCOME,13,12.618311959126709,14,12.130139835966604
86,WEAgent2,MALE_LOW_INCOME,69,73.24280551675756,370,7.39999999999993
86,WEAgent0,FEMALE_OLD_HIGH_INCOME,8,7.728060820096812,8,6.931508477695202
86,WEAgent5,YOUNG_LOW_INCOME,72,62.3835762992568,382,7.639999999999925
86,WEAgent6,OLD_HIGH_INCOME,23,25.321289766575102,65,14.843016955390384
86,WEAgent3,FEMALE_OLD_HIGH_INCOME,8,8.814714484631665,10,8.664385597119002
86,WEAgent4,MALE_OLD,49,56.45437393243873,171,3.4200000000000026
86,WEAgent7,FEMALE_HIGH_INCOME,13,15.224974569687394,28,6.485069917983292
87,WEAgent1,MALE_YOUNG,45,44.805158081184835,81,14.755877699883733
87,WEAgent2,MALE_HIGH_INCOME,25,22.699449098514755,28,22.195563270396775
87,WEAgent0,FEMALE_OLD_LOW_INCOME,46,46.62540486468109,487,9.739999999999881
87,WEAgent5,FEMALE_OLD_HIGH_INCOME,8,9.926427152075117,101,2.0200000000000014
87,WEAgent6,FEMALE_HIGH_INCOME,13,12.012308466531811,13,12.012308466531808
87,WEAgent3,FEMALE_HIGH_INCOME,13,14.068282093732751,30,10.544261010142291
87,WEAgent4,YOUNG_LOW_INCOME,72,74.6508829557421,376,7.519999999999928
87,WEAgent7,MALE_OLD,49,38.842235723194364,167,3.3400000000000025
88,WEAgent1,FEMALE_YOUNG_LOW_INCOME,38,47.91229231377196,54,47.510770155659166
88,WEAgent2,OLD_LOW_INCOME,79,72.89126329848055,350,6.999999999999939
88,WEAgent0,YOUNG_LOW_INCOME,72,63.34769354087886,337,43.7126503091369
88,WEAgent5,MALE_YOUNG_HIGH_INCOME,10,9.823930745899002,10,9.36882136208205
88,WEAgent6,MALE_YOUNG_HIGH_INCOME,10,11.199912993375253,77,8.875057089665612
88,WEAgent3,MALE_YOUNG_LOW_INCOME,35,33.33425102667858,371,7.41999999999993
88,WEAgent4,YOUNG_HIGH_INCOME,15,14.631692395743023,62,1.2400000000000007
88,WEAgent7,MALE_YOUNG_HIGH_INCOME,10,9.36882136208205,10,9.36882136208205
89,WEAgent1,YOUNG_HIGH_INCOME,15,16.08100686906447,29,15.191285139622789
89,WEAgent2,FEMALE_YOUNG,42,39.194623491509844,40,7.192437248584961
89,WEAgent0,FEMALE_OLD_LOW_INCOME,46,40.137339660127736,46,40.137339660127736
89,WEAgent5,FEMALE_OLD,53,57.22191374126563,72,13.37571207047363
89,WEAgent6,FEMALE_OLD_HIGH_INCOME,8,8.19367690359094,9,7.852957759590208
89,WEAgent3,MALE_YOUNG_HIGH_INCOME,10,9.935251666595752,10,9.332053212264249
89,WEAgent4,FEMALE_OLD_LOW_INCOME,46,48.11544966618167,359,48.102441384482084
89,WEAgent7,FEMALE_YOUNG_LOW_INCOME,38,39.28712271949444,415,8.299999999999912
90,WEAgent1,MALE_OLD_HIGH_INCOME,16,15.492196137446145,151,3.0200000000000022
90,WEAgent2,FEMALE_HIGH_INCOME,13,14.332235346976134,14,14.00121210024264
90,WEAgent0,MALE_YOUNG,45,46.110953445490765,105,2.1000000000000014
90,WEAgent5,FEMALE_LOW_INCOME,83,90.76560000306272,401,8.019999999999918
90,WEAgent6,MALE_LOW_INCOME,69,78.05405142556148,315,56.76345253022792
90,WEAgent3,FEMALE_OLD_LOW_INCOME,46,51.34636198535201,495,9.899999999999878
90,WEAgent4,MALE_OLD_LOW_INCOME,34,31.875588836867667,34,31.875588836867667
90,WEAgent7,FEMALE_OLD,53,53.00458866520426,74,13.241038943065092
91,WEAgent1,YOUNG_LOW_INCOME,72,77.2563045582788,200,73.9370196561426
91,WEAgent2,MALE_OLD_HIGH_INCOME,16,17.077097598894493,16,17.07709759889449
91,WEAgent0,YOUNG_LOW_INCOME,72,70.16189330301421,75,69.62047369104846
91,WEAgent5,MALE_LOW_INCOME,69,64.95475938035023,69,64.05083579576458
91,WEAgent6,MALE_HIGH_INCOME,25,27.281975999778496,29,26.919916493872073
91,WEAgent3,OLD_LOW_INCOME,79,73.33356562123774,362,7.239999999999934
91,WEAgent4,MALE_OLD_HIGH_INCOME,16,17.43808272048659,16,17.07709759889449
91,WEAgent7,MALE_YOUNG,45,54.38946356144372,91,33.60955438915612
92,WEAgent1,FEMALE_LOW_INCOME,83,87.51864702242754,379,29.266423278148604
92,WEAgent2,FEMALE_YOUNG,42,40.44129468183685,41,39.478406713221695
92,WEAgent0,MALE_OLD_HIGH_INCOME,16,15.747841211195903,165,3.3000000000000025
92,WEAgent5,FEMALE_OLD_HIGH_INCOME,8,6.500548023064436,70,1.4000000000000008
92,WEAgent6,OLD_LOW_INCOME,79,71.49348243183192,371,7.41999999999993
92,WEAgent3,MALE_YOUNG,45,42.58825945758655,105,8.584840360068979
92,WEAgent4,FEMALE_YOUNG,42,43.514202254044015,54,2.965775937230327
92,WEAgent7,MALE_YOUNG_HIGH_INCOME,10,11.206713392770563,11,10.410463422965602
93,WEAgent1,MALE_OLD_HIGH_INCOME,16,18.600719574403584,20,18.213546726041326
93,WEAgent2,FEMALE_YOUNG,42,37.7849256120089,42,37.784925612008884
93,WEAgent0,MALE_OLD,49,54.22395319878771,129,13.268128035624745
93,WEAgent5,FEMALE_YOUNG,42,43.421994154768264,45,6.177846516001255
93,WEAgent6,FEMALE_LOW_INCOME,83,85.61409892507761,362,38.02743801000835
93,WEAgent3,MALE_YOUNG_HIGH_INCOME,10,10.518040017139858,98,1.9600000000000013
93,WEAgent4,FEMALE_HIGH_INCOME,13,13.148967490864646,71,1.4200000000000008
93,WEAgent7,OLD_LOW_INCOME,79,71.94350956786323,361,7.219999999999934
94,WEAgent1,MALE_OLD_LOW_INCOME,34,31.8270472980444,35,31.42952481314242
94,WEAgent2,MALE_OLD_HIGH_INCOME,16,17.39745074478106,152,3.0400000000000023
94,WEAgent0,MALE_HIGH_INCOME,25,26.62611992859993,79,13.763691737603986
94,WEAgent5,FEMALE_OLD_LOW_INCOME,46,48.62347909806258,487,9.739999999999881
94,WEAgent6,MALE_YOUNG_HIGH_INCOME,10,8.902636955431435,9,8.012373259888294
94,WEAgent3,YOUNG_LOW_INCOME,72,66.33019349437113,367,7.3399999999999315
94,WEAgent4,MALE_OLD_LOW_INCOME,34,30.531538389909773,253,30.521606273746478
94,WEAgent7,FEMALE_YOUNG_HIGH_INCOME,5,4.9300747555410505,39,0.7800000000000004
95,WEAgent1,FEMALE_YOUNG,42,36.18182918811912,51,1.0200000000000005
95,WEAgent2,MALE_OLD_LOW_INCOME,34,37.67164378175447,361,7.219999999999934
95,WEAgent0,FEMALE_OLD,53,54.38540089571064,46,41.65398387304895
95,WEAgent5,MALE_OLD,49,55.628879408926856,161,3.2200000000000024
95,WEAgent6,FEMALE_OLD,53,47.99263359286075,524,46.78637693032675
95,WEAgent3,MALE_YOUNG_HIGH_INCOME,10,9.988403993349406,48,9.96883722868201
95,WEAgent4,FEMALE_HIGH_INCOME,13,14.593465237323674,0,0.0
95,WEAgent7,MALE_YOUNG_HIGH_INCOME,10,9.208837228682029,10,9.208837228682027
96,WEAgent1,OLD_HIGH_INCOME,23,27.239794739475382,26,26.578027171997668
96,WEAgent2,OLD_LOW_INCOME,79,85.80123997390933,324,49.123665809575186
96,WEAgent0,MALE_OLD_LOW_INCOME,34,38.44784883893506,35,38.013207583377515
96,WEAgent5,FEMALE_YOUNG_LOW_INCOME,38,35.862405773176825,38,35.86240577317682
96,WEAgent6,MALE_OLD,49,50.089358901072565,78,43.65373620091942
96,WEAgent3,FEMALE_YOUNG_HIGH_INCOME,5,5.809247360489783,45,0.9000000000000005
96,WEAgent4,FEMALE_LOW_INCOME,83,98.298424899973,402,43.142405773177956
96,WEAgent7,MALE_OLD,49,52.64671731190822,51,52.13382252968773
97,WEAgent1,MALE_LOW_INCOME,69,76.78287714759064,88,76.57754676716822
97,WEAgent2,YOUNG_LOW_INCOME,72,81.45533305518549,279,81.24774616224892
97,WEAgent0,FEMALE_YOUNG,42,40.36374617190994,43,0.8600000000000004
97,WEAgent5,MALE_OLD,49,50.26531086373541,57,49.60136551964305
97,WEAgent6,MALE_OLD,49,54.17324189477223,105,52.26176430980611
97,WEAgent3,FEMALE_YOUNG_LOW_INCOME,38,43.2095497381443,426,8.519999999999907
97,WEAgent4,OLD_LOW_INCOME,79,68.74575221143516,373,7.459999999999929
97,WEAgent7,FEMALE_OLD,53,52.71044109820676,80,1.600000000000001
98,WEAgent1,FEMALE_YOUNG,42,38.50021328944589,56,1.1200000000000006
98,WEAgent2,YOUNG_LOW_INCOME,72,88.43417002174345,263,71.84794119859347
98,WEAgent0,MALE_OLD_HIGH_INCOME,16,15.651368638147677,18,15.531935969299965
98,WEAgent5,FEMALE_OLD_LOW_INCOME,46,45.22406689109208,477,9.539999999999885
98,WEAgent6,MALE_OLD,49,46.40030791446584,131,11.89173864790548
98,WEAgent3,MALE_YOUNG_LOW_INCOME,35,37.35775684214124,43,37.104069259994354
98,WEAgent4,MALE_LOW_INCOME,69,63.85671585089112,74,63.85351454045531
98,WEAgent7,OLD_LOW_INCOME,79,68.16794119859426,354,7.079999999999937
99,WEAgent1,OLD_LOW_INCOME,79,88.29485504973582,129,84.71121124762475
99,WEAgent2,MALE_HIGH_INCOME,25,26.42886100316364,95,1.9000000000000012
99,WEAgent0,FEMALE_YOUNG_HIGH_INCOME,5,5.34870809230884,5,4.966314803820378
99,WEAgent5,OLD_LOW_INCOME,79,83.51686174173683,90,83.02867046468397
99,WEAgent6,FEMALE_YOUNG_HIGH_INCOME,5,5.234965457473431,5,4.966314803820378
99,WEAgent3,MALE_OLD,49,47.28862186514045,51,47.04957992998765
99,WEAgent4,FEMALE_YOUNG,42,41.71704435209117,42,7.652840725348515
99,WEAgent7,OLD_LOW_INCOME,79,72.88072185233376,79,72.88072185233376

