0,WFAgent6,MALE_OLD_LOW_INCOME,32,30.42028158071258,32,30.23847496107926
0,WFAgent7,OLD_LOW_INCOME,75,79.05543261401641,82,78.66477538702826
0,WFAgent8,FEMALE_OLD_HIGH_INCOME,8,8.853514549897719,8,8.663758459974334
0,WFAgent9,YOUNG_LOW_INCOME,68,67.38704173947386,237,0.0
0,SIAgent10,FEMALE_OLD_HIGH_INCOME,8,7.634107440346732,35,0.0
0,SIAgent11,FEMALE_LOW_INCOME,78,74.8274692705879,88,74.44603394522223
0,SIAgent12,YOUNG_LOW_INCOME,68,70.2814958296236,69,70.19032473685711
0,SIAgent13,MALE_OLD_HIGH_INCOME,15,17.870813752534417,15,16.83889712451126
0,SIAgent14,FEMALE_HIGH_INCOME,12,12.184158943631752,12,11.470827608301779
0,SIAgent15,MALE_OLD,46,48.067054955479705,49,47.524077949423784
0,SIAgent16,FEMALE_OLD_HIGH_INCOME,8,7.714156077952659,8,7.634107440346732
0,SIAgent17,FEMALE_OLD_LOW_INCOME,43,45.98218688653661,46,45.519505404770015
0,SIAgent18,FEMALE_YOUNG,40,32.673232240708856,135,30.22273982265566
0,WFAgent14,MALE_YOUNG_LOW_INCOME,33,36.84350834728035,35,36.068600090227605
0,WFAgent13,YOUNG_HIGH_INCOME,14,17.55792069407702,16,16.676664943011346
0,WFAgent12,MALE_OLD_LOW_INCOME,32,36.28969986176293,34,35.527823227963246
0,WFAgent11,YOUNG_LOW_INCOME,68,70.07774661441525,71,69.55730924997378
0,WFAgent10,MALE_YOUNG_LOW_INCOME,33,27.787361524505524,0,0.0
0,SIAgent9,MALE_HIGH_INCOME,24,26.942235399218013,26,26.789645143451125
0,SIAgent7,YOUNG_HIGH_INCOME,14,13.21863491226097,14,12.327133098254535
0,SIAgent8,FEMALE_YOUNG,40,43.487994377677026,41,42.64385003053975
0,SIAgent5,FEMALE_OLD,50,54.1484903748396,50,54.146127364378515
0,SIAgent6,OLD_LOW_INCOME,75,70.76013743713963,87,70.39018423334223
0,SIAgent3,YOUNG_LOW_INCOME,68,67.96388582544941,73,67.2938349397786
0,SIAgent4,OLD_LOW_INCOME,75,60.681193304605316,252,0.0
0,SIAgent1,MALE_OLD_LOW_INCOME,32,30.26334700236003,32,30.263347002360007
0,SIAgent2,MALE_YOUNG,42,43.09206148735509,43,42.31379468135503
0,SIAgent0,FEMALE_OLD,50,54.03033985178286,50,53.19762614653213
0,WFAgent0,FEMALE_YOUNG,40,36.38265527337708,44,35.9405554647797
0,WFAgent1,FEMALE_OLD_LOW_INCOME,43,47.965073274627535,44,47.65067152985888
0,WFAgent2,MALE_OLD_LOW_INCOME,32,30.93884095700626,32,30.263347002360007
0,WFAgent3,MALE_YOUNG_HIGH_INCOME,10,9.600931039089648,58,7.553505664149127
0,WFAgent4,FEMALE_OLD,50,49.4777232660544,52,49.23480028584743
0,WFAgent5,MALE_OLD,46,50.50626029283081,130,7.31455184105126
1,WFAgent6,YOUNG_HIGH_INCOME,14,12.498464650399862,66,0.0
1,WFAgent7,MALE_YOUNG_HIGH_INCOME,10,10.22386145124331,10,10.161029138635326
1,WFAgent8,MALE_OLD_HIGH_INCOME,15,12.275965021560815,0,0.0
1,WFAgent9,MALE_LOW_INCOME,65,66.84874859113603,67,66.2746163155179
1,SIAgent10,MALE_OLD_HIGH_INCOME,15,13.710190922441154,16,13.364328742029103
1,SIAgent11,FEMALE_YOUNG_HIGH_INCOME,5,3.8942768573520086,0,0.0
1,SIAgent12,MALE_LOW_INCOME,65,68.07416572845281,68,67.79317836424188
1,SIAgent13,MALE_OLD_LOW_INCOME,32,31.253558071625868,38,31.23947564184832
1,SIAgent14,OLD_HIGH_INCOME,22,18.37595202029002,126,0.0
1,SIAgent15,MALE_YOUNG_LOW_INCOME,33,33.41412084650122,35,33.231970016224594
1,SIAgent16,OLD_LOW_INCOME,75,72.80658493157412,74,71.83583046581995
1,SIAgent17,MALE_OLD_HIGH_INCOME,15,16.78660031464088,16,16.257646621816523
1,SIAgent18,FEMALE_OLD,50,45.18759201763027,54,44.51155080905386
1,WFAgent14,YOUNG_LOW_INCOME,68,62.952158633347466,0,0.0
1,WFAgent13,MALE_YOUNG,42,36.974195110172076,0,0.0
1,WFAgent12,MALE_LOW_INCOME,65,61.71651574441705,146,0.0
1,WFAgent11,FEMALE_YOUNG,40,38.97467470326272,292,33.39066532064024
1,WFAgent10,FEMALE_OLD,50,43.770644412697976,259,0.0
1,SIAgent9,FEMALE_OLD,50,50.87082295636877,52,50.521670933383774
1,SIAgent7,MALE_YOUNG_HIGH_INCOME,10,10.069044158172765,11,9.683717766949831
1,SIAgent8,YOUNG_LOW_INCOME,68,72.80264033452322,73,72.07075719994585
1,SIAgent5,FEMALE_HIGH_INCOME,12,11.712711660290408,12,11.39775085689527
1,SIAgent6,FEMALE_YOUNG_LOW_INCOME,35,32.46314683951134,34,31.535628358382453
1,SIAgent3,OLD_HIGH_INCOME,22,20.895876570974657,22,20.215679549315944
1,SIAgent4,MALE_OLD_LOW_INCOME,32,31.83615223027022,31,30.841272473074298
1,SIAgent1,MALE_HIGH_INCOME,24,24.38646993272479,24,23.590985823257665
1,SIAgent2,FEMALE_YOUNG,40,39.109719762754104,41,38.43005382980436
1,SIAgent0,MALE_YOUNG_LOW_INCOME,33,36.92464428949452,34,36.40132016726162
1,WFAgent0,FEMALE_YOUNG,40,41.79695161924297,43,41.126276546828585
1,WFAgent1,MALE_LOW_INCOME,65,64.55039978372217,261,0.0
1,WFAgent2,OLD_LOW_INCOME,75,74.57055373302515,77,73.7430544820572
1,WFAgent3,OLD_LOW_INCOME,75,61.65685981943743,0,0.0
1,WFAgent4,FEMALE_YOUNG_HIGH_INCOME,5,4.858306681863427,6,4.673132228822411
1,WFAgent5,FEMALE_HIGH_INCOME,12,11.435616837540147,12,11.167447201618598
2,WFAgent6,OLD_HIGH_INCOME,22,20.979087292345163,23,20.490304689654547
2,WFAgent7,MALE_OLD_LOW_INCOME,32,31.99062064357602,32,31.568081852331126
2,WFAgent8,MALE_YOUNG_LOW_INCOME,33,34.0776291441255,34,33.89479960564191
2,WFAgent9,MALE_YOUNG_HIGH_INCOME,10,10.164824950435984,10,9.937751031883806
2,SIAgent10,FEMALE_LOW_INCOME,78,78.38632043717138,78,77.86326833854996
2,SIAgent11,MALE_YOUNG_LOW_INCOME,33,32.737471391392205,33,32.55458441021647
2,SIAgent12,MALE_LOW_INCOME,65,64.12266626254757,69,63.30033761387728
2,SIAgent13,YOUNG_LOW_INCOME,68,67.78959921128386,68,67.38862226919426
2,SIAgent14,MALE_OLD,46,40.98060937930907,123,13.363242188905133
2,SIAgent15,MALE_OLD_HIGH_INCOME,15,15.846315044387628,17,15.361788664830259
2,SIAgent16,FEMALE_OLD,50,47.245079782509,207,46.90463941769499
2,SIAgent17,MALE_OLD,46,53.513873364896405,46,52.54326312864083
2,SIAgent18,FEMALE_HIGH_INCOME,12,12.786277993441525,12,12.225680361835293
2,WFAgent14,MALE_OLD_HIGH_INCOME,15,16.782709084408,15,16.405234936287396
2,WFAgent13,FEMALE_LOW_INCOME,78,84.62474279635263,88,83.87195518282464
2,WFAgent12,MALE_OLD_HIGH_INCOME,15,13.55451941014434,15,13.363242188905133
2,WFAgent11,FEMALE_OLD_HIGH_INCOME,8,7.770262277956503,8,7.559212765201439
2,WFAgent10,FEMALE_OLD_HIGH_INCOME,8,8.798013869286473,8,7.852615593788936
2,SIAgent9,OLD_LOW_INCOME,75,82.53260688025888,82,82.40613174164177
2,SIAgent7,FEMALE_YOUNG_LOW_INCOME,35,39.526482190341795,39,39.19316021858566
2,SIAgent8,MALE_OLD_HIGH_INCOME,15,16.405234936287396,15,16.405234936287396
2,SIAgent5,FEMALE_YOUNG,40,39.31169950688085,270,0.0
2,SIAgent6,YOUNG_HIGH_INCOME,14,13.936278470370876,14,13.936278470370874
2,SIAgent3,MALE_YOUNG_LOW_INCOME,33,36.306619369800266,36,35.88861134715026
2,SIAgent4,FEMALE_OLD_HIGH_INCOME,8,7.216098371953066,23,0.0
2,SIAgent1,YOUNG_HIGH_INCOME,14,13.702008213035393,14,13.464356365836618
2,SIAgent2,YOUNG_HIGH_INCOME,14,13.46435636583662,68,0.0
2,SIAgent0,MALE_OLD_LOW_INCOME,32,37.164017309600084,33,36.31434702731391
2,WFAgent0,MALE_LOW_INCOME,65,58.24473815785129,191,0.0
2,WFAgent1,YOUNG_LOW_INCOME,68,59.00602046073848,0,0.0
2,WFAgent2,OLD_LOW_INCOME,75,71.96212335712578,80,71.68583157889388
2,WFAgent3,FEMALE_YOUNG,40,41.82651394126126,40,39.33701145587552
2,WFAgent4,MALE_LOW_INCOME,65,59.15426792825932,66,58.79826563118256
2,WFAgent5,MALE_OLD_LOW_INCOME,32,33.42842198105355,33,32.55458441021647
3,WFAgent6,FEMALE_OLD,50,49.16208367537419,50,48.203814350559774
3,WFAgent7,FEMALE_YOUNG_HIGH_INCOME,5,5.365094075029222,5,5.171390830264726
3,WFAgent8,FEMALE_OLD_HIGH_INCOME,8,6.387246112328657,0,0.0
3,WFAgent9,FEMALE_YOUNG,40,39.183288060225046,40,38.800304500309466
3,SIAgent10,MALE_YOUNG_HIGH_INCOME,10,8.936597914823281,10,8.891649775244037
3,SIAgent11,MALE_HIGH_INCOME,24,23.76218556357071,24,23.762185563570707
3,SIAgent12,FEMALE_YOUNG,40,42.61355753393336,41,42.40540480817074
3,SIAgent13,FEMALE_OLD,50,42.01120477225023,51,41.39586811762248
3,SIAgent14,FEMALE_YOUNG,40,40.46093682370098,41,40.01500450820435
3,SIAgent15,YOUNG_HIGH_INCOME,14,12.35391859222524,63,0.0
3,SIAgent16,FEMALE_OLD,50,45.41237398891189,50,45.41237398891188
3,SIAgent17,MALE_OLD_LOW_INCOME,32,34.33551321944998,32,34.04873577379433
3,SIAgent18,MALE_OLD_LOW_INCOME,32,33.08288127649425,40,32.46734754323329
3,WFAgent14,FEMALE_OLD,50,57.498115609612704,59,56.85923430233905
3,WFAgent13,FEMALE_HIGH_INCOME,12,10.274730763009416,0,0.0
3,WFAgent12,FEMALE_YOUNG_HIGH_INCOME,5,4.341258534133678,0,0.0
3,WFAgent11,FEMALE_YOUNG_HIGH_INCOME,5,4.7769525437275,0,0.0
3,WFAgent10,FEMALE_OLD,50,48.555811465358715,53,48.1371164282466
3,SIAgent9,FEMALE_YOUNG_HIGH_INCOME,5,5.949139179417261,5,5.32669469174167
3,SIAgent7,MALE_YOUNG_HIGH_INCOME,10,9.494510306221468,10,8.936597914823281
3,SIAgent8,YOUNG_LOW_INCOME,68,65.8850593897736,68,65.88505938977355
3,SIAgent5,MALE_OLD_LOW_INCOME,32,34.04873577379434,32,33.08288127649426
3,SIAgent6,FEMALE_YOUNG_LOW_INCOME,35,33.950266437770814,262,28.13022076272437
3,SIAgent3,FEMALE_YOUNG_HIGH_INCOME,5,5.024818344958075,5,4.412113782937586
3,SIAgent4,FEMALE_OLD_HIGH_INCOME,8,7.699070118171927,22,0.0
3,SIAgent1,FEMALE_YOUNG,40,41.37112664211781,40,40.46093682370098
3,SIAgent2,OLD_LOW_INCOME,75,60.876276643562456,490,0.0
3,SIAgent0,MALE_YOUNG_LOW_INCOME,33,30.122206177626676,224,0.0
3,WFAgent0,MALE_LOW_INCOME,65,74.06941882341215,76,73.41182762496274
3,WFAgent1,MALE_OLD_HIGH_INCOME,15,14.970183488964265,122,6.930637456041457
3,WFAgent2,MALE_YOUNG_HIGH_INCOME,10,9.133888725343965,10,8.936597914823281
3,WFAgent3,MALE_OLD_HIGH_INCOME,15,16.396371410606196,16,15.841457042380478
3,WFAgent4,YOUNG_HIGH_INCOME,14,14.237119181340375,14,13.861274912082918
3,WFAgent5,FEMALE_OLD_LOW_INCOME,43,41.4552803414814,45,40.803113205687445
4,WFAgent6,FEMALE_YOUNG_HIGH_INCOME,5,5.392287922438876,5,5.08057882881936
4,WFAgent7,FEMALE_OLD_HIGH_INCOME,8,8.739766393978382,8,7.870242287093632
4,WFAgent8,YOUNG_LOW_INCOME,68,68.19171429062924,70,68.12805517389886
4,WFAgent9,YOUNG_HIGH_INCOME,14,15.098541034436733,15,14.221149710031764
4,SIAgent10,YOUNG_LOW_INCOME,68,67.74640175260637,68,67.3153570271852
4,SIAgent11,FEMALE_YOUNG,40,44.05741881388606,44,43.835907016392326
4,SIAgent12,MALE_LOW_INCOME,65,71.88347905896856,70,71.62445240558992
4,SIAgent13,YOUNG_HIGH_INCOME,14,12.340566454824332,14,12.340566454824328
4,SIAgent14,FEMALE_HIGH_INCOME,12,11.805363430640448,13,11.708446746779138
4,SIAgent15,YOUNG_HIGH_INCOME,14,15.47759380778055,14,14.80220990794822
4,SIAgent16,OLD_HIGH_INCOME,22,20.21618481841458,21,19.29726732666847
4,SIAgent17,YOUNG_HIGH_INCOME,14,14.338794900264295,14,14.338794900264292
4,SIAgent18,MALE_OLD_HIGH_INCOME,15,15.103189642577235,16,14.702679867937881
4,WFAgent14,YOUNG_HIGH_INCOME,14,15.310640215268126,14,14.338794900264292
4,WFAgent13,MALE_OLD_LOW_INCOME,32,29.7887409262226,135,16.69821823925257
4,WFAgent12,FEMALE_OLD,50,49.34761532239784,55,49.050111211508366
4,WFAgent11,MALE_LOW_INCOME,65,66.71182471745188,67,66.44471886320936
4,WFAgent10,MALE_YOUNG_HIGH_INCOME,10,9.739147312887457,11,9.357120984857403
4,SIAgent9,MALE_HIGH_INCOME,24,19.121026544671423,149,0.0
4,SIAgent7,MALE_LOW_INCOME,65,66.50842009090505,66,66.34644920100631
4,SIAgent8,FEMALE_OLD,50,44.591010192280386,427,0.0
4,SIAgent5,MALE_OLD_HIGH_INCOME,15,12.452404539313708,15,11.950641590419641
4,SIAgent6,MALE_YOUNG_LOW_INCOME,33,26.23361970681939,64,0.0
4,SIAgent3,MALE_LOW_INCOME,65,63.59017711256397,68,63.082157792732005
4,SIAgent4,MALE_LOW_INCOME,65,72.64888909756111,65,71.88347905896858
4,SIAgent1,MALE_YOUNG_LOW_INCOME,33,28.327581118835244,35,27.82353605268723
4,SIAgent2,MALE_LOW_INCOME,65,60.29912141952317,68,59.61879569203318
4,SIAgent0,FEMALE_OLD,50,53.667342117629644,54,53.38181908409425
4,WFAgent0,MALE_OLD_HIGH_INCOME,15,13.893657653273756,15,13.69500518706656
4,WFAgent1,FEMALE_YOUNG_LOW_INCOME,35,34.69914603561128,240,0.0
4,WFAgent2,FEMALE_OLD_LOW_INCOME,43,43.03351754618905,48,42.9883260522521
4,WFAgent3,FEMALE_YOUNG_HIGH_INCOME,5,4.877240889803436,24,2.6444070974623566
4,WFAgent4,FEMALE_OLD_HIGH_INCOME,8,9.24309112905705,8,8.586774738820743
4,WFAgent5,FEMALE_LOW_INCOME,78,69.85602983490972,0,0.0
5,WFAgent6,FEMALE_OLD_HIGH_INCOME,8,8.217916172135196,8,8.137213476805142
5,WFAgent7,FEMALE_YOUNG_LOW_INCOME,35,36.0543058562152,35,35.07854614332354
5,WFAgent8,MALE_OLD_HIGH_INCOME,15,16.965249005367223,16,16.085107144043576
5,WFAgent9,MALE_OLD_LOW_INCOME,32,31.53553506479689,0,0.0
5,SIAgent10,FEMALE_OLD_LOW_INCOME,43,48.33328984787734,46,47.63957678020209
5,SIAgent11,OLD_LOW_INCOME,75,77.67322301119911,77,77.4097352429469
5,SIAgent12,MALE_OLD,46,46.24468303912528,53,45.94617197694624
5,SIAgent13,MALE_LOW_INCOME,65,68.53370212096061,136,68.14472772906879
5,SIAgent14,FEMALE_YOUNG_HIGH_INCOME,5,4.806820621494466,0,0.0
5,SIAgent15,YOUNG_HIGH_INCOME,14,12.572546528469847,53,0.0
5,SIAgent16,FEMALE_OLD_HIGH_INCOME,8,9.469738765227854,8,8.541535194401883
5,SIAgent17,FEMALE_OLD,50,59.61340304943015,52,58.56893451442011
5,SIAgent18,MALE_OLD_LOW_INCOME,32,32.83845366666478,32,32.17021428808718
5,WFAgent14,FEMALE_OLD,50,52.527183054082464,51,51.87473591463273
5,WFAgent13,MALE_OLD_HIGH_INCOME,15,12.787367498260199,0,0.0
5,WFAgent12,FEMALE_YOUNG_LOW_INCOME,35,34.7625064415288,216,0.0
5,WFAgent11,FEMALE_YOUNG,40,44.87687962460658,42,44.466427108083785
5,WFAgent10,MALE_OLD_LOW_INCOME,32,32.83048890298212,32,31.90637360473036
5,SIAgent9,FEMALE_OLD_LOW_INCOME,43,40.3303670837844,290,0.0
5,SIAgent7,YOUNG_LOW_INCOME,68,72.27260284660858,68,72.0101026961716
5,SIAgent8,MALE_LOW_INCOME,65,73.03965955053002,66,71.96482968059904
5,SIAgent5,FEMALE_HIGH_INCOME,12,12.812302791602823,12,12.28616111252784
5,SIAgent6,FEMALE_OLD_HIGH_INCOME,8,8.13721347680514,21,7.120061792204499
5,SIAgent3,FEMALE_LOW_INCOME,78,78.41505647986818,80,77.79687574325574
5,SIAgent4,MALE_OLD_LOW_INCOME,32,31.906373604730373,162,0.0
5,SIAgent1,YOUNG_HIGH_INCOME,14,13.102596711395071,14,12.572546528469848
5,SIAgent2,MALE_OLD_LOW_INCOME,32,35.672708975272215,33,34.7940333844877
5,SIAgent0,FEMALE_YOUNG_HIGH_INCOME,5,4.597218033113639,0,0.0
5,WFAgent0,YOUNG_HIGH_INCOME,14,14.310105296305425,15,14.038496476494721
5,WFAgent1,FEMALE_OLD,50,42.99103946625134,0,0.0
5,WFAgent2,MALE_HIGH_INCOME,24,23.545826416711158,87,0.0
5,WFAgent3,FEMALE_YOUNG,40,39.494868484022206,0,0.0
5,WFAgent4,YOUNG_HIGH_INCOME,14,14.725048646469904,15,14.71614151044448
5,WFAgent5,FEMALE_YOUNG,40,42.04894148657055,42,40.377293220553526
6,WFAgent6,MALE_OLD_HIGH_INCOME,15,13.793641922390242,9,8.139510381747957
6,WFAgent7,MALE_OLD,46,45.17982010828932,49,44.89598710031155
6,WFAgent8,MALE_YOUNG_LOW_INCOME,33,35.22118554744016,36,34.581562716958906
6,WFAgent9,MALE_OLD_LOW_INCOME,32,32.379149896437646,33,31.446481327227083
6,SIAgent10,MALE_OLD,46,51.74507949262328,52,51.358286182602484
6,SIAgent11,FEMALE_YOUNG,40,37.465328951134154,112,30.44202991551298
6,SIAgent12,FEMALE_YOUNG_LOW_INCOME,35,37.581114334731595,37,37.4185809340946
6,SIAgent13,FEMALE_YOUNG_LOW_INCOME,35,35.25740989475006,35,34.280090689320744
6,SIAgent14,YOUNG_HIGH_INCOME,14,15.277383282025626,57,14.986131580453666
6,SIAgent15,MALE_LOW_INCOME,65,61.94003897787151,100,61.94003897787142
6,SIAgent16,FEMALE_LOW_INCOME,78,76.1734730371287,78,76.05929407645675
6,SIAgent17,MALE_OLD,46,41.60194195115622,163,12.661460593830155
6,SIAgent18,FEMALE_LOW_INCOME,78,78.88241386106432,79,78.32445764116953
6,WFAgent14,OLD_LOW_INCOME,75,66.24411620821816,0,0.0
6,WFAgent13,MALE_YOUNG_HIGH_INCOME,10,9.687631470424117,68,0.0
6,WFAgent12,OLD_HIGH_INCOME,22,24.635749776150924,24,24.157914772590875
6,WFAgent11,YOUNG_LOW_INCOME,68,58.50054404465251,155,0.0
6,WFAgent10,OLD_HIGH_INCOME,22,25.848514949820792,24,25.845614027965375
6,SIAgent9,OLD_HIGH_INCOME,22,23.54097945112612,23,22.927556312154
6,SIAgent7,YOUNG_LOW_INCOME,68,77.02832992921026,71,75.99778837013322
6,SIAgent8,FEMALE_LOW_INCOME,78,73.22984981760747,178,73.05739145471156
6,SIAgent5,FEMALE_LOW_INCOME,78,76.05929407645675,81,76.04638250290017
6,SIAgent6,FEMALE_YOUNG_HIGH_INCOME,5,4.348861416501854,0,0.0
6,SIAgent3,MALE_OLD_HIGH_INCOME,15,19.326700663449536,17,19.12318155162165
6,SIAgent4,FEMALE_OLD,50,52.597568830948845,50,52.47565369574828
6,SIAgent1,MALE_OLD_HIGH_INCOME,15,14.146725658152596,14,13.20361061427576
6,SIAgent2,FEMALE_OLD_HIGH_INCOME,8,7.438044391060628,44,0.0
6,SIAgent0,FEMALE_LOW_INCOME,78,76.39563067905767,78,76.17347303712869
6,WFAgent0,MALE_YOUNG_LOW_INCOME,33,34.358511262954124,36,34.30525235697499
6,WFAgent1,FEMALE_OLD_HIGH_INCOME,8,9.657651797103899,8,8.958454464054881
6,WFAgent2,YOUNG_LOW_INCOME,68,74.02981719132136,71,73.9228575657498
6,WFAgent3,MALE_LOW_INCOME,65,62.43893268339801,65,61.745904441206626
6,WFAgent4,FEMALE_OLD,50,54.828859945585975,52,54.70147158418687
6,WFAgent5,FEMALE_OLD_HIGH_INCOME,8,9.098427980530966,8,8.560356164045862
7,WFAgent6,FEMALE_OLD,50,52.96750393437206,62,34.33193006019809
7,WFAgent7,MALE_OLD_LOW_INCOME,32,35.53692759857999,33,34.95199835549201
7,WFAgent8,FEMALE_YOUNG_LOW_INCOME,35,40.40231127021028,38,39.4058876878412
7,WFAgent9,MALE_YOUNG,42,35.19065368070145,0,0.0
7,SIAgent10,FEMALE_OLD_LOW_INCOME,43,36.29568750262957,78,0.0
7,SIAgent11,MALE_YOUNG,42,41.3620648137033,43,41.25759155831187
7,SIAgent12,FEMALE_YOUNG,40,37.909396087810876,40,37.909396087810876
7,SIAgent13,OLD_LOW_INCOME,75,93.86342685275439,84,93.54232890462353
7,SIAgent14,OLD_LOW_INCOME,75,80.99156498458046,77,80.90166475387146
7,SIAgent15,FEMALE_OLD_LOW_INCOME,43,36.311266067960595,43,36.29568750262957
7,SIAgent16,MALE_YOUNG,42,45.9019422167112,42,45.89419009199867
7,SIAgent17,YOUNG_LOW_INCOME,68,57.516246961036884,262,34.67891360886046
7,SIAgent18,FEMALE_OLD,50,45.68923219181546,50,45.68923219181543
7,WFAgent14,FEMALE_LOW_INCOME,78,88.26330790945639,87,87.63222230884912
7,WFAgent13,MALE_YOUNG_LOW_INCOME,33,31.749313667224676,37,31.295604964093577
7,WFAgent12,MALE_HIGH_INCOME,24,21.737694933847198,0,0.0
7,WFAgent11,FEMALE_YOUNG_LOW_INCOME,35,34.20176795197595,36,33.70650725231744
7,WFAgent10,FEMALE_OLD_HIGH_INCOME,8,7.778301477096188,0,0.0
7,SIAgent9,MALE_YOUNG_HIGH_INCOME,10,10.92128173640921,11,10.832921736922293
7,SIAgent7,FEMALE_YOUNG,40,39.36843642531272,41,39.258367082819156
7,SIAgent8,FEMALE_OLD,50,51.87204147057144,55,51.865685823473534
7,SIAgent5,MALE_OLD_HIGH_INCOME,15,16.81103381400358,18,16.430825383788687
7,SIAgent6,FEMALE_YOUNG_LOW_INCOME,35,36.29489655459058,34,35.257899510173715
7,SIAgent3,MALE_OLD_LOW_INCOME,32,32.123369103737865,240,0.0
7,SIAgent4,FEMALE_LOW_INCOME,78,69.33303098786507,82,69.31093737233415
7,SIAgent1,MALE_HIGH_INCOME,24,29.582962900189663,26,28.8886354642136
7,SIAgent2,OLD_LOW_INCOME,75,83.51993652198536,77,83.15134005083601
7,SIAgent0,MALE_OLD_HIGH_INCOME,15,13.692354486490572,133,0.0
7,WFAgent0,MALE_YOUNG_LOW_INCOME,33,39.44297649624777,36,39.12833726179966
7,WFAgent1,FEMALE_HIGH_INCOME,12,10.887789418254654,0,0.0
7,WFAgent2,MALE_HIGH_INCOME,24,23.21753511002445,64,0.0
7,WFAgent3,FEMALE_YOUNG,40,47.18288669458117,48,19.392410145155992
7,WFAgent4,FEMALE_LOW_INCOME,78,76.98020325728062,85,76.75040837274554
7,WFAgent5,MALE_YOUNG_LOW_INCOME,33,32.48816284462332,38,32.1414321252853
8,WFAgent6,YOUNG_HIGH_INCOME,14,16.54979786060479,14,16.075403212502344
8,WFAgent7,MALE_LOW_INCOME,65,75.59382491115849,70,75.16322604636737
8,WFAgent8,FEMALE_OLD_HIGH_INCOME,8,6.582002230736658,0,0.0
8,WFAgent9,FEMALE_OLD,50,52.17384604408136,58,51.45701405340434
8,SIAgent10,FEMALE_YOUNG,40,42.1741635462965,40,41.94546024717767
8,SIAgent11,MALE_LOW_INCOME,65,70.2791824666775,64,69.19796427488248
8,SIAgent12,FEMALE_YOUNG_HIGH_INCOME,5,5.735108215488887,31,2.931416951689661
8,SIAgent13,MALE_HIGH_INCOME,24,17.37385278005175,142,0.0
8,SIAgent14,FEMALE_YOUNG_LOW_INCOME,35,39.045725864271034,37,39.011101280324255
8,SIAgent15,FEMALE_OLD,50,56.802788259182854,59,56.594550039422025
8,SIAgent16,FEMALE_HIGH_INCOME,12,15.26314362930303,13,14.937121469673063
8,SIAgent17,MALE_OLD_HIGH_INCOME,15,15.89542422172953,16,15.254756252718726
8,SIAgent18,FEMALE_OLD,50,40.882627174359484,231,0.0
8,WFAgent14,OLD_LOW_INCOME,75,72.78388566228456,274,0.0
8,WFAgent13,FEMALE_OLD_HIGH_INCOME,8,6.987483123630033,0,0.0
8,WFAgent12,MALE_OLD_LOW_INCOME,32,35.91641665031876,34,35.665074401307436
8,WFAgent11,MALE_LOW_INCOME,65,56.02670891026701,123,0.0
8,WFAgent10,OLD_LOW_INCOME,75,61.90574710679694,0,0.0
8,SIAgent9,YOUNG_HIGH_INCOME,14,16.29770593123741,14,15.221693632949464
8,SIAgent7,MALE_YOUNG,42,36.99611738928353,78,36.42678851907662
8,SIAgent8,FEMALE_OLD_LOW_INCOME,43,36.18734641500751,44,35.97671191343634
8,SIAgent5,YOUNG_HIGH_INCOME,14,13.67994577455175,15,13.21289906760126
8,SIAgent6,MALE_YOUNG,42,44.78470720024916,48,44.30313698350993
8,SIAgent3,OLD_LOW_INCOME,75,93.26294444264028,83,92.31847586825326
8,SIAgent4,FEMALE_OLD,50,43.79325700170039,52,43.76554133249434
8,SIAgent1,MALE_OLD_HIGH_INCOME,15,14.30133398692381,15,14.301333986923806
8,SIAgent2,FEMALE_YOUNG_LOW_INCOME,35,36.70227771628048,41,36.42836061040792
8,SIAgent0,MALE_YOUNG_HIGH_INCOME,10,8.239270508193906,11,7.963015857523718
8,WFAgent0,YOUNG_LOW_INCOME,68,69.31258834145468,274,0.0
8,WFAgent1,MALE_YOUNG_LOW_INCOME,33,32.866438624684065,37,32.59181770008313
8,WFAgent2,MALE_HIGH_INCOME,24,23.999366534984215,28,23.941682642744603
8,WFAgent3,FEMALE_OLD_LOW_INCOME,43,39.12458921796649,44,38.53806616149637
8,WFAgent4,MALE_YOUNG_HIGH_INCOME,10,12.798224745821406,10,11.641218522312435
8,WFAgent5,FEMALE_LOW_INCOME,78,69.30273481980042,0,0.0
9,WFAgent6,YOUNG_HIGH_INCOME,14,13.836773164110847,39,0.0
9,WFAgent7,MALE_LOW_INCOME,65,56.48850089427938,0,0.0
9,WFAgent8,MALE_OLD_LOW_INCOME,32,32.07424453909372,33,31.720694216039103
9,WFAgent9,MALE_OLD,46,48.46266823435625,47,48.165561331918155
9,SIAgent10,MALE_YOUNG_HIGH_INCOME,10,10.039580197149224,10,9.588919879360647
9,SIAgent11,FEMALE_OLD_HIGH_INCOME,8,6.699342798442783,54,0.0
9,SIAgent12,MALE_OLD_LOW_INCOME,32,30.7594610579773,32,29.967279991111244
9,SIAgent13,OLD_HIGH_INCOME,22,25.225372701650972,22,25.14170017262104
9,SIAgent14,YOUNG_HIGH_INCOME,14,14.515265171114569,28,14.05541227600891
9,SIAgent15,MALE_OLD,46,47.47409862765705,46,46.99059894624614
9,SIAgent16,MALE_HIGH_INCOME,24,23.013407710465547,24,22.33580312015391
9,SIAgent17,MALE_YOUNG_HIGH_INCOME,10,9.535241521704803,10,9.138073886095306
9,SIAgent18,MALE_YOUNG_LOW_INCOME,33,32.07853165026262,33,32.07853165026262
9,WFAgent14,OLD_LOW_INCOME,75,72.29467790433911,333,47.179563807941086
9,WFAgent13,MALE_YOUNG_LOW_INCOME,33,34.29707253923526,35,34.02268508361186
9,WFAgent12,FEMALE_LOW_INCOME,78,77.54573197089996,393,0.0
9,WFAgent11,MALE_YOUNG_LOW_INCOME,33,33.4666957096762,296,23.329841200190994
9,WFAgent10,MALE_HIGH_INCOME,24,26.794685032288054,25,25.80114055850926
9,SIAgent9,MALE_OLD_HIGH_INCOME,15,14.922800087323758,15,14.635109277572939
9,SIAgent7,MALE_OLD,46,49.9613472726231,48,49.53818987233776
9,SIAgent8,FEMALE_OLD_HIGH_INCOME,8,7.804506946777874,8,7.548730209270574
9,SIAgent5,FEMALE_OLD,50,47.179563807941086,51,46.9552473942117
9,SIAgent6,FEMALE_OLD,50,55.558340955325114,53,54.89903532227992
9,SIAgent3,OLD_HIGH_INCOME,22,25.141700172621047,23,24.703643387201616
9,SIAgent4,MALE_OLD_LOW_INCOME,32,29.96727999111125,34,29.547831237007657
9,SIAgent1,FEMALE_OLD,50,51.79154275686789,54,51.01787309695319
9,SIAgent2,MALE_YOUNG_HIGH_INCOME,10,10.586333938334588,10,10.368046550796121
9,SIAgent0,MALE_YOUNG_HIGH_INCOME,10,10.879256356771204,10,10.586333938334588
9,WFAgent0,FEMALE_OLD_HIGH_INCOME,8,7.981785226438205,0,0.0
9,WFAgent1,MALE_OLD_HIGH_INCOME,15,12.930920952713164,0,0.0
9,WFAgent2,MALE_OLD_HIGH_INCOME,15,14.934791969946621,15,14.922800087323754
9,WFAgent3,MALE_YOUNG_HIGH_INCOME,10,9.232046263613203,35,0.0
9,WFAgent4,MALE_OLD,46,41.87994076281847,184,0.0
9,WFAgent5,MALE_YOUNG_HIGH_INCOME,10,9.138073886095306,0,0.0
10,WFAgent6,FEMALE_OLD_LOW_INCOME,43,47.50003497331572,48,46.88651982101683
10,WFAgent7,FEMALE_OLD,50,48.73102109660793,50,48.36241756474823
10,WFAgent8,YOUNG_HIGH_INCOME,14,15.863297776962117,15,15.213118472199126
10,WFAgent9,YOUNG_HIGH_INCOME,14,13.26951780065476,14,12.763590038963777
10,SIAgent10,FEMALE_OLD,50,48.84012481355926,50,48.71592092886834
10,SIAgent11,YOUNG_HIGH_INCOME,14,15.840818715556615,14,15.706180232684444
10,SIAgent12,YOUNG_LOW_INCOME,68,58.94374680184328,485,38.140071460016244
10,SIAgent13,FEMALE_OLD_HIGH_INCOME,8,6.88405353439232,16,0.0
10,SIAgent14,YOUNG_HIGH_INCOME,14,15.492855971766796,16,15.249238823735334
10,SIAgent15,MALE_YOUNG_HIGH_INCOME,10,9.11685002783127,10,9.11685002783127
10,SIAgent16,MALE_LOW_INCOME,65,58.650447821856645,66,58.24399037899434
10,SIAgent17,MALE_YOUNG,42,47.118540698053344,42,47.031337971827014
10,SIAgent18,FEMALE_YOUNG_HIGH_INCOME,5,4.762957253182023,5,4.762957253182023
10,WFAgent14,OLD_HIGH_INCOME,22,21.235027452870955,22,20.423838080503877
10,WFAgent13,FEMALE_YOUNG,40,49.58078408260859,44,48.50401789918441
10,WFAgent12,OLD_HIGH_INCOME,22,20.42383808050387,0,0.0
10,WFAgent11,FEMALE_YOUNG_LOW_INCOME,35,35.133756928240565,40,34.67279223637841
10,WFAgent10,YOUNG_LOW_INCOME,68,70.60782109868819,80,70.5169120796102
10,SIAgent9,MALE_LOW_INCOME,65,72.87664474004367,80,72.18516654997747
10,SIAgent7,YOUNG_HIGH_INCOME,14,12.62338125090412,41,0.0
10,SIAgent8,MALE_YOUNG_HIGH_INCOME,10,9.530774264834582,10,9.1239154470924
10,SIAgent5,MALE_OLD_LOW_INCOME,32,27.900096741116947,225,0.0
10,SIAgent6,MALE_OLD_HIGH_INCOME,15,15.078008345995245,16,15.04650804659025
10,SIAgent3,FEMALE_YOUNG,40,43.49525083046923,50,43.34099029547299
10,SIAgent4,FEMALE_LOW_INCOME,78,86.6521989366337,80,85.99164844696621
10,SIAgent1,FEMALE_OLD_HIGH_INCOME,8,8.408999690426585,8,7.814419970169481
10,SIAgent2,FEMALE_OLD,50,48.362417564748256,156,47.735114439435954
10,SIAgent0,OLD_HIGH_INCOME,22,23.38584234560179,22,22.48180748002214
10,WFAgent0,YOUNG_HIGH_INCOME,14,12.773481625929362,14,12.703500558366777
10,WFAgent1,FEMALE_YOUNG_HIGH_INCOME,5,6.14701494155803,5,5.657435255555933
10,WFAgent2,OLD_HIGH_INCOME,22,20.688948564061597,106,0.0
10,WFAgent3,FEMALE_HIGH_INCOME,12,10.41464273977,0,0.0
10,WFAgent4,FEMALE_OLD_LOW_INCOME,43,45.595358556633784,46,44.770494363878726
10,WFAgent5,FEMALE_HIGH_INCOME,12,12.654804092650028,13,11.772632522839935
11,WFAgent6,FEMALE_OLD_LOW_INCOME,43,40.52136505492078,45,40.082633956727705
11,WFAgent7,MALE_OLD_LOW_INCOME,32,34.110530035747864,33,33.495672317656016
11,WFAgent8,FEMALE_LOW_INCOME,78,85.75981552337922,84,84.80567011965542
11,WFAgent9,YOUNG_LOW_INCOME,68,73.9313827128397,314,0.0
11,SIAgent10,FEMALE_YOUNG_HIGH_INCOME,5,5.071637605857265,36,0.0
11,SIAgent11,MALE_OLD_HIGH_INCOME,15,12.033931047196422,90,0.0
11,SIAgent12,MALE_YOUNG_LOW_INCOME,33,30.804134763324644,147,0.0
11,SIAgent13,MALE_YOUNG_LOW_INCOME,33,32.152928796152274,34,31.73759339251628
11,SIAgent14,FEMALE_OLD,50,49.263800098449224,54,48.718504300276585
11,SIAgent15,FEMALE_OLD,50,42.968366815840355,232,0.0
11,SIAgent16,FEMALE_OLD_LOW_INCOME,43,38.30118355865096,43,38.23846783320775
11,SIAgent17,MALE_OLD_LOW_INCOME,32,32.48065194439373,32,32.460406820282714
11,SIAgent18,YOUNG_HIGH_INCOME,14,14.59966483013869,17,14.511207119563899
11,WFAgent14,YOUNG_HIGH_INCOME,14,16.02121589506472,15,15.214912817571788
11,WFAgent13,FEMALE_OLD_LOW_INCOME,43,47.260834049011834,44,47.00693466118087
11,WFAgent12,OLD_HIGH_INCOME,22,23.718967219582513,27,23.382716737400717
11,WFAgent11,MALE_OLD,46,39.837221108164194,202,0.0
11,WFAgent10,OLD_HIGH_INCOME,22,18.82898849657663,0,0.0
11,SIAgent9,FEMALE_OLD_HIGH_INCOME,8,8.109415769581483,8,7.933911126584937
11,SIAgent7,FEMALE_HIGH_INCOME,12,12.471818589851344,12,12.164123654372228
11,SIAgent8,YOUNG_LOW_INCOME,68,74.33265489964897,70,74.24301438964561
11,SIAgent5,OLD_LOW_INCOME,75,80.12545680883106,78,80.07801297900221
11,SIAgent6,MALE_HIGH_INCOME,24,20.486410051149033,40,19.81901151434688
11,SIAgent3,MALE_LOW_INCOME,65,64.66039119483497,114,64.30585759230449
11,SIAgent4,FEMALE_OLD_HIGH_INCOME,8,7.933911126584937,8,7.882208015751877
11,SIAgent1,MALE_YOUNG_LOW_INCOME,33,34.44049284202134,34,33.82235847114443
11,SIAgent2,FEMALE_OLD_LOW_INCOME,43,45.02404566160423,45,44.33742008860428
11,SIAgent0,FEMALE_OLD_HIGH_INCOME,8,7.621276434069815,8,6.8749386905344565
11,WFAgent0,FEMALE_YOUNG,40,38.429226040482206,0,0.0
11,WFAgent1,YOUNG_HIGH_INCOME,14,17.062237260152333,16,16.685331234444217
11,WFAgent2,MALE_OLD_HIGH_INCOME,15,11.71995299499542,0,0.0
11,WFAgent3,MALE_YOUNG_HIGH_INCOME,10,10.42026633718692,12,10.243205025574516
11,WFAgent4,OLD_HIGH_INCOME,22,22.644273598409693,26,22.193610888744775
11,WFAgent5,FEMALE_OLD_LOW_INCOME,43,46.08926664958895,43,45.32180598849777
12,WFAgent6,FEMALE_YOUNG_LOW_INCOME,35,32.970867546475276,214,12.13562198514278
12,WFAgent7,FEMALE_LOW_INCOME,78,74.34979651182567,223,0.0
12,WFAgent8,FEMALE_OLD_LOW_INCOME,43,38.55003185384889,0,0.0
12,WFAgent9,MALE_YOUNG_LOW_INCOME,33,29.739707536302248,36,29.538786174106896
12,SIAgent10,FEMALE_OLD_HIGH_INCOME,8,7.732082653230232,8,7.028854522191572
12,SIAgent11,MALE_YOUNG_LOW_INCOME,33,30.399240731294103,35,30.33947284393487
12,SIAgent12,YOUNG_LOW_INCOME,68,73.22016005715972,69,73.01400552893638
12,SIAgent13,OLD_HIGH_INCOME,22,21.404939891018497,22,21.051307290860322
12,SIAgent14,MALE_OLD,46,43.94640576901859,51,43.808292882726526
12,SIAgent15,MALE_OLD_HIGH_INCOME,15,16.291407989722344,15,15.293725462551691
12,SIAgent16,FEMALE_LOW_INCOME,78,82.67211872819507,82,81.90540896050427
12,SIAgent17,MALE_OLD,46,46.900758085158536,48,46.80867436285489
12,SIAgent18,MALE_HIGH_INCOME,24,17.311535392170533,94,0.0
12,WFAgent14,FEMALE_YOUNG,40,37.06897202323635,21,0.0
12,WFAgent13,OLD_LOW_INCOME,75,85.30263466095332,81,84.63840945138713
12,WFAgent12,MALE_OLD_LOW_INCOME,32,31.199528860916082,181,29.616056061729907
12,WFAgent11,YOUNG_LOW_INCOME,68,58.945261525359214,0,0.0
12,WFAgent10,FEMALE_LOW_INCOME,78,80.46298241353648,87,80.351053966325
12,SIAgent9,MALE_YOUNG,42,34.4619172031247,112,33.90175680966732
12,SIAgent7,YOUNG_LOW_INCOME,68,63.478638076131446,68,63.478638076131375
12,SIAgent8,MALE_YOUNG,42,50.18510198589141,46,49.30805828399145
12,SIAgent5,MALE_YOUNG,42,44.18249302328974,46,43.72122581939051
12,SIAgent6,YOUNG_HIGH_INCOME,14,13.364032482509018,23,13.128349410714172
12,SIAgent3,OLD_LOW_INCOME,75,84.56977976121134,78,84.43226946935005
12,SIAgent4,FEMALE_OLD_HIGH_INCOME,8,7.028854522191571,37,0.0
12,SIAgent1,YOUNG_HIGH_INCOME,14,13.978891244878941,14,13.495787931588286
12,SIAgent2,FEMALE_OLD,50,50.17670454819212,50,50.17670454819207
12,SIAgent0,MALE_OLD_HIGH_INCOME,15,14.628211252876623,15,14.594277198421707
12,WFAgent0,OLD_HIGH_INCOME,22,24.58789548186572,24,23.77899540577494
12,WFAgent1,FEMALE_YOUNG,40,39.41109686405673,42,39.20739410584589
12,WFAgent2,FEMALE_YOUNG_HIGH_INCOME,5,5.575433303316777,5,4.9924611588853365
12,WFAgent3,YOUNG_LOW_INCOME,68,67.33899812002109,72,66.8923485795434
12,WFAgent4,FEMALE_YOUNG_LOW_INCOME,35,35.663568742818306,37,35.26849321714806
12,WFAgent5,MALE_OLD_LOW_INCOME,32,31.239034848549522,32,30.571412708882484
13,WFAgent6,MALE_OLD_HIGH_INCOME,15,15.311505450185573,120,14.61285180582678
13,WFAgent7,YOUNG_HIGH_INCOME,14,14.988927095618008,15,14.72015282997676
13,WFAgent8,OLD_LOW_INCOME,75,79.04405192240421,92,78.20385625422797
13,WFAgent9,FEMALE_OLD_LOW_INCOME,43,38.38076363021599,0,0.0
13,SIAgent10,MALE_YOUNG_LOW_INCOME,33,34.73235586213131,34,33.89290053739327
13,SIAgent11,FEMALE_YOUNG_LOW_INCOME,35,31.440847512465083,168,0.0
13,SIAgent12,FEMALE_OLD_LOW_INCOME,43,42.74598475396354,43,41.88559219670349
13,SIAgent13,MALE_YOUNG_LOW_INCOME,33,31.296248908190584,33,30.527455692578016
13,SIAgent14,OLD_HIGH_INCOME,22,20.09267123301183,22,20.092671233011824
13,SIAgent15,MALE_YOUNG_HIGH_INCOME,10,9.710058594602952,10,9.620201784228557
13,SIAgent16,FEMALE_HIGH_INCOME,12,12.238220569508588,12,11.349374378839542
13,SIAgent17,MALE_YOUNG,42,41.86770066383875,42,41.15078959579474
13,SIAgent18,YOUNG_LOW_INCOME,68,66.35197893869857,69,65.55746891851011
13,WFAgent14,MALE_YOUNG_LOW_INCOME,33,31.658298784426012,33,31.296248908190613
13,WFAgent13,FEMALE_YOUNG_LOW_INCOME,35,35.52837565842223,35,35.0358276407217
13,WFAgent12,FEMALE_YOUNG_HIGH_INCOME,5,4.414567218504024,0,0.0
13,WFAgent11,FEMALE_OLD_LOW_INCOME,43,46.37823874900054,44,46.372510461143804
13,WFAgent10,FEMALE_OLD,50,48.674261804699604,347,8.219729140777565
13,SIAgent9,FEMALE_OLD_HIGH_INCOME,8,8.46256457138684,8,8.308385528969302
13,SIAgent7,MALE_LOW_INCOME,65,55.14237178463632,111,55.14237178463627
13,SIAgent8,OLD_HIGH_INCOME,22,25.28399632584625,24,25.04079086872105
13,SIAgent5,FEMALE_YOUNG_LOW_INCOME,35,35.035827640721735,35,34.78323513351739
13,SIAgent6,FEMALE_YOUNG_LOW_INCOME,35,33.57165629966428,37,33.23746737032024
13,SIAgent3,FEMALE_YOUNG_LOW_INCOME,35,33.892160395549666,35,33.57165629966428
13,SIAgent4,YOUNG_HIGH_INCOME,14,13.46828249791998,15,13.34052753067289
13,SIAgent1,OLD_HIGH_INCOME,22,22.84806020466558,24,22.665117042570962
13,SIAgent2,MALE_YOUNG,42,36.24388784665652,59,35.63045561468806
13,SIAgent0,FEMALE_OLD_LOW_INCOME,43,41.885592196703506,43,41.24035667469398
13,WFAgent0,FEMALE_HIGH_INCOME,12,12.191385894534802,27,1.9240403568457114
13,WFAgent1,OLD_LOW_INCOME,75,71.93085466516389,84,71.26091122937609
13,WFAgent2,FEMALE_OLD_LOW_INCOME,43,45.785403035200495,46,45.72826276005405
13,WFAgent3,MALE_OLD_LOW_INCOME,32,27.20134130581839,32,27.147013801667097
13,WFAgent4,YOUNG_LOW_INCOME,68,73.01907013990572,72,72.07370257519895
13,WFAgent5,MALE_YOUNG,42,35.72626978174428,117,27.147013801667097
14,WFAgent6,FEMALE_OLD_LOW_INCOME,43,44.429368893129244,50,44.40750547596663
14,WFAgent7,FEMALE_OLD_HIGH_INCOME,8,9.0962933273994,8,8.354853518254801
14,WFAgent8,FEMALE_OLD_LOW_INCOME,43,37.2238200757609,194,0.0
14,WFAgent9,MALE_YOUNG_HIGH_INCOME,10,9.58456000448505,10,9.294310350408368
14,SIAgent10,FEMALE_LOW_INCOME,78,68.282668160497,200,67.95581922280695
14,SIAgent11,MALE_OLD_HIGH_INCOME,15,15.689077881742172,15,15.66535034672775
14,SIAgent12,OLD_HIGH_INCOME,22,22.777919005698,23,22.491644585794496
14,SIAgent13,OLD_HIGH_INCOME,22,19.920158130695423,80,0.0
14,SIAgent14,FEMALE_YOUNG_HIGH_INCOME,5,6.746792336901874,6,6.3418045126542095
14,SIAgent15,MALE_YOUNG_HIGH_INCOME,10,9.294310350408367,10,9.23467546903783
14,SIAgent16,YOUNG_LOW_INCOME,68,57.37705341643153,291,43.876570259624096
14,SIAgent17,OLD_HIGH_INCOME,22,22.975847175200705,22,22.876883090449354
14,SIAgent18,YOUNG_LOW_INCOME,68,70.4395604090576,68,70.18435477442151
14,WFAgent14,FEMALE_OLD_LOW_INCOME,43,40.88900420774195,46,40.2692658382418
14,WFAgent13,MALE_OLD_HIGH_INCOME,15,16.621733661159077,15,15.945548822301353
14,WFAgent12,YOUNG_LOW_INCOME,68,68.86222813580468,74,68.7976588291662
14,WFAgent11,MALE_YOUNG_HIGH_INCOME,10,9.222000395078506,11,8.955726591545707
14,WFAgent10,OLD_HIGH_INCOME,22,18.042260605940065,0,0.0
14,SIAgent9,MALE_OLD_LOW_INCOME,32,32.40822929300378,32,31.513479800941155
14,SIAgent7,MALE_YOUNG_HIGH_INCOME,10,11.720625377360246,10,11.290371996974583
14,SIAgent8,YOUNG_LOW_INCOME,68,67.80524615323692,74,67.29373121254477
14,SIAgent5,MALE_YOUNG,42,47.41956238729325,45,46.50797012325458
14,SIAgent6,MALE_OLD_HIGH_INCOME,15,15.945548822301358,15,15.86005850878163
14,SIAgent3,MALE_LOW_INCOME,65,66.0904169112049,65,65.82921575141397
14,SIAgent4,MALE_OLD,46,45.300627213852934,248,45.21176395527083
14,SIAgent1,YOUNG_LOW_INCOME,68,70.1843547744215,70,69.87807678670451
14,SIAgent2,FEMALE_YOUNG_HIGH_INCOME,5,5.284837093878508,6,4.884941777206749
14,SIAgent0,MALE_OLD_HIGH_INCOME,15,14.429286368703456,15,13.581925998201426
14,WFAgent0,MALE_YOUNG,42,36.531438454152514,66,36.282548483919946
14,WFAgent1,MALE_OLD_LOW_INCOME,32,28.874512585378174,86,0.0
14,WFAgent2,FEMALE_YOUNG_HIGH_INCOME,5,5.1633956694147916,35,0.0
14,WFAgent3,FEMALE_OLD,50,44.40750547596666,50,43.770941128523695
14,WFAgent4,YOUNG_HIGH_INCOME,14,11.398197480149081,0,0.0
14,WFAgent5,MALE_YOUNG_LOW_INCOME,33,31.773368352393103,37,31.21986730011718
15,WFAgent6,FEMALE_OLD,50,45.17537767080528,53,45.10987406794075
15,WFAgent7,MALE_YOUNG_HIGH_INCOME,10,10.174676501307564,10,10.063011720044168
15,WFAgent8,FEMALE_YOUNG_HIGH_INCOME,5,4.832307663524042,0,0.0
15,WFAgent9,MALE_OLD_HIGH_INCOME,15,13.847264928943305,15,13.640646358962664
15,SIAgent10,MALE_OLD_LOW_INCOME,32,34.908326919200775,35,34.33351253192094
15,SIAgent11,FEMALE_LOW_INCOME,78,88.6080441208165,84,88.13378500469511
15,SIAgent12,OLD_HIGH_INCOME,22,21.00880205205535,21,20.05385650423466
15,SIAgent13,FEMALE_YOUNG_LOW_INCOME,35,34.464949749651915,35,33.98050622940571
15,SIAgent14,MALE_YOUNG,42,41.50542154571547,43,40.8060334606489
15,SIAgent15,YOUNG_HIGH_INCOME,14,11.74214701600261,14,11.742147016002608
15,SIAgent16,OLD_LOW_INCOME,75,73.57181256840205,147,73.19715414797928
15,SIAgent17,FEMALE_YOUNG_LOW_INCOME,35,39.478831057125234,36,39.124757715789926
15,SIAgent18,FEMALE_OLD,50,42.55648496975539,297,40.003095871570096
15,WFAgent14,OLD_LOW_INCOME,75,71.26442365085916,302,0.0
15,WFAgent13,OLD_HIGH_INCOME,22,26.185293670346898,27,25.64682241948929
15,WFAgent12,MALE_YOUNG_LOW_INCOME,33,34.693607788904416,35,34.5878512880962
15,WFAgent11,MALE_YOUNG_LOW_INCOME,33,33.807300531936896,250,14.82336483775552
15,WFAgent10,FEMALE_YOUNG,40,42.01257644422384,42,41.357939699582275
15,SIAgent9,MALE_YOUNG_LOW_INCOME,33,37.64151701129525,33,37.29295187680811
15,SIAgent7,OLD_HIGH_INCOME,22,20.006281326478575,84,17.278152054686043
15,SIAgent8,FEMALE_OLD_HIGH_INCOME,8,8.323006359755707,8,8.323006359755707
15,SIAgent5,FEMALE_HIGH_INCOME,12,12.036639321036041,12,11.597538392457702
15,SIAgent6,FEMALE_YOUNG,40,36.96629639837126,167,18.28130196437711
15,SIAgent3,YOUNG_HIGH_INCOME,14,14.088216408061834,14,13.943601612162777
15,SIAgent4,FEMALE_YOUNG,40,43.47195301754436,43,42.71110002203071
15,SIAgent1,FEMALE_HIGH_INCOME,12,10.446458265358347,0,0.0
15,SIAgent2,FEMALE_OLD_HIGH_INCOME,8,7.559831760656676,8,7.275011391446754
15,SIAgent0,FEMALE_YOUNG_HIGH_INCOME,5,5.678974093417233,5,5.433994127193045
15,WFAgent0,FEMALE_YOUNG,40,39.64680323243699,40,38.96462591938676
15,WFAgent1,MALE_YOUNG_HIGH_INCOME,10,9.237438241700707,11,9.225972655430622
15,WFAgent2,YOUNG_HIGH_INCOME,14,12.147528107654884,38,11.742147016002608
15,WFAgent3,FEMALE_OLD,50,57.24622072320889,58,57.181464720883625
15,WFAgent4,FEMALE_YOUNG_HIGH_INCOME,5,4.262138156964857,0,0.0
15,WFAgent5,MALE_YOUNG_LOW_INCOME,33,37.81971751164956,33,37.64151701129524
16,WFAgent6,MALE_YOUNG_LOW_INCOME,33,31.917054415636223,156,29.35913729844331
16,WFAgent7,MALE_YOUNG_HIGH_INCOME,10,10.11203440056618,68,0.0
16,WFAgent8,FEMALE_OLD_LOW_INCOME,43,46.93095630925752,43,46.72310300975932
16,WFAgent9,MALE_OLD_LOW_INCOME,32,34.96721257680077,35,34.7566032258065
16,SIAgent10,MALE_YOUNG_HIGH_INCOME,10,10.791886213119412,10,10.52675653019209
16,SIAgent11,MALE_OLD_LOW_INCOME,32,27.251722644594288,146,0.0
16,SIAgent12,FEMALE_OLD_LOW_INCOME,43,40.95910990340831,267,0.0
16,SIAgent13,MALE_YOUNG_HIGH_INCOME,10,12.53292932664683,10,12.064179320553377
16,SIAgent14,FEMALE_YOUNG_LOW_INCOME,35,35.229588585652834,36,34.39721056000352
16,SIAgent15,MALE_OLD_LOW_INCOME,32,41.42390454319609,35,40.87486086502045
16,SIAgent16,OLD_HIGH_INCOME,22,23.18037776840047,23,22.91586992744727
16,SIAgent17,FEMALE_OLD_LOW_INCOME,43,46.224624833099156,43,45.33220039771721
16,SIAgent18,MALE_OLD,46,45.27672453873436,81,44.29244791832712
16,WFAgent14,MALE_OLD_HIGH_INCOME,15,15.679322420299282,15,14.76414930610903
16,WFAgent13,FEMALE_YOUNG,40,49.286509053348055,48,48.620351063771984
16,WFAgent12,FEMALE_HIGH_INCOME,12,11.53155447611936,0,0.0
16,WFAgent11,MALE_YOUNG,42,37.12811750141726,0,0.0
16,WFAgent10,FEMALE_HIGH_INCOME,12,12.960898771930825,12,12.23451194305381
16,SIAgent9,MALE_OLD_LOW_INCOME,32,37.37130136230443,34,36.943848891437604
16,SIAgent7,FEMALE_YOUNG,40,38.21912284444836,335,0.0
16,SIAgent8,MALE_YOUNG_HIGH_INCOME,10,12.064179320553375,11,11.87107483443135
16,SIAgent5,MALE_LOW_INCOME,65,61.5594814322199,67,60.68549356088449
16,SIAgent6,FEMALE_YOUNG_LOW_INCOME,35,35.45233931733371,35,35.22958858565285
16,SIAgent3,FEMALE_OLD_LOW_INCOME,43,45.3322003977172,47,44.769259661864915
16,SIAgent4,YOUNG_HIGH_INCOME,14,14.737459142268925,15,14.260522944434895
16,SIAgent1,OLD_LOW_INCOME,75,81.49378431934767,75,81.29671155183084
16,SIAgent2,FEMALE_YOUNG_HIGH_INCOME,5,5.338510349377888,5,5.263378265096045
16,SIAgent0,FEMALE_OLD_HIGH_INCOME,8,7.961422021048386,65,0.0
16,WFAgent0,YOUNG_HIGH_INCOME,14,14.654220733609119,15,14.332171066668133
16,WFAgent1,MALE_OLD_HIGH_INCOME,15,13.713754375438276,73,0.0
16,WFAgent2,YOUNG_LOW_INCOME,68,61.82410342881009,0,0.0
16,WFAgent3,YOUNG_LOW_INCOME,68,70.44681247301516,74,70.08310193821957
16,WFAgent4,MALE_LOW_INCOME,65,70.13052904586004,72,69.63720963411542
16,WFAgent5,MALE_OLD,46,48.13324425844835,49,47.82026997169807
17,WFAgent6,MALE_HIGH_INCOME,24,23.90074282068803,29,23.567554998245747
17,WFAgent7,FEMALE_LOW_INCOME,78,110.58491007053563,105,110.05766461588205
17,WFAgent8,FEMALE_YOUNG_LOW_INCOME,35,33.400816491841766,35,32.90966668068768
17,WFAgent9,MALE_LOW_INCOME,65,72.1649305473618,71,71.56867216181747
17,SIAgent10,MALE_YOUNG_HIGH_INCOME,10,11.452539020190628,10,11.306470380587275
17,SIAgent11,FEMALE_HIGH_INCOME,12,8.824039623996198,24,6.618029717997149
17,SIAgent12,OLD_LOW_INCOME,75,68.24467081473391,571,55.50566559598355
17,SIAgent13,OLD_LOW_INCOME,75,75.89815899525556,79,75.1498748818756
17,SIAgent14,YOUNG_LOW_INCOME,68,63.93878097962177,71,63.71053196600667
17,SIAgent15,YOUNG_HIGH_INCOME,14,12.018368330601849,13,11.159913449844575
17,SIAgent16,MALE_OLD_HIGH_INCOME,15,13.940440414080513,17,13.465241910715724
17,SIAgent17,FEMALE_YOUNG_LOW_INCOME,35,31.289642424172538,55,0.0
17,SIAgent18,FEMALE_YOUNG_LOW_INCOME,35,35.61209589887392,37,35.51823340888299
17,WFAgent14,FEMALE_YOUNG_LOW_INCOME,35,42.3141111780671,40,41.61993157564456
17,WFAgent13,MALE_YOUNG_LOW_INCOME,33,32.18907856476475,34,32.00275043130823
17,WFAgent12,FEMALE_OLD_LOW_INCOME,43,42.825196168708274,47,42.76666037723323
17,WFAgent11,OLD_HIGH_INCOME,22,21.479963952505294,29,21.32476242465748
17,WFAgent10,MALE_HIGH_INCOME,24,26.0137579755091,30,25.75364642271825
17,SIAgent9,OLD_HIGH_INCOME,22,21.724849624322367,23,21.575684275663505
17,SIAgent7,YOUNG_LOW_INCOME,68,68.8421035677198,67,67.82971969172395
17,SIAgent8,MALE_OLD,46,43.785810318753825,47,43.33023912942513
17,SIAgent5,FEMALE_YOUNG,40,41.926729377478914,43,41.08725365351615
17,SIAgent6,YOUNG_LOW_INCOME,68,65.0730189905316,69,64.96245702424184
17,SIAgent3,MALE_YOUNG,42,47.48717559846656,46,46.52948500617876
17,SIAgent4,MALE_HIGH_INCOME,24,19.00975328571631,102,0.0
17,SIAgent1,MALE_YOUNG_LOW_INCOME,33,32.476918806194014,33,32.476918806194014
17,SIAgent2,MALE_OLD_HIGH_INCOME,15,15.137548433811917,15,14.812397471128886
17,SIAgent0,FEMALE_OLD_LOW_INCOME,43,54.17374759298296,53,53.63469902331396
17,WFAgent0,OLD_LOW_INCOME,75,81.9422186447337,82,80.99835678673102
17,WFAgent1,MALE_YOUNG_LOW_INCOME,33,29.29007646350758,55,0.0
17,WFAgent2,FEMALE_OLD_HIGH_INCOME,8,7.445739062382501,10,7.353366353330165
17,WFAgent3,MALE_YOUNG,42,42.18266715892063,43,41.99209463623327
17,WFAgent4,MALE_LOW_INCOME,65,55.750384898771344,0,0.0
17,WFAgent5,FEMALE_HIGH_INCOME,12,11.950129969334663,15,11.276286020843765
18,WFAgent6,YOUNG_LOW_INCOME,68,69.52495249859747,94,69.52140676953981
18,WFAgent7,YOUNG_HIGH_INCOME,14,14.098867174956306,16,13.936056496197928
18,WFAgent8,FEMALE_LOW_INCOME,78,79.81474434339631,82,79.65464538355938
18,WFAgent9,MALE_OLD_HIGH_INCOME,15,16.437851757561404,15,15.776356965745553
18,SIAgent10,FEMALE_LOW_INCOME,78,76.96686968045495,78,76.48323467056852
18,SIAgent11,MALE_HIGH_INCOME,24,20.9040847442969,115,17.69703159939173
18,SIAgent12,MALE_LOW_INCOME,65,75.83030100547272,68,74.92810628723156
18,SIAgent13,FEMALE_OLD,50,44.844326445683635,261,7.17509223130938
18,SIAgent14,FEMALE_OLD,50,47.30669946679944,52,46.63809950351102
18,SIAgent15,OLD_HIGH_INCOME,22,23.36135989974166,22,23.098898176830964
18,SIAgent16,FEMALE_HIGH_INCOME,12,11.647544264430415,12,11.353607872031864
18,SIAgent17,MALE_YOUNG,42,44.94627409005209,45,44.36009121512628
18,SIAgent18,FEMALE_HIGH_INCOME,12,12.5767946466332,12,12.189606987382039
18,WFAgent14,YOUNG_HIGH_INCOME,14,14.486733598372917,16,13.936056496197928
18,WFAgent13,YOUNG_LOW_INCOME,68,78.0993239501123,71,77.22215455534815
18,WFAgent12,FEMALE_OLD_HIGH_INCOME,8,7.299976593456823,8,7.17509223130938
18,WFAgent11,MALE_YOUNG_LOW_INCOME,33,28.718190857072702,38,28.104398481303395
18,WFAgent10,MALE_LOW_INCOME,65,68.37202021759741,219,35.773025141587134
18,SIAgent9,YOUNG_LOW_INCOME,68,50.292081492858706,193,36.23988225220699
18,SIAgent7,OLD_LOW_INCOME,75,93.22919440944399,81,92.44710549906706
18,SIAgent8,MALE_OLD_HIGH_INCOME,15,16.925019161172838,15,15.928199931642045
18,SIAgent5,FEMALE_YOUNG,40,38.82534289987191,48,38.09507281188246
18,SIAgent6,MALE_YOUNG_LOW_INCOME,33,36.6806328332318,32,35.56909850495206
18,SIAgent3,FEMALE_YOUNG_LOW_INCOME,35,27.77765725866429,35,27.77765725866428
18,SIAgent4,MALE_YOUNG_HIGH_INCOME,10,7.489163574390016,0,0.0
18,SIAgent1,FEMALE_LOW_INCOME,78,87.79974063047277,86,87.01506920041884
18,SIAgent2,FEMALE_YOUNG_HIGH_INCOME,5,4.899400649498195,0,0.0
18,SIAgent0,MALE_OLD,46,42.19382452597461,46,41.731289286973364
18,WFAgent0,FEMALE_YOUNG,40,36.899887194840936,47,36.65273046328638
18,WFAgent1,FEMALE_YOUNG,40,41.27353352163824,41,40.45694431921353
18,WFAgent2,FEMALE_YOUNG,40,45.9851617832256,46,45.71534260243021
18,WFAgent3,MALE_OLD_HIGH_INCOME,15,15.168985102159587,16,14.676112878599865
18,WFAgent4,MALE_OLD_HIGH_INCOME,15,15.494187161948751,16,14.676112878599865
18,WFAgent5,MALE_LOW_INCOME,65,68.45600115748789,74,67.87702206352431
19,WFAgent6,OLD_LOW_INCOME,75,72.71153146738015,0,0.0
19,WFAgent7,FEMALE_OLD_LOW_INCOME,43,44.09208394504523,284,0.0
19,WFAgent8,MALE_OLD_LOW_INCOME,32,32.00512018121865,33,31.993073845647242
19,WFAgent9,FEMALE_YOUNG_HIGH_INCOME,5,5.701018827468362,5,5.4797753136442715
19,SIAgent10,MALE_OLD_HIGH_INCOME,15,15.856171315539505,16,15.838283303991835
19,SIAgent11,YOUNG_LOW_INCOME,68,71.06295188754723,68,70.37470607058327
19,SIAgent12,MALE_LOW_INCOME,65,65.09588659034712,66,64.31729891252144
19,SIAgent13,OLD_HIGH_INCOME,22,23.578122690373732,22,22.834732716157163
19,SIAgent14,MALE_HIGH_INCOME,24,23.75742495598776,24,23.199297845440505
19,SIAgent15,MALE_YOUNG_HIGH_INCOME,10,9.771245496042685,7,5.85869154612476
19,SIAgent16,MALE_OLD_HIGH_INCOME,15,14.499561153400313,15,14.49956115340031
19,SIAgent17,MALE_OLD_HIGH_INCOME,15,13.146476288646529,56,0.0
19,SIAgent18,MALE_YOUNG_LOW_INCOME,33,31.110959452016555,241,29.225446757954956
19,WFAgent14,MALE_HIGH_INCOME,24,21.473475801740722,0,0.0
19,WFAgent13,YOUNG_HIGH_INCOME,14,11.71738309224952,0,0.0
19,WFAgent12,FEMALE_OLD_HIGH_INCOME,8,6.508496770175544,0,0.0
19,WFAgent11,MALE_YOUNG,42,43.38422030939525,43,42.56538637947805
19,WFAgent10,MALE_OLD_LOW_INCOME,32,31.184144927283125,219,0.0
19,SIAgent9,MALE_LOW_INCOME,65,74.88668323847746,69,74.8645644814542
19,SIAgent7,YOUNG_LOW_INCOME,68,77.65808890807008,74,77.3332123482133
19,SIAgent8,FEMALE_OLD_HIGH_INCOME,8,7.7439678026014525,8,7.701540022924207
19,SIAgent5,FEMALE_OLD_HIGH_INCOME,8,7.701540022924208,9,7.322058866447485
19,SIAgent6,FEMALE_YOUNG,40,41.61454735693376,350,0.0
19,SIAgent3,YOUNG_HIGH_INCOME,14,15.170500771230842,14,14.34227769265889
19,SIAgent4,MALE_YOUNG_LOW_INCOME,33,34.01066455908259,35,33.75981695274713
19,SIAgent1,MALE_HIGH_INCOME,24,26.393943783354118,24,25.939588307996324
19,SIAgent2,YOUNG_HIGH_INCOME,14,15.343370878203961,14,15.232240095149812
19,SIAgent0,FEMALE_HIGH_INCOME,12,12.123623434697228,12,11.615951703902176
19,WFAgent0,MALE_YOUNG_LOW_INCOME,33,32.97523994301929,34,32.05371579904737
19,WFAgent1,FEMALE_LOW_INCOME,78,93.32829391185543,91,93.31115439532816
19,WFAgent2,MALE_HIGH_INCOME,24,23.729557968651495,25,23.083467363864173
19,WFAgent3,YOUNG_HIGH_INCOME,14,14.218492202510044,14,13.679743694459756
19,WFAgent4,FEMALE_LOW_INCOME,78,87.95233266733578,90,87.25383776085626
19,WFAgent5,OLD_HIGH_INCOME,22,19.336121643846724,38,0.0
20,WFAgent6,FEMALE_YOUNG_HIGH_INCOME,5,4.910909422624662,0,0.0
20,WFAgent7,FEMALE_YOUNG_HIGH_INCOME,5,4.565697170740859,0,0.0
20,WFAgent8,FEMALE_YOUNG_LOW_INCOME,35,33.59992114237519,35,33.30594276184015
20,WFAgent9,FEMALE_YOUNG_LOW_INCOME,35,29.559176005192107,0,0.0
20,SIAgent10,MALE_YOUNG_LOW_INCOME,33,32.58498404428875,235,0.0
20,SIAgent11,FEMALE_LOW_INCOME,78,68.29324953367106,240,63.039922646465484
20,SIAgent12,FEMALE_OLD_HIGH_INCOME,8,7.080271802368042,8,6.989668207678735
20,SIAgent13,FEMALE_OLD_LOW_INCOME,43,46.54092777555378,44,46.001976626861214
20,SIAgent14,FEMALE_LOW_INCOME,78,70.42024859066765,77,69.51742489078742
20,SIAgent15,MALE_YOUNG,42,43.39844991783238,42,42.93715459396058
20,SIAgent16,FEMALE_LOW_INCOME,78,87.53211350401757,80,86.47799378908245
20,SIAgent17,MALE_HIGH_INCOME,24,22.371405832680598,132,0.0
20,SIAgent18,MALE_HIGH_INCOME,24,25.995316551879235,24,25.94823313698702
20,WFAgent14,MALE_YOUNG,42,40.970979099335075,0,0.0
20,WFAgent13,MALE_YOUNG_HIGH_INCOME,10,8.371243369115295,0,0.0
20,WFAgent12,FEMALE_OLD_HIGH_INCOME,8,8.007863218612526,9,7.9653057776640495
20,WFAgent11,FEMALE_LOW_INCOME,78,69.90390514566616,79,69.16880401487184
20,WFAgent10,YOUNG_LOW_INCOME,68,71.11403967010396,70,70.67933382595423
20,SIAgent9,MALE_OLD_HIGH_INCOME,15,16.19998943003231,15,15.225350397369743
20,SIAgent7,MALE_OLD,46,46.69107455193389,189,46.139997131520914
20,SIAgent8,MALE_HIGH_INCOME,24,23.568993375103197,25,23.303547742375635
20,SIAgent5,FEMALE_YOUNG,40,43.14751454737532,40,43.07376715649778
20,SIAgent6,FEMALE_OLD_HIGH_INCOME,8,8.209245833673606,9,7.9653057776640495
20,SIAgent3,FEMALE_LOW_INCOME,78,81.54895856579938,89,80.88783060153183
20,SIAgent4,FEMALE_YOUNG,40,38.063934584960165,40,37.13239839403571
20,SIAgent1,FEMALE_HIGH_INCOME,12,10.402959076297725,68,0.0
20,SIAgent2,MALE_LOW_INCOME,65,70.90665353730782,68,70.57961963529085
20,SIAgent0,FEMALE_YOUNG,40,43.07376715649775,41,42.48987380381113
20,WFAgent0,MALE_OLD_LOW_INCOME,32,34.301646784458924,33,33.49577087421344
20,WFAgent1,MALE_YOUNG_HIGH_INCOME,10,10.862057804955345,10,10.78154013356977
20,WFAgent2,FEMALE_YOUNG_LOW_INCOME,35,31.73194191812412,36,31.710845853988907
20,WFAgent3,FEMALE_YOUNG,40,35.7861330650896,0,0.0
20,WFAgent4,OLD_LOW_INCOME,75,78.17322333641566,87,77.80939298524586
20,WFAgent5,MALE_OLD,46,45.919621322260014,175,0.0
21,WFAgent6,FEMALE_OLD_LOW_INCOME,43,37.724820212466796,254,0.0
21,WFAgent7,MALE_OLD_HIGH_INCOME,15,13.806241298440574,16,13.45495596618724
21,WFAgent8,MALE_OLD_LOW_INCOME,32,31.09740617821061,37,30.51427267722305
21,WFAgent9,MALE_LOW_INCOME,65,69.03250265828083,83,68.7584065596987
21,SIAgent10,YOUNG_LOW_INCOME,68,56.140668650193305,148,55.315070581808186
21,SIAgent11,OLD_HIGH_INCOME,22,21.421970989008745,22,21.164955016599393
21,SIAgent12,FEMALE_OLD_LOW_INCOME,43,44.454104586607,49,43.862036206349025
21,SIAgent13,MALE_HIGH_INCOME,24,23.38308934190404,24,23.128470422966686
21,SIAgent14,FEMALE_LOW_INCOME,78,69.8212004917393,154,69.23799147973419
21,SIAgent15,FEMALE_YOUNG,40,38.460949141006566,40,37.83185405201337
21,SIAgent16,MALE_LOW_INCOME,65,53.84694489614957,65,53.84694489614955
21,SIAgent17,MALE_OLD_HIGH_INCOME,15,17.89483219663168,16,17.59079079218944
21,SIAgent18,MALE_YOUNG_HIGH_INCOME,10,10.432016941051023,10,9.742953892460017
21,WFAgent14,MALE_HIGH_INCOME,24,21.961186929287294,50,9.250282226753727
21,WFAgent13,MALE_LOW_INCOME,65,70.78812860826615,66,70.04527705551553
21,WFAgent12,YOUNG_HIGH_INCOME,14,13.055440034741798,14,12.797803229751363
21,WFAgent11,OLD_HIGH_INCOME,22,23.758501980818565,24,23.369422897100463
21,WFAgent10,FEMALE_OLD_HIGH_INCOME,8,8.242272180765168,10,8.076523222473414
21,SIAgent9,FEMALE_HIGH_INCOME,12,8.837734903432901,41,0.0
21,SIAgent7,YOUNG_HIGH_INCOME,14,12.797803229751366,16,12.759362510135164
21,SIAgent8,MALE_OLD_LOW_INCOME,32,25.778250850368128,185,0.0
21,SIAgent5,YOUNG_LOW_INCOME,68,76.35428330690563,77,75.74747875617177
21,SIAgent6,FEMALE_YOUNG_LOW_INCOME,35,32.965257744794435,36,32.22516945772584
21,SIAgent3,MALE_OLD,46,48.81943552354121,50,48.62972029228478
21,SIAgent4,MALE_HIGH_INCOME,24,26.386186188284164,25,26.224765412576524
21,SIAgent1,MALE_YOUNG_HIGH_INCOME,10,7.974601568834479,15,0.0
21,SIAgent2,MALE_OLD_HIGH_INCOME,15,12.614021218300536,14,11.773086470413835
21,SIAgent0,MALE_HIGH_INCOME,24,22.98389893848641,25,22.876236384674264
21,WFAgent0,FEMALE_OLD,50,46.31039741410605,51,45.6523233984449
21,WFAgent1,FEMALE_YOUNG_LOW_INCOME,35,37.83658063815839,39,37.49942541248142
21,WFAgent2,MALE_OLD,46,46.49617032075996,56,46.391214064375
21,WFAgent3,FEMALE_LOW_INCOME,78,69.09434124236468,154,61.09425706050457
21,WFAgent4,FEMALE_YOUNG,40,41.37290562529028,46,41.220994168720686
21,WFAgent5,MALE_YOUNG,42,39.63677620782213,47,38.90450207933538
22,WFAgent6,FEMALE_YOUNG_HIGH_INCOME,5,4.741976586236692,25,4.4760220113971245
22,WFAgent7,MALE_YOUNG_LOW_INCOME,33,28.403372555353094,0,0.0
22,WFAgent8,OLD_LOW_INCOME,75,71.76785714654744,223,25.643017674509544
22,WFAgent9,FEMALE_YOUNG_HIGH_INCOME,5,3.8326192747907304,0,0.0
22,SIAgent10,MALE_HIGH_INCOME,24,20.922782445225288,44,20.209617446552468
22,SIAgent11,FEMALE_OLD,50,52.452855386437705,54,51.60206339914648
22,SIAgent12,MALE_OLD_LOW_INCOME,32,30.880685094521127,32,30.865405080669557
22,SIAgent13,MALE_OLD,46,53.52753529264591,51,52.65524229563512
22,SIAgent14,FEMALE_OLD_HIGH_INCOME,8,7.6269205970846645,8,7.308996050307625
22,SIAgent15,FEMALE_OLD,50,43.487566053296405,57,43.48756605329637
22,SIAgent16,FEMALE_YOUNG_LOW_INCOME,35,34.71585274444035,36,33.85496227209899
22,SIAgent17,MALE_LOW_INCOME,65,60.38070687311104,68,59.90134045830042
22,SIAgent18,YOUNG_LOW_INCOME,68,59.61444897070833,421,0.0
22,WFAgent14,FEMALE_OLD_HIGH_INCOME,8,7.568879141581824,8,6.958010568527426
22,WFAgent13,YOUNG_LOW_INCOME,68,66.85661380645182,72,66.81320852806198
22,WFAgent12,FEMALE_YOUNG,40,37.61662474677666,42,37.59858489573586
22,WFAgent11,YOUNG_HIGH_INCOME,14,14.94004489188714,15,14.234942812586892
22,WFAgent10,FEMALE_OLD_HIGH_INCOME,8,7.308996050307624,8,6.958010568527426
22,SIAgent9,FEMALE_YOUNG_HIGH_INCOME,5,5.0238494247112016,5,5.0238494247112016
22,SIAgent7,FEMALE_YOUNG,40,35.808176091176996,40,35.067322923946065
22,SIAgent8,MALE_HIGH_INCOME,24,23.750403124219513,24,23.468123306532224
22,SIAgent5,MALE_HIGH_INCOME,24,22.056724218095844,25,21.79456504710968
22,SIAgent6,MALE_OLD_HIGH_INCOME,15,12.631010904095291,31,0.0
22,SIAgent3,MALE_YOUNG,42,40.47544252928551,43,39.94415993144271
22,SIAgent4,FEMALE_OLD_LOW_INCOME,43,46.597631317648656,44,46.158512740065206
22,SIAgent1,MALE_LOW_INCOME,65,68.6290483912298,71,68.43993705056732
22,SIAgent2,MALE_YOUNG_LOW_INCOME,33,29.069768163586996,33,28.9305414122555
22,SIAgent0,OLD_LOW_INCOME,75,71.23060465141538,78,70.32029534601696
22,WFAgent0,FEMALE_YOUNG_LOW_INCOME,35,29.105137183619533,0,0.0
22,WFAgent1,FEMALE_LOW_INCOME,78,80.08717060662204,84,79.77827720958526
22,WFAgent2,MALE_YOUNG,42,44.45108478196687,45,44.39086594906797
22,WFAgent3,MALE_OLD_LOW_INCOME,32,32.842556266090774,34,32.810727912928705
22,WFAgent4,MALE_HIGH_INCOME,24,24.600741064657424,24,23.750403124219506
22,WFAgent5,FEMALE_LOW_INCOME,78,72.38097590540048,211,45.22706869542822
23,WFAgent6,FEMALE_OLD_LOW_INCOME,43,41.65192017938046,49,41.53723683878747
23,WFAgent7,MALE_YOUNG_LOW_INCOME,33,35.16483709213999,38,34.68695117313283
23,WFAgent8,FEMALE_OLD_LOW_INCOME,43,38.10439905034607,270,0.0
23,WFAgent9,FEMALE_HIGH_INCOME,12,11.003211506678097,7,5.415632551109568
23,SIAgent10,YOUNG_LOW_INCOME,68,61.12846179254622,71,60.75451472059261
23,SIAgent11,OLD_HIGH_INCOME,22,22.697273215095247,23,21.830631478680868
23,SIAgent12,YOUNG_HIGH_INCOME,14,13.839694213175308,14,13.50298337139507
23,SIAgent13,MALE_OLD,46,53.234055449853564,51,52.881685043914366
23,SIAgent14,FEMALE_YOUNG,40,35.49370813821437,43,35.19340369192496
23,SIAgent15,FEMALE_OLD_LOW_INCOME,43,42.58623121738324,48,42.53514312596771
23,SIAgent16,FEMALE_YOUNG_LOW_INCOME,35,35.35669050459212,39,35.058970733960344
23,SIAgent17,FEMALE_LOW_INCOME,78,81.08572261043177,80,80.2406956559565
23,SIAgent18,MALE_YOUNG,42,35.36742165635473,43,35.19340369192496
23,WFAgent14,MALE_YOUNG_HIGH_INCOME,10,9.421897041780024,31,0.0
23,WFAgent13,FEMALE_HIGH_INCOME,12,11.458542029728264,58,10.648112441464313
23,WFAgent12,MALE_OLD,46,47.15346402361797,269,0.0
23,WFAgent11,FEMALE_OLD_LOW_INCOME,43,49.59188437004848,46,48.88697494966366
23,WFAgent10,FEMALE_YOUNG_LOW_INCOME,35,34.166855984608176,38,33.916312220699105
23,SIAgent9,MALE_HIGH_INCOME,24,23.192251425432758,24,22.664759795577254
23,SIAgent7,MALE_YOUNG_LOW_INCOME,33,30.1228786503522,33,30.109012113333524
23,SIAgent8,MALE_OLD_HIGH_INCOME,15,15.85205943817424,15,15.47541355574676
23,SIAgent5,FEMALE_OLD_HIGH_INCOME,8,8.852533591419327,8,8.519758621812057
23,SIAgent6,MALE_HIGH_INCOME,24,22.664759795577265,62,21.894118168219592
23,SIAgent3,FEMALE_OLD,50,53.24849138632536,50,52.94901107023485
23,SIAgent4,MALE_YOUNG_HIGH_INCOME,10,11.840039518237248,11,10.87404545320917
23,SIAgent1,YOUNG_LOW_INCOME,68,72.61810627951668,74,72.36462292294887
23,SIAgent2,YOUNG_LOW_INCOME,68,55.65468490816045,165,54.9299873041114
23,SIAgent0,FEMALE_YOUNG,40,30.9464717206261,56,30.946471720626086
23,WFAgent0,YOUNG_HIGH_INCOME,14,13.56372917236778,14,12.837080091124447
23,WFAgent1,MALE_LOW_INCOME,65,56.7964643530312,0,0.0
23,WFAgent2,FEMALE_YOUNG_LOW_INCOME,35,28.25237278948559,36,27.851824548563478
23,WFAgent3,MALE_OLD,46,52.953482903820564,60,52.42750555664416
23,WFAgent4,MALE_HIGH_INCOME,24,25.922457338730283,26,25.214216071971606
23,WFAgent5,FEMALE_OLD,50,42.38493554978311,0,0.0
24,WFAgent6,MALE_OLD,46,48.23120676601647,50,47.40251330702887
24,WFAgent7,OLD_LOW_INCOME,75,90.62399977943363,83,89.61728018265124
24,WFAgent8,YOUNG_HIGH_INCOME,14,12.04474705106437,0,0.0
24,WFAgent9,YOUNG_HIGH_INCOME,14,13.243961431966671,63,2.7485548911725703
24,SIAgent10,FEMALE_YOUNG,40,44.8417232183687,40,44.31890932434528
24,SIAgent11,FEMALE_OLD_LOW_INCOME,43,45.462998520093876,46,44.65722006724812
24,SIAgent12,YOUNG_HIGH_INCOME,14,14.785295474512326,14,14.130917686713259
24,SIAgent13,MALE_OLD_LOW_INCOME,32,35.67526019532042,36,35.00409961476485
24,SIAgent14,MALE_HIGH_INCOME,24,21.988439129380563,23,21.072254165656375
24,SIAgent15,FEMALE_YOUNG,40,39.07506645194317,41,39.044104270862874
24,SIAgent16,FEMALE_YOUNG_HIGH_INCOME,5,4.496752982501033,23,0.0
24,SIAgent17,OLD_LOW_INCOME,75,68.1319507670316,76,67.41241170977496
24,SIAgent18,YOUNG_LOW_INCOME,68,63.672912546747675,70,63.12488007570118
24,WFAgent14,OLD_HIGH_INCOME,22,24.140847156631313,24,23.299419165520735
24,WFAgent13,FEMALE_YOUNG_LOW_INCOME,35,30.70919092156129,0,0.0
24,WFAgent12,FEMALE_OLD,50,50.262476809337926,52,49.483944911914534
24,WFAgent11,FEMALE_YOUNG,40,40.93121948833538,40,40.0388497212714
24,WFAgent10,FEMALE_YOUNG_LOW_INCOME,35,35.51644476197049,36,35.16755980674884
24,SIAgent9,FEMALE_OLD,50,48.540456594834865,52,48.30596644194738
24,SIAgent7,FEMALE_OLD_LOW_INCOME,43,47.09798159532271,42,46.0026796977571
24,SIAgent8,MALE_YOUNG,42,44.98930639403054,45,44.84395815374287
24,SIAgent5,FEMALE_YOUNG,40,44.318909324345285,43,44.23074527675799
24,SIAgent6,MALE_LOW_INCOME,65,63.201846526658734,65,63.20184652665868
24,SIAgent3,MALE_LOW_INCOME,65,58.615960070293966,162,58.054904798776256
24,SIAgent4,YOUNG_HIGH_INCOME,14,13.961860139331518,14,13.008664584861826
24,SIAgent1,MALE_OLD,46,40.46250940520773,136,15.833155854211727
24,SIAgent2,FEMALE_OLD,50,39.4733381919977,256,8.684134402239494
24,SIAgent0,YOUNG_HIGH_INCOME,14,14.130917686713259,14,13.961860139331518
24,WFAgent0,FEMALE_YOUNG,40,43.35617358389591,42,42.61973371436456
24,WFAgent1,MALE_OLD,46,51.79932914880607,56,51.30635796855469
24,WFAgent2,MALE_YOUNG,42,44.63888341452953,46,44.61955140058051
24,WFAgent3,OLD_HIGH_INCOME,22,19.642111620821943,23,19.51003065589607
24,WFAgent4,FEMALE_YOUNG_LOW_INCOME,35,35.033993506112495,179,27.35254651636022
24,WFAgent5,OLD_HIGH_INCOME,22,21.569413802133703,23,20.999123777564847
25,WFAgent6,MALE_LOW_INCOME,65,67.21812889644274,67,67.21208246553499
25,WFAgent7,OLD_HIGH_INCOME,22,22.088507976478606,34,0.0
25,WFAgent8,FEMALE_YOUNG_HIGH_INCOME,5,4.671327917702834,5,4.402438596779515
25,WFAgent9,YOUNG_HIGH_INCOME,14,11.366846209590156,0,0.0
25,SIAgent10,YOUNG_LOW_INCOME,68,67.15314932971245,72,66.5795983586509
25,SIAgent11,FEMALE_OLD,50,46.00530354353552,50,45.96320537527522
25,SIAgent12,MALE_OLD,46,46.45338942627864,46,46.04564347655074
25,SIAgent13,MALE_OLD_HIGH_INCOME,15,14.295265054582305,74,0.0
25,SIAgent14,MALE_YOUNG,42,30.300673514582098,148,0.0
25,SIAgent15,FEMALE_OLD_LOW_INCOME,43,39.528356622736666,45,39.44438043397143
25,SIAgent16,MALE_OLD_LOW_INCOME,32,29.29460276610278,150,0.0
25,SIAgent17,MALE_OLD,46,48.99182041627493,47,48.47772774079797
25,SIAgent18,MALE_HIGH_INCOME,24,24.543764907857735,24,23.619699968875288
25,WFAgent14,FEMALE_LOW_INCOME,78,69.1793960790723,163,0.0
25,WFAgent13,MALE_LOW_INCOME,65,56.92794515984827,0,0.0
25,WFAgent12,YOUNG_LOW_INCOME,68,67.02171257773323,75,66.51865007603101
25,WFAgent11,OLD_LOW_INCOME,75,79.11377103600968,78,78.76879076629851
25,WFAgent10,FEMALE_YOUNG_LOW_INCOME,35,31.015066073711772,0,0.0
25,SIAgent9,FEMALE_LOW_INCOME,78,72.04835672350067,78,71.76827352791538
25,SIAgent7,MALE_LOW_INCOME,65,65.33242372877412,65,64.80538680258407
25,SIAgent8,YOUNG_LOW_INCOME,68,72.45583294387252,70,72.41202807556499
25,SIAgent5,FEMALE_LOW_INCOME,78,81.17515429400424,80,80.55430313759372
25,SIAgent6,MALE_YOUNG,42,50.972234962898526,48,50.630852835979006
25,SIAgent3,FEMALE_YOUNG_HIGH_INCOME,5,4.402438596779515,5,4.402438596779515
25,SIAgent4,FEMALE_LOW_INCOME,78,78.54044555915382,83,77.75228148308248
25,SIAgent1,FEMALE_HIGH_INCOME,12,15.317519291932685,15,14.455348926263174
25,SIAgent2,MALE_OLD,46,45.88501628423368,48,45.21898950055654
25,SIAgent0,MALE_YOUNG,42,39.8231899069896,51,39.26359391688362
25,WFAgent0,MALE_YOUNG_LOW_INCOME,33,30.3118544117984,42,30.300673514582083
25,WFAgent1,FEMALE_YOUNG,40,36.127607451358294,167,7.043901754847225
25,WFAgent2,YOUNG_LOW_INCOME,68,75.6731754895615,72,74.77039546759093
25,WFAgent3,FEMALE_OLD,50,51.68370183334381,56,51.52593996875973
25,WFAgent4,MALE_YOUNG,42,43.04538240397423,42,42.21479687090023
25,WFAgent5,FEMALE_OLD,50,43.827089371079396,0,0.0
26,WFAgent6,MALE_LOW_INCOME,65,69.41417566971805,79,68.77429127109626
26,WFAgent7,FEMALE_YOUNG_HIGH_INCOME,5,5.426265174089265,3,2.6182912101467233
26,WFAgent8,MALE_YOUNG,42,36.5635472580511,0,0.0
26,WFAgent9,FEMALE_OLD_HIGH_INCOME,8,8.392464682467963,8,7.788428790479735
26,SIAgent10,FEMALE_YOUNG_LOW_INCOME,35,33.271998577106764,35,32.5671421925919
26,SIAgent11,FEMALE_YOUNG_LOW_INCOME,35,42.51442823780531,38,41.60993887922911
26,SIAgent12,FEMALE_OLD,50,45.54418050622452,56,45.41791068949129
26,SIAgent13,OLD_HIGH_INCOME,22,19.451271066288115,90,19.200802207742637
26,SIAgent14,MALE_OLD_LOW_INCOME,32,31.93283721238807,32,31.162800038710763
26,SIAgent15,FEMALE_YOUNG_LOW_INCOME,35,38.324943704553114,35,37.92335971811977
26,SIAgent16,OLD_LOW_INCOME,75,80.78443319167663,80,80.74403225895985
26,SIAgent17,FEMALE_YOUNG,40,43.340982534993984,41,42.9428481990803
26,SIAgent18,FEMALE_HIGH_INCOME,12,10.473164840586893,15,0.0
26,WFAgent14,MALE_YOUNG_LOW_INCOME,33,29.373876281152036,131,0.0
26,WFAgent13,FEMALE_HIGH_INCOME,12,11.948909359899268,12,11.35322668369898
26,WFAgent12,YOUNG_HIGH_INCOME,14,15.181690659259338,17,14.799531033020683
26,WFAgent11,MALE_LOW_INCOME,65,73.3197927498779,82,72.98963197134755
26,WFAgent10,FEMALE_YOUNG,40,45.84273620053077,42,45.54507197777803
26,SIAgent9,FEMALE_OLD_LOW_INCOME,43,34.272438694008976,189,0.0
26,SIAgent7,FEMALE_YOUNG_LOW_INCOME,35,36.65852895043437,35,36.31427430885979
26,SIAgent8,FEMALE_LOW_INCOME,78,80.92895417403042,86,80.7587250428341
26,SIAgent5,MALE_OLD,46,44.7965250556467,95,44.39955135327386
26,SIAgent6,FEMALE_YOUNG_HIGH_INCOME,5,3.987897491442263,0,0.0
26,SIAgent3,FEMALE_OLD_LOW_INCOME,43,50.80506969920388,47,50.62491146678405
26,SIAgent4,FEMALE_LOW_INCOME,78,72.57820260063342,80,71.95980519983479
26,SIAgent1,FEMALE_OLD_HIGH_INCOME,8,7.5688177891326545,8,7.392724721547198
26,SIAgent2,FEMALE_YOUNG_HIGH_INCOME,5,4.3223540263676865,0,0.0
26,SIAgent0,FEMALE_YOUNG,40,40.166007984252445,42,39.92639829252815
26,WFAgent0,MALE_YOUNG_LOW_INCOME,33,38.77659322106425,34,38.35189159224383
26,WFAgent1,MALE_HIGH_INCOME,24,25.31227514722021,28,0.0
26,WFAgent2,MALE_YOUNG,42,48.1379185235929,45,47.460515901037866
26,WFAgent3,MALE_OLD_HIGH_INCOME,15,15.029568653518163,15,14.607562518145667
26,WFAgent4,MALE_YOUNG_LOW_INCOME,33,37.572043492624424,35,37.3768638221559
26,WFAgent5,FEMALE_HIGH_INCOME,12,11.682643185719602,12,11.35322668369898
27,WFAgent6,FEMALE_OLD,50,42.242417390221746,0,0.0
27,WFAgent7,FEMALE_YOUNG,40,36.91403065023441,40,36.72563015034455
27,WFAgent8,MALE_OLD_LOW_INCOME,32,30.769853091573598,308,0.0
27,WFAgent9,FEMALE_OLD,50,47.88781946052947,359,40.216929183212024
27,SIAgent10,OLD_HIGH_INCOME,22,20.036018165641508,17,15.482377673450255
27,SIAgent11,YOUNG_LOW_INCOME,68,57.37803345175241,159,56.92402294317378
27,SIAgent12,MALE_HIGH_INCOME,24,26.427201604012684,24,26.029105504824535
27,SIAgent13,FEMALE_OLD,50,53.27160023293783,53,52.693107395684095
27,SIAgent14,MALE_YOUNG,42,38.33791017979102,45,37.970757431306744
27,SIAgent15,FEMALE_HIGH_INCOME,12,12.0021565087196,12,11.747616589623336
27,SIAgent16,MALE_YOUNG,42,53.136563436600895,55,52.9385196895776
27,SIAgent17,MALE_YOUNG,42,31.350512990613964,141,0.0
27,SIAgent18,FEMALE_HIGH_INCOME,12,14.167998699957458,13,13.693371740352013
27,WFAgent14,YOUNG_HIGH_INCOME,14,14.543354553365587,14,13.674360105634124
27,WFAgent13,FEMALE_OLD,50,48.574886431716024,53,48.268589217227266
27,WFAgent12,MALE_YOUNG_HIGH_INCOME,10,9.891288021437557,10,9.306148969309085
27,WFAgent11,MALE_LOW_INCOME,65,60.800885667928995,0,0.0
27,WFAgent10,MALE_HIGH_INCOME,24,22.334757526341804,16,14.571649575012005
27,SIAgent9,FEMALE_OLD_LOW_INCOME,43,39.30965091458165,43,39.30965091458161
27,SIAgent7,FEMALE_LOW_INCOME,78,77.54834673327086,84,77.0168270268853
27,SIAgent8,MALE_OLD,46,47.98336399532616,51,47.705310293298155
27,SIAgent5,MALE_YOUNG_HIGH_INCOME,10,8.932706311760434,10,7.464407854908089
27,SIAgent6,MALE_YOUNG_HIGH_INCOME,10,10.689441779846616,10,10.002823813800122
27,SIAgent3,FEMALE_YOUNG,40,36.72563015034453,41,36.279553285300416
27,SIAgent4,FEMALE_OLD_HIGH_INCOME,8,8.615691470321908,8,8.001437672479733
27,SIAgent1,MALE_YOUNG_HIGH_INCOME,10,10.00282381380012,10,9.64580121039053
27,SIAgent2,MALE_OLD_HIGH_INCOME,15,16.26819094051533,15,15.646749128910708
27,SIAgent0,FEMALE_OLD_HIGH_INCOME,8,7.072600611903652,0,0.0
27,WFAgent0,MALE_OLD,46,47.9800141230866,52,47.35786111878902
27,WFAgent1,MALE_YOUNG_LOW_INCOME,33,30.122125576133104,35,29.53281133546082
27,WFAgent2,MALE_OLD_HIGH_INCOME,15,13.6501824033397,0,0.0
27,WFAgent3,OLD_HIGH_INCOME,22,23.662567020652624,25,23.265372423272712
27,WFAgent4,MALE_YOUNG,42,40.512365083640226,45,40.19717840292198
27,WFAgent5,MALE_YOUNG_LOW_INCOME,33,31.512407461960414,34,31.035451097926053
28,WFAgent6,YOUNG_HIGH_INCOME,14,15.947007349521497,16,15.638351278102327
28,WFAgent7,FEMALE_OLD,50,62.65005736487138,61,61.9164421556791
28,WFAgent8,FEMALE_YOUNG,40,43.33557075194505,44,43.14202204945177
28,WFAgent9,OLD_HIGH_INCOME,22,23.58329443677112,24,22.862237603947534
28,SIAgent10,FEMALE_YOUNG_LOW_INCOME,35,31.096048239058536,196,0.0
28,SIAgent11,MALE_OLD_LOW_INCOME,32,30.128321264194305,177,0.0
28,SIAgent12,FEMALE_OLD_HIGH_INCOME,8,8.010260386875322,8,7.530410866411565
28,SIAgent13,FEMALE_LOW_INCOME,78,79.4896685599578,157,78.95463078714603
28,SIAgent14,YOUNG_HIGH_INCOME,14,13.64887058936043,14,13.098725322528049
28,SIAgent15,FEMALE_OLD,50,51.85654306670162,50,50.954915743562765
28,SIAgent16,YOUNG_HIGH_INCOME,14,12.81444893974662,6,5.055355600205812
28,SIAgent17,MALE_YOUNG_HIGH_INCOME,10,11.392727289139572,11,11.22969885106762
28,SIAgent18,FEMALE_HIGH_INCOME,12,11.295616299617349,17,3.6612711256418917
28,WFAgent14,MALE_HIGH_INCOME,24,22.929041304574902,25,22.882944535261814
28,WFAgent13,FEMALE_YOUNG_LOW_INCOME,35,38.40271489610569,37,37.91155658979652
28,WFAgent12,MALE_YOUNG,42,41.0506721050186,43,40.23179920490761
28,WFAgent11,MALE_OLD_HIGH_INCOME,15,14.047521437299993,113,0.0
28,WFAgent10,MALE_OLD_HIGH_INCOME,15,12.601345284175295,0,0.0
28,SIAgent9,FEMALE_OLD_HIGH_INCOME,8,8.755333014212951,8,8.755333014212951
28,SIAgent7,FEMALE_YOUNG_LOW_INCOME,35,31.333515658008736,35,31.09604823905852
28,SIAgent8,MALE_OLD,46,43.81928874089943,48,43.811914893830924
28,SIAgent5,YOUNG_LOW_INCOME,68,69.67529319205842,71,68.74359895887095
28,SIAgent6,MALE_YOUNG,42,39.296175967584155,43,38.83583964557064
28,SIAgent3,FEMALE_OLD_LOW_INCOME,43,47.65041396716214,45,46.670888760031474
28,SIAgent4,MALE_YOUNG,42,35.38748920144069,209,0.0
28,SIAgent1,OLD_LOW_INCOME,75,75.72009754882143,79,75.25486544632729
28,SIAgent2,MALE_YOUNG,42,48.43729497396712,46,48.27964721434701
28,SIAgent0,FEMALE_YOUNG_HIGH_INCOME,5,5.778027536790365,5,5.350266505205336
28,WFAgent0,FEMALE_YOUNG,40,42.802132041642686,41,41.91595130294962
28,WFAgent1,YOUNG_HIGH_INCOME,14,14.292343992267881,14,13.648870589360433
28,WFAgent2,MALE_HIGH_INCOME,24,28.691798877738762,29,28.46158080889933
28,WFAgent3,FEMALE_OLD,50,41.579567953996644,281,0.0
28,WFAgent4,FEMALE_LOW_INCOME,78,68.03742340241848,0,0.0
28,WFAgent5,MALE_OLD,46,45.14595576584032,47,44.57238448254588
29,WFAgent6,MALE_OLD_HIGH_INCOME,15,16.941649706623576,16,16.862487556723412
29,WFAgent7,OLD_HIGH_INCOME,22,20.825035156204653,41,0.0
29,WFAgent8,FEMALE_YOUNG_HIGH_INCOME,5,5.320540922898619,5,5.036186810671163
29,WFAgent9,OLD_HIGH_INCOME,22,24.65643078045628,23,24.275810760482855
29,SIAgent10,MALE_YOUNG_LOW_INCOME,33,29.212960177784264,35,28.736467716318607
29,SIAgent11,MALE_HIGH_INCOME,24,22.69095392089403,23,21.74549750752345
29,SIAgent12,MALE_OLD_HIGH_INCOME,15,14.863060322506922,15,14.198887606503172
29,SIAgent13,MALE_YOUNG_LOW_INCOME,33,33.48676644563289,37,32.753925047818726
29,SIAgent14,MALE_YOUNG,42,34.48376125958231,244,4.926251608511758
29,SIAgent15,MALE_OLD,46,52.610913656962964,48,51.62743806517018
29,SIAgent16,FEMALE_YOUNG,40,42.32894851954317,42,42.22990103357333
29,SIAgent17,FEMALE_OLD_HIGH_INCOME,8,8.59490652540036,8,8.59490652540036
29,SIAgent18,OLD_LOW_INCOME,75,66.64915661373342,195,65.76050119221702
29,WFAgent14,MALE_HIGH_INCOME,24,24.996377568419458,26,24.388633612998213
29,WFAgent13,FEMALE_OLD_LOW_INCOME,43,45.50888982018426,48,44.9489285766477
29,WFAgent12,OLD_LOW_INCOME,75,71.1341194277896,181,56.873946977052555
29,WFAgent11,MALE_YOUNG_HIGH_INCOME,10,9.145763684700022,11,9.031461282271557
29,WFAgent10,FEMALE_YOUNG,40,35.10011941188124,208,34.73814295096443
29,SIAgent9,FEMALE_YOUNG,40,34.738142950964416,48,33.86968937719032
29,SIAgent7,MALE_OLD,46,48.47965172557982,48,47.65939116484387
29,SIAgent8,FEMALE_YOUNG,40,43.37652220627494,40,42.70023735606875
29,SIAgent5,FEMALE_YOUNG,40,39.72248391725258,41,38.833247123067856
29,SIAgent6,MALE_YOUNG_HIGH_INCOME,10,9.17851679851014,11,9.031461282271557
29,SIAgent3,FEMALE_YOUNG_LOW_INCOME,35,33.150332909936,38,33.00123580341621
29,SIAgent4,OLD_LOW_INCOME,75,74.46779869506845,80,74.42838767601863
29,SIAgent1,OLD_HIGH_INCOME,22,24.94587875126386,22,24.192595400635685
29,SIAgent2,FEMALE_OLD_HIGH_INCOME,8,8.346594811089977,9,8.250678848382709
29,SIAgent0,YOUNG_LOW_INCOME,68,72.72429251000337,70,71.90199917739717
29,WFAgent0,MALE_OLD,46,43.800575011422055,47,43.08687843044305
29,WFAgent1,OLD_LOW_INCOME,75,92.24007885213123,92,91.3471663992839
29,WFAgent2,OLD_HIGH_INCOME,22,20.168326073824396,0,0.0
29,WFAgent3,MALE_YOUNG_HIGH_INCOME,10,8.16922276998989,0,0.0
29,WFAgent4,MALE_OLD_HIGH_INCOME,15,16.660504717937105,16,15.853931010674048
29,WFAgent5,MALE_OLD_HIGH_INCOME,15,13.884968853925653,38,0.0
30,WFAgent6,FEMALE_OLD_HIGH_INCOME,8,9.010158135695049,8,8.909571276393777
30,WFAgent7,FEMALE_YOUNG_HIGH_INCOME,5,4.314881743881816,0,0.0
30,WFAgent8,MALE_OLD_HIGH_INCOME,15,13.799890396153828,15,13.329300254385519
30,WFAgent9,MALE_LOW_INCOME,65,68.57828327598963,249,0.0
30,SIAgent10,OLD_HIGH_INCOME,22,22.196753528769875,23,22.102913077811223
30,SIAgent11,FEMALE_HIGH_INCOME,12,11.457580045263141,12,10.918367650141903
30,SIAgent12,MALE_YOUNG,42,36.57672006036966,42,36.00823331912566
30,SIAgent13,OLD_HIGH_INCOME,22,19.54964037309876,22,18.800180251531728
30,SIAgent14,FEMALE_YOUNG_LOW_INCOME,35,38.37152380592181,39,38.014409365410685
30,SIAgent15,FEMALE_OLD_HIGH_INCOME,8,7.154376435150657,0,0.0
30,SIAgent16,FEMALE_YOUNG_LOW_INCOME,35,43.94560211346361,40,43.85317006391063
30,SIAgent17,MALE_LOW_INCOME,65,64.8434861624095,70,64.08749224120275
30,SIAgent18,MALE_OLD,46,48.66725096149163,48,48.36117294194393
30,WFAgent14,FEMALE_HIGH_INCOME,12,11.803874370502589,12,11.493098454806594
30,WFAgent13,MALE_YOUNG_LOW_INCOME,33,29.11492654721361,34,29.10683364590209
30,WFAgent12,MALE_HIGH_INCOME,24,20.8502821891682,5,4.026733350591265
30,WFAgent11,FEMALE_YOUNG_LOW_INCOME,35,36.264758667784434,37,35.51527863762438
30,WFAgent10,MALE_YOUNG_HIGH_INCOME,10,12.347509920243525,13,11.901962844794781
30,SIAgent9,FEMALE_OLD,50,55.6848204774611,419,55.2463875778784
30,SIAgent7,OLD_HIGH_INCOME,22,21.141916857036822,22,20.239839247692284
30,SIAgent8,MALE_YOUNG,42,35.65839532451399,176,0.0
30,SIAgent5,MALE_YOUNG,42,38.45249534472161,42,38.050543498074774
30,SIAgent6,MALE_OLD_HIGH_INCOME,15,16.062789130776547,15,15.869755748312484
30,SIAgent3,FEMALE_YOUNG,40,38.394895824458786,41,37.80450705231461
30,SIAgent4,FEMALE_YOUNG,40,36.39455883380634,247,10.35571618531636
30,SIAgent1,OLD_LOW_INCOME,75,83.60745291719715,74,82.49268687830131
30,SIAgent2,MALE_OLD_HIGH_INCOME,15,12.080200051773794,4,3.2213866804730116
30,SIAgent0,FEMALE_OLD_HIGH_INCOME,8,8.006335643981355,6,5.365782326362993
30,WFAgent0,OLD_HIGH_INCOME,22,21.022433469619894,23,20.438260390057795
30,WFAgent1,FEMALE_OLD,50,58.38593524796225,52,57.957137729122636
30,WFAgent2,FEMALE_YOUNG_HIGH_INCOME,5,5.752413498865705,5,4.799361978057348
30,WFAgent3,YOUNG_LOW_INCOME,68,66.28153427815197,75,66.16413654596215
30,WFAgent4,YOUNG_HIGH_INCOME,14,12.4365223775385,0,0.0
30,WFAgent5,OLD_LOW_INCOME,75,90.79480418027056,84,90.17662560441123
31,WFAgent6,FEMALE_LOW_INCOME,78,95.38396693166072,93,95.07390525596772
31,WFAgent7,OLD_LOW_INCOME,75,78.37369234363953,80,78.1548028932441
31,WFAgent8,MALE_OLD,46,33.78262474691677,0,0.0
31,WFAgent9,FEMALE_OLD,50,36.44254077569478,0,0.0
31,SIAgent10,MALE_YOUNG_LOW_INCOME,33,32.753860946662876,33,32.23885619346315
31,SIAgent11,MALE_OLD,46,51.39455369605277,53,50.71267254331816
31,SIAgent12,OLD_LOW_INCOME,75,56.191943226511505,237,0.0
31,SIAgent13,FEMALE_OLD_HIGH_INCOME,8,8.635387852046176,8,8.075433682615328
31,SIAgent14,MALE_LOW_INCOME,65,63.50077735076079,68,63.2504138160157
31,SIAgent15,FEMALE_YOUNG_LOW_INCOME,35,27.952996547234264,46,0.0
31,SIAgent16,OLD_LOW_INCOME,75,78.80616748566283,77,78.33173551131597
31,SIAgent17,FEMALE_YOUNG,40,41.62767679053456,40,41.62767679053455
31,SIAgent18,FEMALE_OLD_HIGH_INCOME,8,8.01504494116987,9,7.283966910025477
31,WFAgent14,FEMALE_LOW_INCOME,78,74.44372491155679,86,74.33941269701805
31,WFAgent13,MALE_YOUNG_HIGH_INCOME,10,8.889770649486836,61,0.0
31,WFAgent12,MALE_LOW_INCOME,65,75.08302919924051,70,74.56377632353487
31,WFAgent11,MALE_LOW_INCOME,65,58.62103079395059,102,58.43962095557201
31,WFAgent10,MALE_OLD,46,43.81969159579703,145,0.0
31,SIAgent9,MALE_YOUNG_LOW_INCOME,33,30.13928488892361,33,30.139284888923594
31,SIAgent7,FEMALE_LOW_INCOME,78,66.19936632100234,88,65.9318800524402
31,SIAgent8,YOUNG_HIGH_INCOME,14,14.820811670621417,65,14.348257819722779
31,SIAgent5,FEMALE_LOW_INCOME,78,79.34903077769663,78,78.73547840549938
31,SIAgent6,FEMALE_YOUNG,40,39.85624433482004,51,39.74861185973651
31,SIAgent3,MALE_OLD_LOW_INCOME,32,35.290169941464846,33,34.67471369369164
31,SIAgent4,MALE_YOUNG_LOW_INCOME,33,36.84738173715677,33,36.84738173715675
31,SIAgent1,YOUNG_LOW_INCOME,68,61.42967287413825,68,61.42967287413825
31,SIAgent2,FEMALE_OLD,50,50.47146051634581,54,49.506429562356686
31,SIAgent0,FEMALE_OLD_HIGH_INCOME,8,6.474637253355979,8,6.474637253355979
31,WFAgent0,MALE_OLD_LOW_INCOME,32,34.17544392949259,33,33.995049902846254
31,WFAgent1,MALE_LOW_INCOME,65,56.940655302732765,25,0.0
31,WFAgent2,OLD_LOW_INCOME,75,77.26147705192331,86,76.4470415163588
31,WFAgent3,FEMALE_OLD,50,47.05275782260211,39,4.8559779400169845
31,WFAgent4,MALE_LOW_INCOME,65,63.44010515908561,70,62.997036497000266
31,WFAgent5,FEMALE_HIGH_INCOME,12,11.69968000880698,28,0.0
32,WFAgent6,YOUNG_LOW_INCOME,68,74.26019962992314,72,73.61016040225785
32,WFAgent7,YOUNG_HIGH_INCOME,14,14.81409992430654,14,14.312750497229832
32,WFAgent8,FEMALE_YOUNG,40,38.6003555688705,41,37.79329163735131
32,WFAgent9,MALE_OLD_LOW_INCOME,32,34.32019877957788,37,33.548041438605075
32,SIAgent10,FEMALE_YOUNG,40,38.61229749617709,41,38.172733078883454
32,SIAgent11,FEMALE_OLD,50,40.3528963374978,419,5.649405487249693
32,SIAgent12,FEMALE_YOUNG_LOW_INCOME,35,29.749191690030198,129,0.0
32,SIAgent13,FEMALE_YOUNG,40,39.92695547865339,41,39.5776049335815
32,SIAgent14,MALE_YOUNG,42,43.10166785136491,41,42.07543766442765
32,SIAgent15,YOUNG_HIGH_INCOME,14,14.961692180546892,14,14.367222617121639
32,SIAgent16,FEMALE_HIGH_INCOME,12,12.939339580385262,12,12.460778055004926
32,SIAgent17,FEMALE_YOUNG_HIGH_INCOME,5,5.2510962417616245,5,4.893002598760595
32,SIAgent18,FEMALE_OLD_HIGH_INCOME,8,8.278181641192354,8,8.278181641192354
32,WFAgent14,MALE_LOW_INCOME,65,74.8955839298407,72,73.88857345948271
32,WFAgent13,MALE_YOUNG_HIGH_INCOME,10,9.489154115717731,0,0.0
32,WFAgent12,MALE_OLD,46,41.14993449086497,0,0.0
32,WFAgent11,FEMALE_YOUNG_LOW_INCOME,35,32.586479457583444,37,31.76752686902352
32,WFAgent10,FEMALE_YOUNG_LOW_INCOME,35,32.262566031885264,37,31.76752686902352
32,SIAgent9,MALE_HIGH_INCOME,24,22.973142531340976,149,0.0
32,SIAgent7,FEMALE_OLD,50,51.33615267995339,63,50.844649385247195
32,SIAgent8,MALE_OLD,46,51.375612288580484,52,50.940453488962824
32,SIAgent5,MALE_OLD_LOW_INCOME,32,29.014522325280073,32,29.014522325280065
32,SIAgent6,MALE_YOUNG,42,42.84746462520313,214,42.07982234934116
32,SIAgent3,YOUNG_HIGH_INCOME,14,13.700407276529665,31,9.641664809716572
32,SIAgent4,FEMALE_YOUNG,40,34.34327229083625,40,34.29164287978741
32,SIAgent1,FEMALE_OLD_HIGH_INCOME,8,9.08055123455358,8,8.626226386923507
32,SIAgent2,YOUNG_HIGH_INCOME,14,16.49156400889076,15,16.248937597492226
32,SIAgent0,FEMALE_LOW_INCOME,78,84.68899545386142,83,84.16169428331163
32,WFAgent0,FEMALE_YOUNG_HIGH_INCOME,5,5.920487949785793,5,5.889844288889556
32,WFAgent1,MALE_OLD,46,45.48062196530375,258,21.760891743960055
32,WFAgent2,FEMALE_OLD_HIGH_INCOME,8,7.125985647343765,8,6.456463413999649
32,WFAgent3,MALE_LOW_INCOME,65,53.006813289363876,0,0.0
32,WFAgent4,FEMALE_HIGH_INCOME,12,12.685885762758792,12,12.417272461788535
32,WFAgent5,FEMALE_YOUNG_HIGH_INCOME,5,5.471316078375379,5,5.33457444254924
33,WFAgent6,MALE_YOUNG_HIGH_INCOME,10,10.765423455076952,10,10.524686290891376
33,WFAgent7,MALE_OLD,46,51.41566956085182,46,51.24610910528906
33,WFAgent8,FEMALE_YOUNG_LOW_INCOME,35,38.11237426535369,36,37.580755607955766
33,WFAgent9,MALE_OLD,46,50.915969930798944,48,50.84598252241643
33,SIAgent10,MALE_OLD_LOW_INCOME,32,32.09063186041627,32,32.07752133627459
33,SIAgent11,YOUNG_HIGH_INCOME,14,14.219187725040204,14,14.219187725040204
33,SIAgent12,MALE_YOUNG_HIGH_INCOME,10,10.29212701926154,10,10.017532953508326
33,SIAgent13,MALE_YOUNG,42,44.20368242174378,51,44.01613456707521
33,SIAgent14,FEMALE_YOUNG_HIGH_INCOME,5,4.697402640700298,1,0.9394805281400596
33,SIAgent15,OLD_HIGH_INCOME,22,16.67216026097401,57,15.914334794566107
33,SIAgent16,MALE_OLD,46,51.31733626575267,46,51.19268873494133
33,SIAgent17,MALE_OLD,46,51.04429881730878,49,50.085721591125775
33,SIAgent18,YOUNG_LOW_INCOME,68,79.98333326788449,72,79.73905667488121
33,WFAgent14,MALE_OLD,46,49.75508625247272,49,49.138780036262446
33,WFAgent13,YOUNG_HIGH_INCOME,14,14.666750655446153,14,14.1774788128698
33,WFAgent12,MALE_OLD_LOW_INCOME,32,31.478889349177226,37,30.87784768791129
33,WFAgent11,MALE_YOUNG_HIGH_INCOME,10,8.231852545394382,4,0.0
33,WFAgent10,MALE_YOUNG_LOW_INCOME,33,33.92764748466451,39,33.51165943162916
33,SIAgent9,YOUNG_HIGH_INCOME,14,14.024546134911656,33,13.152727393960832
33,SIAgent7,FEMALE_YOUNG_HIGH_INCOME,5,4.313224064960928,0,0.0
33,SIAgent8,FEMALE_HIGH_INCOME,12,13.04281729093102,14,12.41437212737547
33,SIAgent5,YOUNG_LOW_INCOME,68,72.75041737577558,68,71.93306622735551
33,SIAgent6,FEMALE_YOUNG_LOW_INCOME,35,30.90586910064176,229,0.0
33,SIAgent3,YOUNG_LOW_INCOME,68,75.30910908183237,70,74.89013553388665
33,SIAgent4,FEMALE_LOW_INCOME,78,94.91443684940691,192,93.8230847748023
33,SIAgent1,MALE_OLD_LOW_INCOME,32,32.07752133627461,37,31.793112794109724
33,SIAgent2,MALE_LOW_INCOME,65,55.85276571938191,146,55.85276571938186
33,SIAgent0,MALE_OLD_LOW_INCOME,32,25.54418064042117,6,0.0
33,WFAgent0,FEMALE_YOUNG,40,33.91452218371808,0,0.0
33,WFAgent1,MALE_OLD,46,48.72739991731574,91,9.093905596894917
33,WFAgent2,FEMALE_YOUNG_HIGH_INCOME,5,4.9128525491434845,2,1.8789610562801191
33,WFAgent3,YOUNG_HIGH_INCOME,14,15.538441766009194,14,15.071592837107733
33,WFAgent4,MALE_HIGH_INCOME,24,25.982926341082617,24,25.793819233606037
33,WFAgent5,MALE_YOUNG_HIGH_INCOME,10,10.74742468066918,10,10.315382946424524
34,WFAgent6,MALE_LOW_INCOME,65,67.37431839667319,44,42.38604738374715
34,WFAgent7,FEMALE_YOUNG,40,32.399994495265055,0,0.0
34,WFAgent8,FEMALE_HIGH_INCOME,12,12.232580256432293,11,9.530145311126244
34,WFAgent9,FEMALE_OLD,50,54.42591759402255,60,53.7178464932695
34,SIAgent10,MALE_OLD,46,43.95850632870504,49,43.46731872242295
34,SIAgent11,YOUNG_HIGH_INCOME,14,15.668538825451625,15,15.553865745203657
34,SIAgent12,OLD_LOW_INCOME,75,72.24894440411445,298,43.349366642468674
34,SIAgent13,MALE_HIGH_INCOME,24,23.28843368406996,24,23.023263071380335
34,SIAgent14,FEMALE_OLD_LOW_INCOME,43,42.50328107067106,44,42.38604738374715
34,SIAgent15,YOUNG_HIGH_INCOME,14,14.516941362190078,14,14.48952875987976
34,SIAgent16,FEMALE_LOW_INCOME,78,97.80691488382989,84,96.9165013941139
34,SIAgent17,MALE_LOW_INCOME,65,73.24601866855777,72,73.03895334827378
34,SIAgent18,OLD_HIGH_INCOME,22,19.06029062225249,21,11.262899004058287
34,WFAgent14,FEMALE_LOW_INCOME,78,76.50273943043466,94,76.13998706387284
34,WFAgent13,MALE_YOUNG_LOW_INCOME,33,29.186493953686472,0,0.0
34,WFAgent12,FEMALE_YOUNG_LOW_INCOME,35,33.54726565096501,133,0.0
34,WFAgent11,FEMALE_OLD_LOW_INCOME,43,49.67855665027458,45,49.56231644801474
34,WFAgent10,MALE_OLD_HIGH_INCOME,15,15.427938017951918,15,14.55527105254373
34,SIAgent9,FEMALE_LOW_INCOME,78,85.9080151765589,86,85.66694000697908
34,SIAgent7,FEMALE_OLD_LOW_INCOME,43,45.062511337971735,45,44.4801778646558
34,SIAgent8,MALE_YOUNG,42,41.23918263525735,46,41.12318396518216
34,SIAgent5,FEMALE_YOUNG_LOW_INCOME,35,34.34993914291994,35,33.54726565096502
34,SIAgent6,YOUNG_LOW_INCOME,68,77.19271523008578,68,76.14254084699763
34,SIAgent3,MALE_OLD,46,40.806054310846015,47,40.71971178390306
34,SIAgent4,YOUNG_HIGH_INCOME,14,14.482052595613313,14,13.746394211752447
34,SIAgent1,OLD_LOW_INCOME,75,87.68379753971767,78,87.50395166353404
34,SIAgent2,FEMALE_OLD_HIGH_INCOME,8,8.319203335974665,8,8.319203335974665
34,SIAgent0,YOUNG_HIGH_INCOME,14,13.260109494378096,103,0.0
34,WFAgent0,MALE_LOW_INCOME,65,67.39109275840777,69,66.4690288517853
34,WFAgent1,YOUNG_HIGH_INCOME,14,15.108976074640097,15,15.09004489245219
34,WFAgent2,MALE_LOW_INCOME,65,60.79037122426046,251,0.0
34,WFAgent3,OLD_LOW_INCOME,75,83.65153970746042,80,82.94288339496346
34,WFAgent4,MALE_OLD_LOW_INCOME,32,34.09828584152857,32,33.168895210669895
34,WFAgent5,MALE_OLD_LOW_INCOME,32,26.30925953806869,0,0.0
35,WFAgent6,YOUNG_HIGH_INCOME,14,11.68475462076773,0,0.0
35,WFAgent7,YOUNG_HIGH_INCOME,14,14.312900077407388,16,14.290658562420614
35,WFAgent8,FEMALE_YOUNG_HIGH_INCOME,5,5.389532632667326,5,5.116266756134394
35,WFAgent9,FEMALE_YOUNG_HIGH_INCOME,5,4.681575446838325,0,0.0
35,SIAgent10,OLD_HIGH_INCOME,22,23.968192737885726,24,23.59858404822639
35,SIAgent11,YOUNG_HIGH_INCOME,14,12.324788214760346,33,0.0
35,SIAgent12,FEMALE_YOUNG,40,39.3174069532053,40,39.112922490368014
35,SIAgent13,FEMALE_HIGH_INCOME,12,12.279040214722544,12,12.077449327738814
35,SIAgent14,YOUNG_LOW_INCOME,68,70.33566947170597,69,69.45342738097943
35,SIAgent15,MALE_YOUNG_LOW_INCOME,33,35.98119135168162,34,35.16783473585302
35,SIAgent16,OLD_LOW_INCOME,75,76.78954274851841,78,76.47034322526699
35,SIAgent17,MALE_LOW_INCOME,65,71.90407850403487,65,71.09432801850296
35,SIAgent18,MALE_HIGH_INCOME,24,22.911766117489012,58,22.888892398840635
35,WFAgent14,YOUNG_LOW_INCOME,68,83.18401662041325,80,82.74784643730113
35,WFAgent13,OLD_HIGH_INCOME,22,25.17265531277016,22,24.208273081080076
35,WFAgent12,FEMALE_HIGH_INCOME,12,9.666311866576393,0,0.0
35,WFAgent11,FEMALE_OLD,50,50.87227677958063,57,50.38215690295241
35,WFAgent10,FEMALE_OLD_HIGH_INCOME,8,8.312309735995951,50,2.0056090245099663
35,SIAgent9,MALE_OLD_LOW_INCOME,32,29.583035543234637,222,0.0
35,SIAgent7,MALE_OLD,46,43.691831757408195,47,43.450083454125874
35,SIAgent8,MALE_HIGH_INCOME,24,23.537075335753197,24,22.91176611748901
35,SIAgent5,FEMALE_LOW_INCOME,78,68.94400418298756,396,48.61436192390145
35,SIAgent6,OLD_HIGH_INCOME,22,24.930819389481478,22,24.274483036120735
35,SIAgent3,OLD_LOW_INCOME,75,80.40297443910308,78,79.86112445845907
35,SIAgent4,FEMALE_YOUNG_LOW_INCOME,35,34.22380717907202,38,33.588104601968276
35,SIAgent1,MALE_HIGH_INCOME,24,23.783110185645935,24,23.702447489516487
35,SIAgent2,MALE_YOUNG,42,41.47928310665387,111,41.18988183756812
35,SIAgent0,MALE_OLD,46,55.83747527926968,50,55.74286915110413
35,WFAgent0,FEMALE_YOUNG_LOW_INCOME,35,37.309057502913575,36,36.61957601715196
35,WFAgent1,FEMALE_OLD,50,50.140225612749155,56,49.49825941342693
35,WFAgent2,FEMALE_YOUNG_HIGH_INCOME,5,4.556337297102723,0,0.0
35,WFAgent3,MALE_OLD_LOW_INCOME,32,37.76361976015171,34,36.857814696807196
35,WFAgent4,FEMALE_YOUNG_HIGH_INCOME,5,5.796722074044612,5,5.116266756134394
35,WFAgent5,MALE_LOW_INCOME,65,60.735501501789855,185,0.0
36,WFAgent6,MALE_OLD_LOW_INCOME,32,34.002666295466994,34,33.630848718537614
36,WFAgent7,YOUNG_HIGH_INCOME,14,14.300101848165037,15,13.414460223885134
36,WFAgent8,FEMALE_HIGH_INCOME,12,9.901935318406318,0,0.0
36,WFAgent9,MALE_HIGH_INCOME,24,22.810890706551163,71,10.731568179108107
36,SIAgent10,MALE_OLD_LOW_INCOME,32,36.200110878881695,35,35.81665203183786
36,SIAgent11,FEMALE_YOUNG_HIGH_INCOME,5,4.6074987029453345,3,2.4968022792993936
36,SIAgent12,YOUNG_HIGH_INCOME,14,12.520162875626124,13,11.625865527367116
36,SIAgent13,FEMALE_HIGH_INCOME,12,11.320970053623926,12,11.123740178707584
36,SIAgent14,FEMALE_OLD_LOW_INCOME,43,39.56102842941781,44,39.070770554600855
36,SIAgent15,MALE_YOUNG_LOW_INCOME,33,32.15375626825254,36,31.68882268681329
36,SIAgent16,OLD_HIGH_INCOME,22,23.949323191032402,23,23.795556831507415
36,SIAgent17,MALE_YOUNG_HIGH_INCOME,10,11.214648950882562,11,10.454991573835951
36,SIAgent18,FEMALE_OLD_HIGH_INCOME,8,8.779124467848103,8,8.708844796739056
36,WFAgent14,YOUNG_HIGH_INCOME,14,14.602517531488095,14,14.300101848165042
36,WFAgent13,YOUNG_HIGH_INCOME,14,14.562849439739049,15,14.151212567029907
36,WFAgent12,FEMALE_OLD,50,51.54762499344622,54,50.944365241307736
36,WFAgent11,FEMALE_HIGH_INCOME,12,11.820895235991216,6,2.8302425134059814
36,WFAgent10,YOUNG_LOW_INCOME,68,69.84509792969976,86,69.61640522800211
36,SIAgent9,YOUNG_LOW_INCOME,68,55.04552971516439,441,0.0
36,SIAgent7,YOUNG_HIGH_INCOME,14,16.21804375573568,14,15.294201712843963
36,SIAgent8,MALE_OLD,46,44.37785387575149,53,43.664671007216256
36,SIAgent5,YOUNG_LOW_INCOME,68,68.64542181809429,70,68.20493753871753
36,SIAgent6,MALE_OLD,46,37.70280389252144,236,0.0
36,SIAgent3,FEMALE_OLD_LOW_INCOME,43,38.18279849654175,394,0.0
36,SIAgent4,OLD_LOW_INCOME,75,76.74996863965251,81,75.86495425103766
36,SIAgent1,MALE_YOUNG_LOW_INCOME,33,29.048087462912193,35,28.33225794162875
36,SIAgent2,MALE_OLD,46,44.84524583595257,46,44.37785387575152
36,SIAgent0,MALE_OLD_HIGH_INCOME,15,13.416812141943165,16,13.114018745224852
36,WFAgent0,YOUNG_HIGH_INCOME,14,11.651743970063837,0,0.0
36,WFAgent1,OLD_HIGH_INCOME,22,24.30867076604267,24,23.966064321507538
36,WFAgent2,FEMALE_YOUNG_HIGH_INCOME,5,4.370605844002526,0,0.0
36,WFAgent3,YOUNG_LOW_INCOME,68,71.14635226307604,70,70.66440481274412
36,WFAgent4,MALE_HIGH_INCOME,24,27.648119469383442,25,27.215139989809536
36,WFAgent5,MALE_OLD_HIGH_INCOME,15,14.996456683842393,15,14.471039307310265
37,WFAgent6,OLD_HIGH_INCOME,22,21.77703032797502,23,21.206128344520184
37,WFAgent7,FEMALE_HIGH_INCOME,12,11.827758632903583,13,11.468222297178771
37,WFAgent8,MALE_OLD,46,35.16598338778279,259,0.0
37,WFAgent9,FEMALE_HIGH_INCOME,12,12.744865827818737,12,12.417614372808446
37,SIAgent10,MALE_YOUNG_LOW_INCOME,33,31.866487346398962,34,31.813192420649717
37,SIAgent11,YOUNG_LOW_INCOME,68,63.626384841299405,72,63.399323785898424
37,SIAgent12,FEMALE_YOUNG_LOW_INCOME,35,33.59610587825869,35,33.20519286489502
37,SIAgent13,MALE_OLD_HIGH_INCOME,15,12.642785427061689,87,0.0
37,SIAgent14,FEMALE_LOW_INCOME,78,80.41378296426612,79,80.11948157363707
37,SIAgent15,FEMALE_YOUNG_LOW_INCOME,35,34.719791348993255,36,34.55599461763749
37,SIAgent16,MALE_OLD,46,46.75681879309461,112,46.547158500651804
37,SIAgent17,FEMALE_LOW_INCOME,78,74.00014409890888,82,73.63272635226801
37,SIAgent18,FEMALE_YOUNG,40,45.08309231754374,42,45.07998951802521
37,WFAgent14,FEMALE_HIGH_INCOME,12,9.38663960151101,0,0.0
37,WFAgent13,FEMALE_OLD_HIGH_INCOME,8,6.9824703086840225,8,6.43774388457558
37,WFAgent12,OLD_HIGH_INCOME,22,18.65243274644002,12,0.0
37,WFAgent11,FEMALE_YOUNG_LOW_INCOME,35,32.937700789741804,39,32.32935103725587
37,WFAgent10,FEMALE_YOUNG,40,43.19956387698827,41,42.2880596644853
37,SIAgent9,YOUNG_LOW_INCOME,68,66.54945081112625,68,65.66427695621603
37,SIAgent7,MALE_YOUNG,42,36.98293887510746,144,36.98293887510743
37,SIAgent8,OLD_LOW_INCOME,75,79.6246561411451,77,79.26145783662437
37,SIAgent5,FEMALE_YOUNG,40,45.84739477235574,40,45.0830923175437
37,SIAgent6,FEMALE_LOW_INCOME,78,79.05366070856441,83,78.74374307960807
37,SIAgent3,FEMALE_LOW_INCOME,78,64.65870207451171,213,0.0
37,SIAgent4,MALE_OLD_HIGH_INCOME,15,14.249130153260747,15,14.249130153260744
37,SIAgent1,FEMALE_HIGH_INCOME,12,12.41761437280845,28,12.216075679671283
37,SIAgent2,FEMALE_OLD,50,44.871504937417384,53,44.27712100113353
37,SIAgent0,FEMALE_HIGH_INCOME,12,13.204316281332918,12,12.417614372808446
37,WFAgent0,FEMALE_YOUNG,40,37.63553414607904,0,0.0
37,WFAgent1,MALE_YOUNG,42,43.77353128479704,52,29.058023401870127
37,WFAgent2,YOUNG_LOW_INCOME,68,72.84527975495007,71,72.04628873828946
37,WFAgent3,YOUNG_HIGH_INCOME,14,15.287124209613577,17,14.969284782781592
37,WFAgent4,FEMALE_OLD_LOW_INCOME,43,46.26158940780967,43,45.28287576361164
37,WFAgent5,FEMALE_HIGH_INCOME,12,9.656615826863368,0,0.0
38,WFAgent6,FEMALE_YOUNG_LOW_INCOME,35,35.14002536490003,36,34.43213142624748
38,WFAgent7,FEMALE_OLD,50,47.23087748654689,58,46.98448343362785
38,WFAgent8,MALE_YOUNG_LOW_INCOME,33,33.511845265681465,231,19.094018890318303
38,WFAgent9,YOUNG_LOW_INCOME,68,72.83708548728927,71,72.83106412961085
38,SIAgent10,YOUNG_HIGH_INCOME,14,17.85849013620372,16,17.2818509845504
38,SIAgent11,FEMALE_OLD,50,39.97790282147024,50,39.97790282147023
38,SIAgent12,FEMALE_OLD_HIGH_INCOME,8,8.85632078443479,8,8.59387449509529
38,SIAgent13,FEMALE_YOUNG_LOW_INCOME,35,33.47568333107391,35,33.158981160466105
38,SIAgent14,YOUNG_HIGH_INCOME,14,14.854539851132802,14,14.33893361954671
38,SIAgent15,FEMALE_OLD_HIGH_INCOME,8,7.209952665731761,8,7.197423226326053
38,SIAgent16,MALE_OLD,46,46.66535736642644,47,46.45411586468517
38,SIAgent17,FEMALE_OLD,50,53.71171559434557,50,53.454168990473256
38,SIAgent18,OLD_LOW_INCOME,75,80.42812482682875,124,80.16575726369703
38,WFAgent14,FEMALE_HIGH_INCOME,12,11.059215916782632,0,0.0
38,WFAgent13,FEMALE_YOUNG,40,41.993321735845406,40,41.60548291767934
38,WFAgent12,FEMALE_YOUNG,40,38.80191258172931,40,38.25792380694165
38,WFAgent11,FEMALE_YOUNG,40,36.36249446526851,0,0.0
38,WFAgent10,MALE_LOW_INCOME,65,55.807601070625324,243,0.0
38,SIAgent9,MALE_OLD_LOW_INCOME,32,34.59940706957556,32,34.3159999261136
38,SIAgent7,FEMALE_YOUNG,40,44.185736785106265,42,43.723652597725696
38,SIAgent8,YOUNG_HIGH_INCOME,14,14.33893361954671,106,0.0
38,SIAgent5,OLD_HIGH_INCOME,22,21.744479766448368,24,21.73796942639985
38,SIAgent6,YOUNG_LOW_INCOME,68,68.33648866008656,70,68.21745195097228
38,SIAgent3,MALE_YOUNG_LOW_INCOME,33,38.742263242563006,37,38.51845585990121
38,SIAgent4,YOUNG_LOW_INCOME,68,70.79067563441308,68,70.79067563441308
38,SIAgent1,FEMALE_YOUNG_HIGH_INCOME,5,5.316747651917925,5,5.305192803976001
38,SIAgent2,MALE_OLD_LOW_INCOME,32,35.10267220801697,32,34.599407069575584
38,SIAgent0,OLD_HIGH_INCOME,22,19.792913872396646,140,9.594696677152855
38,WFAgent0,FEMALE_OLD,50,46.19805972638518,187,35.180554482893804
38,WFAgent1,FEMALE_OLD_HIGH_INCOME,8,7.024340676932216,0,0.0
38,WFAgent2,FEMALE_LOW_INCOME,78,73.70769291172388,81,73.63405129216868
38,WFAgent3,FEMALE_OLD_LOW_INCOME,43,31.283097437378327,0,0.0
38,WFAgent4,FEMALE_OLD,50,57.64634470961531,53,56.92140333063527
38,WFAgent5,FEMALE_YOUNG_LOW_INCOME,35,32.09011133466467,52,0.0
39,WFAgent6,OLD_HIGH_INCOME,22,24.212020132326533,157,0.0
39,WFAgent7,FEMALE_OLD_HIGH_INCOME,8,8.113309330939483,8,8.103970387288074
39,WFAgent8,FEMALE_YOUNG_LOW_INCOME,35,36.11468013472038,35,35.76724637977761
39,WFAgent9,MALE_OLD_LOW_INCOME,32,34.20910731558791,32,33.83860490368548
39,SIAgent10,OLD_LOW_INCOME,75,67.93538524299197,80,67.41157694265223
39,SIAgent11,FEMALE_YOUNG,40,45.78289860243738,41,44.76087288608323
39,SIAgent12,FEMALE_LOW_INCOME,78,85.15483134425595,81,84.66557227052121
39,SIAgent13,MALE_OLD_LOW_INCOME,32,32.261699813792546,34,31.66786383105987
39,SIAgent14,FEMALE_YOUNG_HIGH_INCOME,5,4.91071298600719,6,4.62126730713386
39,SIAgent15,FEMALE_YOUNG_LOW_INCOME,35,36.59409728860581,35,35.8024831744272
39,SIAgent16,MALE_YOUNG_HIGH_INCOME,10,9.90188086783295,10,9.77547059017568
39,SIAgent17,MALE_YOUNG_LOW_INCOME,33,28.92564194732249,104,0.0
39,SIAgent18,FEMALE_LOW_INCOME,78,79.7098633606472,87,79.02342817084526
39,WFAgent14,YOUNG_HIGH_INCOME,14,18.177261645442915,17,17.5821255780342
39,WFAgent13,FEMALE_YOUNG_HIGH_INCOME,5,4.710896925459113,0,0.0
39,WFAgent12,MALE_LOW_INCOME,65,79.72670894301741,73,79.39591629265144
39,WFAgent11,YOUNG_LOW_INCOME,68,69.55911016745858,71,68.59436399864053
39,WFAgent10,MALE_YOUNG_LOW_INCOME,33,33.29433347262323,34,32.848005295123635
39,SIAgent9,YOUNG_HIGH_INCOME,14,10.782957049979007,123,0.0
39,SIAgent7,OLD_LOW_INCOME,75,83.56857084332523,74,82.45432323208095
39,SIAgent8,FEMALE_HIGH_INCOME,12,12.15595558093211,13,11.806139186320275
39,SIAgent5,MALE_OLD_LOW_INCOME,32,33.83860490368549,32,33.64149176744886
39,SIAgent6,OLD_LOW_INCOME,75,59.81446238057695,250,0.0
39,SIAgent3,MALE_LOW_INCOME,65,62.79765718185397,68,62.20226585524327
39,SIAgent4,FEMALE_YOUNG_LOW_INCOME,35,33.61401605859052,233,0.0
39,SIAgent1,YOUNG_HIGH_INCOME,14,16.094035670819785,15,15.171593081157091
39,SIAgent2,MALE_YOUNG_HIGH_INCOME,10,9.775470590175681,12,9.24253461426772
39,SIAgent0,FEMALE_OLD,50,42.1322355891577,52,42.012783144372214
39,WFAgent0,FEMALE_HIGH_INCOME,12,12.10321336481502,32,10.111736541397846
39,WFAgent1,FEMALE_LOW_INCOME,78,70.23397030024125,0,0.0
39,WFAgent2,FEMALE_YOUNG_HIGH_INCOME,5,5.329663073232232,0,0.0
39,WFAgent3,YOUNG_LOW_INCOME,68,76.7200004909988,76,76.67785890664747
39,WFAgent4,FEMALE_LOW_INCOME,78,90.73114599211925,82,90.46754395136774
39,WFAgent5,MALE_OLD_LOW_INCOME,32,34.99339516260288,33,34.89606130692565
40,WFAgent6,FEMALE_YOUNG,40,37.89220354043689,41,37.72939519982694
40,WFAgent7,MALE_OLD_HIGH_INCOME,15,16.871453048777823,15,16.483191414140606
40,WFAgent8,MALE_YOUNG,42,38.35637076951597,47,37.91712825691163
40,WFAgent9,MALE_HIGH_INCOME,24,20.911894050880797,0,0.0
40,SIAgent10,MALE_OLD_LOW_INCOME,32,29.14281406897731,36,29.042906749974865
40,SIAgent11,MALE_LOW_INCOME,65,69.56463730727464,71,69.54987952671284
40,SIAgent12,MALE_YOUNG_HIGH_INCOME,10,9.03046284039067,10,9.0170456849526
40,SIAgent13,YOUNG_LOW_INCOME,68,74.20698356571806,68,73.43140154403638
40,SIAgent14,FEMALE_LOW_INCOME,78,84.82427308876194,83,84.38014023082486
40,SIAgent15,OLD_HIGH_INCOME,22,22.051516274309236,22,21.802551125180116
40,SIAgent16,FEMALE_LOW_INCOME,78,71.77787379479274,78,71.02596477949751
40,SIAgent17,FEMALE_LOW_INCOME,78,69.94509557001061,412,0.0
40,SIAgent18,YOUNG_HIGH_INCOME,14,12.623863958933638,12,0.0
40,WFAgent14,FEMALE_OLD_HIGH_INCOME,8,7.278230775788138,8,6.691464795009496
40,WFAgent13,OLD_LOW_INCOME,75,73.60737738915915,79,72.82575583130273
40,WFAgent12,FEMALE_YOUNG,40,47.12823363051133,35,32.84642991099844
40,WFAgent11,MALE_OLD_HIGH_INCOME,15,15.10919840558641,15,15.035124732483578
40,WFAgent10,OLD_LOW_INCOME,75,88.96130443472356,87,88.03876108837629
40,SIAgent9,MALE_OLD_HIGH_INCOME,15,16.483191414140602,15,16.1935780778092
40,SIAgent7,MALE_LOW_INCOME,65,52.43858163189907,295,30.656401569417913
40,SIAgent8,FEMALE_OLD_HIGH_INCOME,8,6.691464795009498,6,5.018598596257123
40,SIAgent5,OLD_HIGH_INCOME,22,21.138644060835798,23,20.596198401944033
40,SIAgent6,FEMALE_HIGH_INCOME,12,11.196791385240322,13,10.915794817840016
40,SIAgent3,OLD_LOW_INCOME,75,70.65963974014943,77,70.12489635347656
40,SIAgent4,FEMALE_OLD,50,50.72792435929892,52,50.50136404048015
40,SIAgent1,FEMALE_YOUNG,40,40.781924005014645,43,40.06644824680789
40,SIAgent2,OLD_LOW_INCOME,75,76.19880742162992,75,76.09188653894844
40,SIAgent0,FEMALE_OLD_LOW_INCOME,43,40.612216862349214,43,40.612216862349214
40,WFAgent0,FEMALE_OLD_HIGH_INCOME,8,8.108090213224028,8,7.935744807614865
40,WFAgent1,MALE_YOUNG,42,49.751827041794684,54,49.31533384652053
40,WFAgent2,FEMALE_OLD_HIGH_INCOME,8,6.717412195593856,7,5.8550316956333095
40,WFAgent3,MALE_OLD,46,43.77865836498371,67,0.0
40,WFAgent4,YOUNG_HIGH_INCOME,14,13.579209803119111,15,13.545694260586009
40,WFAgent5,YOUNG_LOW_INCOME,68,71.26640204712581,88,70.99377205549412
41,WFAgent6,FEMALE_OLD_HIGH_INCOME,8,8.573282567312466,8,8.451147764961307
41,WFAgent7,FEMALE_YOUNG,40,40.91129841721862,42,40.49478527199255
41,WFAgent8,MALE_YOUNG_HIGH_INCOME,10,9.14478105138927,0,0.0
41,WFAgent9,FEMALE_HIGH_INCOME,12,11.988979835661771,0,0.0
41,SIAgent10,FEMALE_OLD_LOW_INCOME,43,46.33606100721865,45,45.736878308884634
41,SIAgent11,FEMALE_HIGH_INCOME,12,13.626418468623168,12,12.68385355975912
41,SIAgent12,YOUNG_HIGH_INCOME,14,13.362668860399381,54,5.6857779110932185
41,SIAgent13,YOUNG_LOW_INCOME,68,70.56520615666426,70,70.21218411024154
41,SIAgent14,MALE_OLD_HIGH_INCOME,15,12.76941637981933,84,0.0
41,SIAgent15,MALE_YOUNG,42,44.111156288749044,42,43.64710206779796
41,SIAgent16,MALE_YOUNG_LOW_INCOME,33,36.88881360204259,35,36.75929690729087
41,SIAgent17,MALE_OLD_LOW_INCOME,32,34.86738666503666,39,34.295452003556484
41,SIAgent18,FEMALE_OLD,50,50.81875367653849,50,50.607300721624455
41,WFAgent14,MALE_YOUNG_HIGH_INCOME,10,12.205274171796752,11,11.206671813309725
41,WFAgent13,FEMALE_HIGH_INCOME,12,12.394400848140132,13,12.261530170793115
41,WFAgent12,FEMALE_HIGH_INCOME,12,12.685279942222556,12,12.356574470726816
41,WFAgent11,FEMALE_LOW_INCOME,78,70.9780474648356,0,0.0
41,WFAgent10,YOUNG_HIGH_INCOME,14,11.51304354473604,0,0.0
41,SIAgent9,YOUNG_LOW_INCOME,68,65.35152333434057,68,64.97262193902951
41,SIAgent7,MALE_YOUNG_HIGH_INCOME,10,10.069843669427417,10,9.857670156940312
41,SIAgent8,YOUNG_LOW_INCOME,68,64.97262193902955,412,0.0
41,SIAgent5,YOUNG_HIGH_INCOME,14,13.800738219716438,14,13.362668860399383
41,SIAgent6,MALE_OLD_LOW_INCOME,32,28.139858054200175,31,27.260487490006437
41,SIAgent3,FEMALE_HIGH_INCOME,12,12.676721647441964,12,12.046291653310117
41,SIAgent4,FEMALE_OLD_HIGH_INCOME,8,7.545557028180378,25,0.0
41,SIAgent1,FEMALE_YOUNG_HIGH_INCOME,5,4.566980876181479,0,0.0
41,SIAgent2,FEMALE_LOW_INCOME,78,78.94738912573425,202,78.8062487267048
41,SIAgent0,MALE_OLD_HIGH_INCOME,15,13.426882216858532,15,13.426882216858528
41,WFAgent0,MALE_YOUNG_HIGH_INCOME,10,9.720327024549936,10,9.544763471713845
41,WFAgent1,MALE_OLD_HIGH_INCOME,15,15.426802414740834,17,15.085640011698493
41,WFAgent2,FEMALE_YOUNG_LOW_INCOME,35,38.40569512135205,37,38.39577393818497
41,WFAgent3,MALE_LOW_INCOME,65,68.78027915940051,315,27.260487490006437
41,WFAgent4,MALE_OLD_HIGH_INCOME,15,16.78807694045778,18,16.112258660230236
41,WFAgent5,OLD_HIGH_INCOME,22,25.454421825536482,24,24.68288386358535
42,WFAgent6,YOUNG_HIGH_INCOME,14,13.820694913077482,15,13.370610368229798
42,WFAgent7,MALE_YOUNG_LOW_INCOME,33,30.677605156136323,33,30.146588154532132
42,WFAgent8,OLD_HIGH_INCOME,22,22.996171553897458,23,22.678373874695172
42,WFAgent9,MALE_OLD_HIGH_INCOME,15,15.139632616791495,16,14.785362550240514
42,SIAgent10,YOUNG_HIGH_INCOME,14,15.363002439677675,14,14.491367215778888
42,SIAgent11,FEMALE_YOUNG_LOW_INCOME,35,43.33567569942121,36,43.11145827766769
42,SIAgent12,MALE_OLD_LOW_INCOME,32,35.165841417823444,33,34.580604130866135
42,SIAgent13,MALE_OLD_HIGH_INCOME,15,15.780757157872216,16,15.12032238988889
42,SIAgent14,MALE_LOW_INCOME,65,54.520818018485365,208,46.97178167746436
42,SIAgent15,FEMALE_HIGH_INCOME,12,11.206851854695806,17,10.696488294583837
42,SIAgent16,FEMALE_OLD_HIGH_INCOME,8,7.878652808507136,8,7.471234569797204
42,SIAgent17,FEMALE_OLD_HIGH_INCOME,8,7.90979229449246,7,6.921068257680903
42,SIAgent18,YOUNG_HIGH_INCOME,14,14.491367215778888,16,14.405708026499719
42,WFAgent14,MALE_OLD,46,42.5079173319415,50,41.939090783450304
42,WFAgent13,FEMALE_YOUNG,40,38.55248030353466,235,0.0
42,WFAgent12,MALE_YOUNG_LOW_INCOME,33,31.482716383552393,34,31.060121128911895
42,WFAgent11,FEMALE_OLD_HIGH_INCOME,8,9.084718498455816,8,8.362244201417257
42,WFAgent10,MALE_OLD_HIGH_INCOME,15,14.175302240520839,123,0.0
42,SIAgent9,MALE_LOW_INCOME,65,68.11331116685753,67,67.95532235356326
42,SIAgent7,MALE_YOUNG_LOW_INCOME,33,34.387967870590124,34,33.618728247810274
42,SIAgent8,YOUNG_HIGH_INCOME,14,15.632262020399057,14,15.36300243967767
42,SIAgent5,MALE_YOUNG_LOW_INCOME,33,37.71187385071564,35,36.676398320615604
42,SIAgent6,YOUNG_HIGH_INCOME,14,12.47923634368114,72,11.58786231913249
42,SIAgent3,YOUNG_LOW_INCOME,68,67.23745649562053,69,66.8111223685386
42,SIAgent4,MALE_YOUNG_LOW_INCOME,33,30.14658815453211,33,29.92233467839986
42,SIAgent1,MALE_OLD_LOW_INCOME,32,32.300197068991984,34,31.418895419261084
42,SIAgent2,MALE_YOUNG_LOW_INCOME,33,31.715247820648724,34,31.607229554807105
42,SIAgent0,YOUNG_LOW_INCOME,68,81.43275452448339,73,80.6512733333668
42,WFAgent0,YOUNG_HIGH_INCOME,14,15.286889695484492,15,14.615724840641379
42,WFAgent1,FEMALE_YOUNG_LOW_INCOME,35,33.37121025348122,0,0.0
42,WFAgent2,FEMALE_YOUNG_LOW_INCOME,35,35.94484536205799,36,35.59630049768146
42,WFAgent3,MALE_LOW_INCOME,65,63.47015811697048,75,62.90863617517552
42,WFAgent4,FEMALE_OLD_HIGH_INCOME,8,8.707194186183422,8,7.909792294492461
42,WFAgent5,MALE_HIGH_INCOME,24,20.885797755880304,0,0.0
43,WFAgent6,FEMALE_YOUNG,40,40.16949496115533,345,0.0
43,WFAgent7,MALE_OLD_LOW_INCOME,32,36.34881535643838,35,35.50173085887572
43,WFAgent8,YOUNG_HIGH_INCOME,14,14.928446941195267,15,14.618361789258914
43,WFAgent9,MALE_LOW_INCOME,65,73.48846477027666,295,26.372714352307682
43,SIAgent10,MALE_YOUNG_LOW_INCOME,33,37.4184712368984,36,36.51606602627216
43,SIAgent11,FEMALE_OLD_LOW_INCOME,43,44.713426594306185,43,44.71342659430614
43,SIAgent12,FEMALE_YOUNG_LOW_INCOME,35,35.342941765890544,40,34.87859026744031
43,SIAgent13,MALE_YOUNG_LOW_INCOME,33,25.10340914103783,32,24.342699773127602
43,SIAgent14,MALE_HIGH_INCOME,24,22.99276185106937,24,22.428064143334954
43,SIAgent15,YOUNG_HIGH_INCOME,14,13.659625381088253,14,13.412444413123795
43,SIAgent16,MALE_LOW_INCOME,65,65.93178588076917,77,65.67614371470216
43,SIAgent17,MALE_HIGH_INCOME,24,22.428064143334957,24,22.33443884433649
43,SIAgent18,FEMALE_LOW_INCOME,78,92.80574382635572,87,92.64709182183154
43,WFAgent14,MALE_LOW_INCOME,65,64.91863427243263,232,28.14624661267879
43,WFAgent13,FEMALE_YOUNG,40,34.878590267440295,0,0.0
43,WFAgent12,MALE_OLD,46,40.527701890859795,0,0.0
43,WFAgent11,FEMALE_OLD_LOW_INCOME,43,45.79835982515898,44,45.30907469765979
43,WFAgent10,FEMALE_OLD_LOW_INCOME,43,47.23834504141206,45,46.79312085450643
43,SIAgent9,FEMALE_YOUNG_HIGH_INCOME,5,5.9287644538503175,5,5.2054433009831165
43,SIAgent7,FEMALE_OLD,50,55.817290780847635,52,55.69166912526718
43,SIAgent8,OLD_HIGH_INCOME,22,22.03870367975425,22,21.12042587785634
43,SIAgent5,FEMALE_OLD_HIGH_INCOME,8,7.289810929878161,48,0.0
43,SIAgent6,YOUNG_HIGH_INCOME,14,14.575241242752726,14,14.344598083074429
43,SIAgent3,MALE_HIGH_INCOME,24,22.334438844336486,126,0.0
43,SIAgent4,FEMALE_YOUNG_HIGH_INCOME,5,4.466676375973136,5,4.466676375973136
43,SIAgent1,MALE_OLD_HIGH_INCOME,15,16.41254073956577,16,16.02814813073036
43,SIAgent2,MALE_YOUNG_HIGH_INCOME,10,10.246141487910304,10,9.756875272205894
43,SIAgent0,FEMALE_OLD_LOW_INCOME,43,35.82457650190792,43,35.82457650190792
43,WFAgent0,MALE_HIGH_INCOME,24,20.74645079235346,0,0.0
43,WFAgent1,FEMALE_OLD_HIGH_INCOME,8,9.209355531508947,8,8.587006852596707
43,WFAgent2,FEMALE_LOW_INCOME,78,79.03720830119494,94,78.31419049254305
43,WFAgent3,FEMALE_OLD_HIGH_INCOME,8,8.439693238114565,9,8.20103729611293
43,WFAgent4,FEMALE_OLD_LOW_INCOME,43,43.24415289045227,132,25.82702026881733
43,WFAgent5,FEMALE_YOUNG_HIGH_INCOME,5,4.755317283915654,28,1.7866705503892544
44,WFAgent6,MALE_LOW_INCOME,65,73.34341237571583,69,72.48457056063381
44,WFAgent7,YOUNG_HIGH_INCOME,14,12.807226519401809,2,1.8223864468220796
44,WFAgent8,YOUNG_HIGH_INCOME,14,12.538491556095668,0,0.0
44,WFAgent9,FEMALE_OLD_HIGH_INCOME,8,8.266812533560637,8,8.109669501615636
44,SIAgent10,YOUNG_HIGH_INCOME,14,12.756705127754557,7,6.378352563877279
44,SIAgent11,FEMALE_OLD,50,55.50489292986083,57,55.374362178850305
44,SIAgent12,FEMALE_YOUNG_HIGH_INCOME,5,4.656417947636266,5,4.636327581520052
44,SIAgent13,MALE_YOUNG_HIGH_INCOME,10,9.175263003285234,0,0.0
44,SIAgent14,MALE_YOUNG,42,41.60436435707479,42,41.553063725888116
44,SIAgent15,MALE_YOUNG_LOW_INCOME,33,35.71660341429572,33,35.716603414295705
44,SIAgent16,MALE_OLD_HIGH_INCOME,15,16.494207538620596,15,16.448229421878718
44,SIAgent17,FEMALE_OLD_LOW_INCOME,43,41.599042419897,441,0.0
44,SIAgent18,MALE_OLD,46,50.44123689376139,46,50.128448766566166
44,WFAgent14,MALE_OLD_HIGH_INCOME,15,14.147132701788255,0,0.0
44,WFAgent13,MALE_YOUNG_LOW_INCOME,33,33.13543334978708,33,32.68914342341592
44,WFAgent12,MALE_LOW_INCOME,65,63.13452926496436,0,0.0
44,WFAgent11,MALE_YOUNG,42,43.770672506891884,44,42.899736492235
44,WFAgent10,FEMALE_HIGH_INCOME,12,11.958164990611934,12,11.175403074327036
44,SIAgent9,FEMALE_YOUNG_HIGH_INCOME,5,4.492321443319585,0,0.0
44,SIAgent7,FEMALE_OLD_HIGH_INCOME,8,7.154189795685577,0,0.0
44,SIAgent8,MALE_YOUNG_LOW_INCOME,33,31.842683008835923,226,0.0
44,SIAgent5,FEMALE_HIGH_INCOME,12,10.5089671963782,0,0.0
44,SIAgent6,MALE_OLD_LOW_INCOME,32,32.60972407658685,280,0.0
44,SIAgent3,MALE_HIGH_INCOME,24,23.316730441544003,151,9.715304350643336
44,SIAgent4,FEMALE_HIGH_INCOME,12,12.164504252423454,12,12.06995971165554
44,SIAgent1,MALE_HIGH_INCOME,24,25.900116238745632,26,25.659834353859075
44,SIAgent2,FEMALE_YOUNG_HIGH_INCOME,5,4.40979137857267,0,0.0
44,SIAgent0,FEMALE_OLD_HIGH_INCOME,8,7.731491338543975,8,7.731491338543975
44,WFAgent0,FEMALE_YOUNG_LOW_INCOME,35,36.35823484583362,389,0.0
44,WFAgent1,MALE_YOUNG_HIGH_INCOME,10,9.872035931296935,7,6.800713045450334
44,WFAgent2,FEMALE_HIGH_INCOME,12,12.75710171987005,13,12.601237252902497
44,WFAgent3,MALE_YOUNG_LOW_INCOME,33,31.36936344394925,0,0.0
44,WFAgent4,FEMALE_OLD,50,49.64706396726703,40,36.63690129271546
44,WFAgent5,MALE_YOUNG_LOW_INCOME,33,36.342161745224814,34,36.15673624696651
45,WFAgent6,OLD_HIGH_INCOME,22,22.145097534004062,23,21.827180335647856
45,WFAgent7,MALE_YOUNG,42,44.12772896024123,43,43.36463380955793
45,WFAgent8,FEMALE_YOUNG_LOW_INCOME,35,37.74576950230751,38,37.60249441177715
45,WFAgent9,OLD_HIGH_INCOME,22,22.58955279273606,22,21.933388557323795
45,SIAgent10,MALE_OLD_LOW_INCOME,32,37.515656556500545,37,36.640905306002125
45,SIAgent11,FEMALE_OLD,50,51.22527048577804,58,51.079354749473914
45,SIAgent12,MALE_YOUNG_HIGH_INCOME,10,8.924710358281446,10,8.16199050862008
45,SIAgent13,FEMALE_OLD_LOW_INCOME,43,37.86917679702373,49,37.529751948474946
45,SIAgent14,FEMALE_HIGH_INCOME,12,12.054272295266399,12,11.137916349081085
45,SIAgent15,MALE_OLD,46,43.65436067129574,45,42.7053528306154
45,SIAgent16,MALE_YOUNG_LOW_INCOME,33,33.550684819765976,33,33.550684819765976
45,SIAgent17,MALE_YOUNG_LOW_INCOME,33,26.467153396903125,33,26.467153396903104
45,SIAgent18,YOUNG_LOW_INCOME,68,66.20230596257544,73,65.81869333763214
45,WFAgent14,MALE_YOUNG,42,50.197749452346855,50,49.630947665957514
45,WFAgent13,MALE_OLD_HIGH_INCOME,15,14.49953031563326,34,0.0
45,WFAgent12,MALE_YOUNG,42,34.28036013620434,204,20.050873785532662
45,WFAgent11,MALE_OLD_LOW_INCOME,32,34.136744401533704,34,33.62590806631535
45,WFAgent10,MALE_OLD,46,44.61340720787981,133,36.06229794585299
45,SIAgent9,YOUNG_LOW_INCOME,68,67.28867421054858,68,66.8732981157354
45,SIAgent7,FEMALE_YOUNG_LOW_INCOME,35,31.662204775718777,200,0.0
45,SIAgent8,FEMALE_OLD,50,53.00901175931831,51,52.606524150201636
45,SIAgent5,FEMALE_OLD_HIGH_INCOME,8,8.033346348722219,10,7.659133050709173
45,SIAgent6,FEMALE_OLD,50,38.29566525354586,343,0.0
45,SIAgent3,MALE_LOW_INCOME,65,64.28482424442636,65,63.83723902484407
45,SIAgent4,FEMALE_YOUNG,40,36.84870421021412,44,36.18537688653573
45,SIAgent1,OLD_HIGH_INCOME,22,22.157091669254815,22,22.133313774611644
45,SIAgent2,FEMALE_OLD_LOW_INCOME,43,50.020365785400685,47,49.82847105375918
45,SIAgent0,MALE_HIGH_INCOME,24,25.06104731409387,24,25.02622241301659
45,WFAgent0,OLD_HIGH_INCOME,22,24.826581876585564,24,24.559070475869877
45,WFAgent1,FEMALE_YOUNG_HIGH_INCOME,5,5.425614454686822,5,5.022613456360999
45,WFAgent2,YOUNG_HIGH_INCOME,14,12.443242361771961,47,0.0
45,WFAgent3,MALE_OLD_HIGH_INCOME,15,15.425784656833134,15,15.107107956310106
45,WFAgent4,MALE_OLD_HIGH_INCOME,15,16.09078407640052,15,15.663154571308665
45,WFAgent5,MALE_LOW_INCOME,65,64.36915797000374,66,63.71423278037208
46,WFAgent6,MALE_OLD_LOW_INCOME,32,27.049560289220267,0,0.0
46,WFAgent7,FEMALE_OLD,50,52.61574797470118,51,52.316382960234584
46,WFAgent8,MALE_OLD_LOW_INCOME,32,30.046105672448107,33,30.00832415017531
46,WFAgent9,FEMALE_LOW_INCOME,78,63.676454455816476,0,0.0
46,SIAgent10,MALE_LOW_INCOME,65,58.6813496918936,317,0.0
46,SIAgent11,FEMALE_YOUNG_HIGH_INCOME,5,5.291069667691038,16,0.0
46,SIAgent12,OLD_HIGH_INCOME,22,21.9019020228069,23,21.36284804753917
46,SIAgent13,FEMALE_OLD_LOW_INCOME,43,44.52507911801794,43,44.525079118017935
46,SIAgent14,YOUNG_HIGH_INCOME,14,14.275066453549526,15,13.968511502022103
46,SIAgent15,FEMALE_OLD,50,43.71174769285857,294,0.0
46,SIAgent16,MALE_HIGH_INCOME,24,22.349618403235358,24,21.555609310237863
46,SIAgent17,YOUNG_HIGH_INCOME,14,15.379822672453148,14,14.432888770535756
46,SIAgent18,OLD_HIGH_INCOME,22,24.151269026714274,23,23.70093118515089
46,WFAgent14,MALE_OLD,46,46.31125066416462,50,45.477397117055325
46,WFAgent13,YOUNG_LOW_INCOME,68,76.8066391697274,74,75.98594594213466
46,WFAgent12,OLD_HIGH_INCOME,22,24.04997494626589,23,23.190938172424612
46,WFAgent11,MALE_OLD_HIGH_INCOME,15,15.00193287986344,15,14.933115015550163
46,WFAgent10,OLD_HIGH_INCOME,22,18.119429341057426,0,0.0
46,SIAgent9,FEMALE_OLD,50,54.284443709273006,52,53.78956707882057
46,SIAgent7,MALE_HIGH_INCOME,24,21.55560931023787,110,10.777804655118933
46,SIAgent8,MALE_LOW_INCOME,65,65.46680830107097,70,64.85823679038177
46,SIAgent5,FEMALE_YOUNG_LOW_INCOME,35,37.71668742347677,46,37.552780832917435
46,SIAgent6,MALE_OLD_LOW_INCOME,32,34.32909279548429,32,33.953668304745946
46,SIAgent3,MALE_OLD,46,46.50545324951492,46,46.40267915487662
46,SIAgent4,FEMALE_OLD,50,50.4054816792954,55,50.30647179613911
46,SIAgent1,FEMALE_OLD_LOW_INCOME,43,38.325964330632864,43,37.59210301585838
46,SIAgent2,MALE_LOW_INCOME,65,68.96838874401516,66,68.57758428683925
46,SIAgent0,MALE_OLD_LOW_INCOME,32,29.105534154915418,32,29.105534154915407
46,WFAgent0,FEMALE_HIGH_INCOME,12,12.571536365473666,12,12.097315603030898
46,WFAgent1,FEMALE_HIGH_INCOME,12,10.99062214747806,0,0.0
46,WFAgent2,MALE_OLD_HIGH_INCOME,15,14.547452058853548,16,14.370406206825242
46,WFAgent3,MALE_OLD_HIGH_INCOME,15,13.638508795402895,15,13.472255818898665
46,WFAgent4,FEMALE_YOUNG,40,47.384800802772226,44,46.60175790446099
46,WFAgent5,FEMALE_YOUNG_LOW_INCOME,35,37.700723681568746,346,0.0
47,WFAgent6,MALE_YOUNG_HIGH_INCOME,10,11.394623057264187,10,10.656530401147146
47,WFAgent7,FEMALE_YOUNG,40,41.1953806079123,46,40.660583355741714
47,WFAgent8,FEMALE_YOUNG_LOW_INCOME,35,37.256248448880356,37,36.89249487990064
47,WFAgent9,FEMALE_OLD_LOW_INCOME,43,31.597159316601807,0,0.0
47,SIAgent10,OLD_LOW_INCOME,75,77.49535228791702,77,77.21592136449381
47,SIAgent11,FEMALE_YOUNG,40,35.25643457735836,309,0.0
47,SIAgent12,FEMALE_OLD,50,39.606073278073,179,35.64546595026571
47,SIAgent13,OLD_LOW_INCOME,75,69.22758564242444,86,69.16975011565246
47,SIAgent14,MALE_OLD_LOW_INCOME,32,26.25265540830526,50,0.0
47,SIAgent15,MALE_OLD_LOW_INCOME,32,33.14230727134799,32,32.21160231517152
47,SIAgent16,MALE_OLD,46,48.94646880142698,47,48.67776380479241
47,SIAgent17,MALE_YOUNG_LOW_INCOME,33,26.70480310840437,130,0.0
47,SIAgent18,MALE_LOW_INCOME,65,69.33476558842696,69,69.2525017322361
47,WFAgent14,MALE_LOW_INCOME,65,64.51686416785383,71,64.28733888601835
47,WFAgent13,FEMALE_OLD_LOW_INCOME,43,39.11461737917598,49,38.81395181251154
47,WFAgent12,MALE_HIGH_INCOME,24,28.713688836735493,26,28.509527465680154
47,WFAgent11,MALE_HIGH_INCOME,24,24.526293001394787,52,3.354361245270442
47,WFAgent10,FEMALE_OLD_HIGH_INCOME,8,7.957316176689537,9,7.484718624923797
47,SIAgent9,MALE_YOUNG_HIGH_INCOME,10,10.656530401147146,10,10.656530401147146
47,SIAgent7,OLD_LOW_INCOME,75,75.2103130173642,77,74.81681303612773
47,SIAgent8,OLD_LOW_INCOME,75,81.26391572439012,77,81.06567520406327
47,SIAgent5,MALE_YOUNG_HIGH_INCOME,10,8.385903113176106,10,8.385903113176106
47,SIAgent6,MALE_YOUNG_LOW_INCOME,33,29.88003074983949,32,28.97457527257165
47,SIAgent3,MALE_OLD_HIGH_INCOME,15,14.445630113593747,15,14.445630113593745
47,SIAgent4,MALE_OLD_HIGH_INCOME,15,16.447804307123167,16,16.41878874139989
47,SIAgent1,FEMALE_YOUNG,40,39.88377824854121,45,39.779172491307754
47,SIAgent2,MALE_LOW_INCOME,65,58.71570292788453,72,58.265024963791426
47,SIAgent0,FEMALE_OLD,50,48.49670914983946,52,48.279190958667776
47,WFAgent0,OLD_LOW_INCOME,75,74.14169359301556,80,73.84275801858618
47,WFAgent1,MALE_YOUNG_LOW_INCOME,33,32.46920093308269,35,31.673845938895035
47,WFAgent2,MALE_HIGH_INCOME,24,18.768994460876073,0,0.0
47,WFAgent3,OLD_HIGH_INCOME,22,24.188872523910987,24,23.278420391922936
47,WFAgent4,OLD_HIGH_INCOME,22,22.390213304046448,88,15.408672121166662
47,WFAgent5,OLD_LOW_INCOME,75,73.84407160288431,88,73.82136945422974
48,WFAgent6,MALE_YOUNG,42,41.11577779764549,44,40.60880551771622
48,WFAgent7,MALE_LOW_INCOME,65,66.10621578353779,75,65.89512234340211
48,WFAgent8,FEMALE_LOW_INCOME,78,74.6470258699895,0,0.0
48,WFAgent9,OLD_LOW_INCOME,75,72.7241832421426,100,0.0
48,SIAgent10,FEMALE_OLD_HIGH_INCOME,8,7.678853328562495,57,0.0
48,SIAgent11,MALE_OLD_HIGH_INCOME,15,17.39401248842863,16,16.745027872915323
48,SIAgent12,MALE_YOUNG,42,36.17781185539498,170,35.400120556785986
48,SIAgent13,FEMALE_YOUNG_LOW_INCOME,35,37.119110528400434,38,36.778778884350906
48,SIAgent14,OLD_HIGH_INCOME,22,23.024413325258557,23,22.609363758883855
48,SIAgent15,OLD_LOW_INCOME,75,77.58380428961651,76,77.1992644710099
48,SIAgent16,MALE_YOUNG_LOW_INCOME,33,35.40707475303428,37,35.180939929709915
48,SIAgent17,MALE_YOUNG_LOW_INCOME,33,31.377595072443967,32,30.4267588581275
48,SIAgent18,MALE_LOW_INCOME,65,57.10910603094861,66,56.850847201335
48,WFAgent14,FEMALE_OLD,50,43.684734154131185,0,0.0
48,WFAgent13,FEMALE_OLD_LOW_INCOME,43,46.75181711333735,43,46.05408558498572
48,WFAgent12,OLD_LOW_INCOME,75,83.96269426895326,77,83.21441877670132
48,WFAgent11,MALE_YOUNG_HIGH_INCOME,10,9.055350695554894,10,8.613764727474996
48,WFAgent10,FEMALE_YOUNG_LOW_INCOME,35,38.19903965938572,35,37.824735807591495
48,SIAgent9,FEMALE_YOUNG,40,38.71450408879043,284,0.0
48,SIAgent7,MALE_YOUNG_HIGH_INCOME,10,7.780283312773665,2,0.0
48,SIAgent8,MALE_OLD_LOW_INCOME,32,35.59600300217324,34,35.17132461129282
48,SIAgent5,FEMALE_YOUNG,40,44.24482013409094,41,43.857599691190046
48,SIAgent6,FEMALE_OLD_LOW_INCOME,43,39.683050685588626,341,0.0
48,SIAgent3,FEMALE_LOW_INCOME,78,84.29512551406103,78,83.97255395785945
48,SIAgent4,MALE_YOUNG_HIGH_INCOME,10,10.615264927973874,11,10.60213586909152
48,SIAgent1,MALE_OLD_HIGH_INCOME,15,12.96670744027204,56,0.0
48,SIAgent2,MALE_HIGH_INCOME,24,23.13193280529058,25,22.66140648755651
48,SIAgent0,MALE_YOUNG,42,47.217288725664346,43,47.2130058737246
48,WFAgent0,MALE_HIGH_INCOME,24,23.94688200335258,26,23.668226680232543
48,WFAgent1,FEMALE_HIGH_INCOME,12,11.520465675904237,0,0.0
48,WFAgent2,FEMALE_HIGH_INCOME,12,12.518165128248425,13,12.478136658914055
48,WFAgent3,MALE_YOUNG_LOW_INCOME,33,38.965632875747005,34,37.9671219398254
48,WFAgent4,MALE_LOW_INCOME,65,66.4030089814036,68,65.93659280620925
48,WFAgent5,MALE_HIGH_INCOME,24,23.981965629660227,24,23.131932805290596
49,WFAgent6,FEMALE_HIGH_INCOME,12,13.221819222416185,12,12.646806986944584
49,WFAgent7,YOUNG_HIGH_INCOME,14,12.74047373965025,38,8.939585794626684
49,WFAgent8,MALE_LOW_INCOME,65,68.47941532162882,73,67.71079061363216
49,WFAgent9,OLD_LOW_INCOME,75,71.03801594594404,189,45.97539857011273
49,SIAgent10,MALE_LOW_INCOME,65,74.60688195789646,72,73.67303790857876
49,SIAgent11,FEMALE_LOW_INCOME,78,71.72162176937591,78,71.72162176937584
49,SIAgent12,OLD_LOW_INCOME,75,80.87464780099111,76,80.27992397456035
49,SIAgent13,MALE_OLD,46,49.050083903169984,49,49.00122019609563
49,SIAgent14,MALE_OLD_HIGH_INCOME,15,14.739979423300248,16,14.563446631351384
49,SIAgent15,MALE_OLD_LOW_INCOME,32,29.26501293953421,156,0.0
49,SIAgent16,FEMALE_OLD,50,49.10121136580282,53,48.73392248431949
49,SIAgent17,FEMALE_OLD,50,52.780558532056496,52,52.46484714868087
49,SIAgent18,OLD_HIGH_INCOME,22,25.559682396112866,24,25.527178116391546
49,WFAgent14,OLD_HIGH_INCOME,22,22.457110557325915,7,6.579146374654662
49,WFAgent13,MALE_YOUNG,42,39.352138618325576,44,39.33417749635743
49,WFAgent12,MALE_OLD,46,43.83185550385019,51,43.35782114474227
49,WFAgent11,FEMALE_OLD,50,54.36268067471995,55,54.232093332358254
49,WFAgent10,OLD_HIGH_INCOME,22,20.024739118108158,61,0.0
49,SIAgent9,FEMALE_YOUNG,40,41.9343559692713,40,41.39195174072284
49,SIAgent7,FEMALE_OLD_HIGH_INCOME,8,9.930729848577604,8,9.294429962222862
49,SIAgent8,MALE_YOUNG_HIGH_INCOME,10,10.012251103979333,11,10.010372224010913
49,SIAgent5,FEMALE_HIGH_INCOME,12,11.278536642265134,33,0.0
49,SIAgent6,FEMALE_YOUNG_LOW_INCOME,35,34.845760973162676,37,34.02179494188343
49,SIAgent3,MALE_YOUNG_HIGH_INCOME,10,8.939585794626684,10,8.939585794626684
49,SIAgent4,FEMALE_YOUNG_HIGH_INCOME,5,5.283357118760908,5,5.283357118760908
49,SIAgent1,MALE_LOW_INCOME,65,60.29042999843957,150,59.444557533428906
49,SIAgent2,OLD_LOW_INCOME,75,75.3787538533068,77,75.08398007306857
49,SIAgent0,FEMALE_OLD_LOW_INCOME,43,43.16588400518345,43,42.2270417745904
49,WFAgent0,MALE_LOW_INCOME,65,53.837050193997655,0,0.0
49,WFAgent1,FEMALE_YOUNG_HIGH_INCOME,5,4.2564782393614875,0,0.0
49,WFAgent2,FEMALE_LOW_INCOME,78,82.9163630647994,81,82.8592074235447
49,WFAgent3,FEMALE_LOW_INCOME,78,86.14197254558958,82,85.96542973700615
49,WFAgent4,OLD_HIGH_INCOME,22,18.703373827143718,0,0.0
49,WFAgent5,YOUNG_LOW_INCOME,68,66.22817811152996,136,30.34376305627441
50,WFAgent6,FEMALE_LOW_INCOME,78,109.03558188114977,105,108.55707362577171
50,WFAgent7,FEMALE_LOW_INCOME,78,77.18424409430793,81,76.93246046948848
50,WFAgent8,OLD_HIGH_INCOME,22,21.11796333073887,66,0.0
50,WFAgent9,MALE_OLD_LOW_INCOME,32,24.713959993409354,105,0.0
50,SIAgent10,OLD_HIGH_INCOME,22,23.559011797325628,24,23.523559908846288
50,SIAgent11,FEMALE_OLD_HIGH_INCOME,8,7.7634722852807325,8,7.679259392995953
50,SIAgent12,MALE_OLD_HIGH_INCOME,15,18.943165990586955,17,18.20469093429707
50,SIAgent13,FEMALE_YOUNG,40,34.657308150558755,41,34.49228692525409
50,SIAgent14,YOUNG_HIGH_INCOME,14,10.686022351999465,35,0.0
50,SIAgent15,OLD_LOW_INCOME,75,79.56890484824733,79,78.72169768267774
50,SIAgent16,YOUNG_HIGH_INCOME,14,13.396778509617961,17,12.975884284570784
50,SIAgent17,MALE_OLD,46,49.142967576728104,46,48.802261640258315
50,SIAgent18,FEMALE_LOW_INCOME,78,78.26394654162065,80,77.47771325991812
50,WFAgent14,FEMALE_OLD_LOW_INCOME,43,46.6409611851601,45,46.47557728058625
50,WFAgent13,YOUNG_HIGH_INCOME,14,15.420098489886243,15,15.120561367817686
50,WFAgent12,FEMALE_YOUNG_LOW_INCOME,35,32.71739766244772,101,27.725846520447014
50,WFAgent11,FEMALE_OLD_HIGH_INCOME,8,7.733163607940233,8,7.533841906548515
50,WFAgent10,YOUNG_HIGH_INCOME,14,14.606113510027498,14,13.93296000114941
50,SIAgent9,OLD_LOW_INCOME,75,71.44515683099827,257,71.44515683099823
50,SIAgent7,FEMALE_YOUNG_HIGH_INCOME,5,5.040187122605896,5,5.040187122605896
50,SIAgent8,MALE_OLD_HIGH_INCOME,15,15.270734596548516,16,14.82296360360735
50,SIAgent5,FEMALE_LOW_INCOME,78,88.66966970578903,82,88.58864599223566
50,SIAgent6,FEMALE_OLD,50,47.08651191592821,60,46.61078410529555
50,SIAgent3,FEMALE_HIGH_INCOME,12,11.66281721652811,12,11.645208427921098
50,SIAgent4,MALE_HIGH_INCOME,24,24.368004417915216,25,23.922818767174924
50,SIAgent1,FEMALE_YOUNG,40,39.523435015748966,45,39.07995171630164
50,SIAgent2,MALE_OLD_HIGH_INCOME,15,15.969289692034984,15,15.270734596548513
50,SIAgent0,FEMALE_OLD,50,38.84232008774632,66,0.0
50,WFAgent0,FEMALE_LOW_INCOME,78,80.14503890850702,80,79.30693696015776
50,WFAgent1,MALE_YOUNG_LOW_INCOME,33,32.12961494393091,0,0.0
50,WFAgent2,MALE_HIGH_INCOME,24,27.264076083925097,26,26.398671452741475
50,WFAgent3,MALE_LOW_INCOME,65,70.58482003870672,377,0.0
50,WFAgent4,MALE_OLD,46,50.787472195059046,47,50.037107701709665
50,WFAgent5,MALE_OLD,46,42.616020360371145,0,0.0
51,WFAgent6,FEMALE_LOW_INCOME,78,69.77592679636024,0,0.0
51,WFAgent7,YOUNG_HIGH_INCOME,14,14.320184387290332,13,12.000024957270295
51,WFAgent8,MALE_YOUNG_LOW_INCOME,33,34.06023961818822,34,33.4055694240314
51,WFAgent9,MALE_HIGH_INCOME,24,23.546868734458847,24,23.113647484695008
51,SIAgent10,MALE_OLD_LOW_INCOME,32,26.34454848630421,162,0.0
51,SIAgent11,YOUNG_HIGH_INCOME,14,12.923103800137238,14,12.825146983286196
51,SIAgent12,OLD_LOW_INCOME,75,69.95101276578208,169,69.13151447681852
51,SIAgent13,OLD_HIGH_INCOME,22,20.72045712256043,22,20.18016027038615
51,SIAgent14,FEMALE_OLD,50,50.59954092626347,50,50.1620508614759
51,SIAgent15,MALE_HIGH_INCOME,24,20.49878829358169,8,0.0
51,SIAgent16,MALE_HIGH_INCOME,24,23.113647484695,24,23.07118811453652
51,SIAgent17,YOUNG_LOW_INCOME,68,66.8111388480628,70,66.15762638112953
51,SIAgent18,MALE_HIGH_INCOME,24,22.014720294966708,25,21.352904472480915
51,WFAgent14,YOUNG_HIGH_INCOME,14,15.517112170980027,15,14.757622896757633
51,WFAgent13,FEMALE_OLD_LOW_INCOME,43,44.547384970861756,44,44.52759601511186
51,WFAgent12,FEMALE_YOUNG_HIGH_INCOME,5,5.586567937017885,5,5.185044372930631
51,WFAgent11,FEMALE_OLD_HIGH_INCOME,8,8.51124871772671,8,8.095926548202156
51,WFAgent10,MALE_YOUNG,42,45.90183964555075,44,45.00629378862672
51,SIAgent9,MALE_OLD_HIGH_INCOME,15,15.53080923571877,15,15.115206442218179
51,SIAgent7,OLD_LOW_INCOME,75,75.18601237071984,80,74.61441361683418
51,SIAgent8,MALE_YOUNG_HIGH_INCOME,10,11.157845133577297,10,10.474040987968442
51,SIAgent5,MALE_YOUNG_HIGH_INCOME,10,9.91141577759219,10,9.811195306024521
51,SIAgent6,YOUNG_LOW_INCOME,68,73.39414235118562,71,72.56614646769145
51,SIAgent3,MALE_LOW_INCOME,65,56.880360012572325,152,56.80543267359339
51,SIAgent4,OLD_HIGH_INCOME,22,22.16896944858666,22,21.357827447094785
51,SIAgent1,FEMALE_YOUNG,40,41.48035498344505,41,40.50115516567279
51,SIAgent2,FEMALE_OLD_HIGH_INCOME,8,7.8010087356092646,8,7.534711680931066
51,SIAgent0,FEMALE_HIGH_INCOME,12,10.58584836868398,14,0.0
51,WFAgent0,MALE_YOUNG_HIGH_INCOME,10,9.824626176878422,10,9.230788428669456
51,WFAgent1,MALE_HIGH_INCOME,24,25.13769837112426,25,24.778539443980474
51,WFAgent2,MALE_HIGH_INCOME,24,23.299448124103403,24,23.113647484695008
51,WFAgent3,FEMALE_YOUNG_LOW_INCOME,35,32.18149808149236,258,0.0
51,WFAgent4,FEMALE_YOUNG,40,44.62120100545642,41,43.61759931189228
51,WFAgent5,FEMALE_OLD,50,51.314863176234375,52,50.92343475186087
52,WFAgent6,FEMALE_HIGH_INCOME,12,10.668972095778493,12,10.465470671855435
52,WFAgent7,OLD_HIGH_INCOME,22,23.271742821516078,24,22.916641038993937
52,WFAgent8,MALE_YOUNG_HIGH_INCOME,10,12.76479645681184,11,12.625802239880352
52,WFAgent9,FEMALE_LOW_INCOME,78,79.39544351867056,84,79.09115145181096
52,SIAgent10,MALE_LOW_INCOME,65,60.71383257616695,119,60.62523019831476
52,SIAgent11,YOUNG_HIGH_INCOME,14,16.78591465238184,15,15.6680153637148
52,SIAgent12,FEMALE_YOUNG,40,37.067533060653574,40,36.303338004835716
52,SIAgent13,FEMALE_HIGH_INCOME,12,10.73742494124517,17,10.465470671855435
52,SIAgent14,MALE_OLD_HIGH_INCOME,15,17.189278752322533,16,16.769324636782127
52,SIAgent15,MALE_YOUNG_HIGH_INCOME,10,11.051387868620916,10,10.125747750431149
52,SIAgent16,FEMALE_OLD_HIGH_INCOME,8,7.495318783069162,8,7.158283294163446
52,SIAgent17,MALE_OLD_HIGH_INCOME,15,17.409168635483393,15,17.189278752322533
52,SIAgent18,MALE_YOUNG_HIGH_INCOME,10,9.70055882530593,66,0.0
52,WFAgent14,MALE_OLD_LOW_INCOME,32,33.89011546791039,32,33.53864927356425
52,WFAgent13,MALE_YOUNG_HIGH_INCOME,10,11.03080521966254,11,10.766150178214543
52,WFAgent12,OLD_LOW_INCOME,75,64.64305570777265,115,0.0
52,WFAgent11,YOUNG_LOW_INCOME,68,64.84614087560195,69,64.34306553748263
52,WFAgent10,FEMALE_YOUNG_LOW_INCOME,35,32.10983094896659,35,31.669896372254037
52,SIAgent9,OLD_LOW_INCOME,75,86.70755899320474,84,86.37836748784562
52,SIAgent7,MALE_LOW_INCOME,65,61.35974273026653,65,60.71383257616692
52,SIAgent8,FEMALE_YOUNG,40,37.66245307229086,40,37.46910406850874
52,SIAgent5,MALE_OLD_LOW_INCOME,32,32.85280756969499,34,32.09586542813943
52,SIAgent6,MALE_OLD,46,48.2118083307486,75,47.976050245043545
52,SIAgent3,FEMALE_OLD_HIGH_INCOME,8,7.6388803463313115,8,7.495318783069161
52,SIAgent4,FEMALE_OLD,50,43.60612779939765,288,8.721225559879528
52,SIAgent1,YOUNG_LOW_INCOME,68,61.530084380379265,254,51.576688377670784
52,SIAgent2,MALE_YOUNG_HIGH_INCOME,10,9.787409252922313,10,9.70055882530593
52,SIAgent0,FEMALE_OLD_LOW_INCOME,43,39.110994743832435,42,38.20143672653403
52,WFAgent0,FEMALE_OLD_LOW_INCOME,43,47.01496015712693,51,46.387458882219896
52,WFAgent1,FEMALE_OLD,50,49.521531954311406,54,49.116132934115186
52,WFAgent2,MALE_YOUNG,42,42.52814055181082,45,42.47982189018455
52,WFAgent3,MALE_YOUNG_LOW_INCOME,33,29.957275707403234,33,29.860188008125235
52,WFAgent4,FEMALE_YOUNG_HIGH_INCOME,5,4.664770152971531,5,4.601538717835789
52,WFAgent5,YOUNG_LOW_INCOME,68,71.08011626495096,74,70.56785918815505
53,WFAgent6,MALE_YOUNG_HIGH_INCOME,10,10.128568627173104,0,0.0
53,WFAgent7,MALE_YOUNG,42,45.421926996124675,46,44.652845734109995
53,WFAgent8,FEMALE_YOUNG,40,44.39665413846167,42,43.6767738641495
53,WFAgent9,MALE_OLD_HIGH_INCOME,15,12.842253341253775,47,0.0
53,SIAgent10,MALE_YOUNG_LOW_INCOME,33,29.143159839030858,62,0.0
53,SIAgent11,FEMALE_HIGH_INCOME,12,11.781848763249242,12,11.29906404019405
53,SIAgent12,FEMALE_YOUNG_HIGH_INCOME,5,4.557077186784943,5,4.471733757404155
53,SIAgent13,OLD_LOW_INCOME,75,62.905025589939484,382,0.0
53,SIAgent14,FEMALE_HIGH_INCOME,12,10.424924671999138,32,0.0
53,SIAgent15,FEMALE_OLD,50,53.16962709797582,51,52.86177517841174
53,SIAgent16,MALE_YOUNG,42,46.75424050552066,42,46.123660050717326
53,SIAgent17,FEMALE_HIGH_INCOME,12,13.109867128727531,12,12.352851445070469
53,SIAgent18,OLD_HIGH_INCOME,22,19.1166749025194,106,19.11393026370302
53,WFAgent14,FEMALE_HIGH_INCOME,12,11.902374130428617,12,11.217443953377071
53,WFAgent13,OLD_LOW_INCOME,75,80.4925020682874,79,79.65932723657997
53,WFAgent12,MALE_OLD_LOW_INCOME,32,32.26706926038684,35,32.23630534194625
53,WFAgent11,MALE_HIGH_INCOME,24,23.15736235682269,25,22.82468833929
53,WFAgent10,YOUNG_HIGH_INCOME,14,13.417494095928712,14,12.759816122997837
53,SIAgent9,YOUNG_LOW_INCOME,68,68.56359668475635,214,67.84961742666287
53,SIAgent7,FEMALE_LOW_INCOME,78,81.11400860484905,83,80.6954616700617
53,SIAgent8,MALE_YOUNG,42,38.77661619892489,67,37.97442039631294
53,SIAgent5,MALE_OLD_HIGH_INCOME,15,19.45000985311687,20,19.0729401842061
53,SIAgent6,MALE_YOUNG_LOW_INCOME,33,36.691999137633054,35,36.1344791525238
53,SIAgent3,MALE_OLD_HIGH_INCOME,15,14.304705138154574,14,13.351058128944272
53,SIAgent4,MALE_OLD_LOW_INCOME,32,29.47319345549369,31,28.552156160009535
53,SIAgent1,MALE_YOUNG_LOW_INCOME,33,31.55124271120375,34,31.390594065796364
53,SIAgent2,MALE_OLD_LOW_INCOME,32,29.00127913242349,34,28.516944934105915
53,SIAgent0,FEMALE_OLD_LOW_INCOME,43,41.05637881725769,48,40.259216377561295
53,WFAgent0,FEMALE_HIGH_INCOME,12,11.138135799175656,12,10.427277219556034
53,WFAgent1,FEMALE_YOUNG_LOW_INCOME,35,36.916629248126654,36,36.8994397287805
53,WFAgent2,MALE_YOUNG,42,44.014417594393336,43,43.35639202124293
53,WFAgent3,MALE_OLD_LOW_INCOME,32,33.27508044533988,33,32.75117477016066
53,WFAgent4,MALE_LOW_INCOME,65,64.50988969880129,70,64.08918029639786
53,WFAgent5,MALE_YOUNG,42,43.36137498302856,43,43.35639202124293
54,WFAgent6,MALE_YOUNG,42,41.41307984924462,45,41.170764275914856
54,WFAgent7,FEMALE_YOUNG,40,46.668807744932344,45,45.710489371361156
54,WFAgent8,MALE_OLD_LOW_INCOME,32,31.863532269291117,34,31.077032018604115
54,WFAgent9,YOUNG_HIGH_INCOME,14,13.336630307095069,15,13.331032365151588
54,SIAgent10,MALE_OLD_LOW_INCOME,32,28.682709680129342,37,28.53539816661229
54,SIAgent11,OLD_HIGH_INCOME,22,22.434139475147784,22,22.022790835520194
54,SIAgent12,MALE_LOW_INCOME,65,50.12975353594047,497,0.0
54,SIAgent13,MALE_LOW_INCOME,65,73.30272851994424,77,72.48626300425718
54,SIAgent14,MALE_YOUNG_HIGH_INCOME,10,8.321772332305828,13,0.0
54,SIAgent15,MALE_OLD_HIGH_INCOME,15,16.318143553733965,15,16.11892901617609
54,SIAgent16,OLD_HIGH_INCOME,22,23.063001569415572,22,22.434139475147777
54,SIAgent17,FEMALE_OLD_LOW_INCOME,43,50.0232163610622,55,49.864665086982185
54,SIAgent18,FEMALE_YOUNG,40,38.80346984945472,41,38.43254680367657
54,WFAgent14,FEMALE_YOUNG_LOW_INCOME,35,33.58894124619706,92,0.0
54,WFAgent13,FEMALE_HIGH_INCOME,12,11.235210883547909,23,3.6471278906820754
54,WFAgent12,YOUNG_LOW_INCOME,68,68.3923352197167,72,67.72509958191846
54,WFAgent11,YOUNG_LOW_INCOME,68,68.62557519724822,70,67.90607223654578
54,WFAgent10,YOUNG_HIGH_INCOME,14,12.8086822191735,14,12.442296874141482
54,SIAgent9,OLD_HIGH_INCOME,22,22.0227908355202,51,21.534154193466826
54,SIAgent7,FEMALE_HIGH_INCOME,12,10.941383672046227,12,10.557443835916894
54,SIAgent8,FEMALE_YOUNG_LOW_INCOME,35,41.36202899095218,40,41.29162252942879
54,SIAgent5,MALE_OLD_LOW_INCOME,32,29.248971311627376,32,29.089710227768578
54,SIAgent6,FEMALE_YOUNG,40,41.29162252942883,40,41.22941871242944
54,SIAgent3,MALE_OLD_HIGH_INCOME,15,16.118929016176086,15,15.696189156680264
54,SIAgent4,FEMALE_YOUNG_HIGH_INCOME,5,3.9190101364703716,25,0.0
54,SIAgent1,MALE_YOUNG_LOW_INCOME,33,32.47952002933488,42,32.391533053992326
54,SIAgent2,FEMALE_OLD_LOW_INCOME,43,38.98510179527695,42,38.07847152096821
54,SIAgent0,MALE_YOUNG_HIGH_INCOME,10,8.887354910101058,10,8.887354910101058
54,WFAgent0,FEMALE_YOUNG_HIGH_INCOME,5,5.373863322203438,5,5.1614528161786035
54,WFAgent1,FEMALE_OLD_LOW_INCOME,43,43.47169811023627,380,34.45195042373314
54,WFAgent2,YOUNG_LOW_INCOME,68,63.390221279737204,0,0.0
54,WFAgent3,FEMALE_OLD_HIGH_INCOME,8,6.503086132099398,0,0.0
54,WFAgent4,FEMALE_OLD_HIGH_INCOME,8,7.830970591121808,8,7.294255781364151
54,WFAgent5,YOUNG_HIGH_INCOME,14,15.44171456100194,16,15.241863208108647
55,WFAgent6,FEMALE_YOUNG,40,39.14615739240992,42,38.91610788098811
55,WFAgent7,MALE_YOUNG,42,36.38344803852458,0,0.0
55,WFAgent8,FEMALE_YOUNG_HIGH_INCOME,5,6.057972588378128,5,5.500826846617426
55,WFAgent9,FEMALE_OLD_HIGH_INCOME,8,8.741137080407233,8,7.933714847531602
55,SIAgent10,FEMALE_YOUNG_HIGH_INCOME,5,5.500826846617426,5,5.381438860141803
55,SIAgent11,MALE_LOW_INCOME,65,70.54298505784988,68,70.46795734956963
55,SIAgent12,FEMALE_YOUNG,40,37.06295988665533,40,36.98279824234656
55,SIAgent13,OLD_HIGH_INCOME,22,21.677785699926922,135,0.0
55,SIAgent14,FEMALE_YOUNG_HIGH_INCOME,5,4.55270834152314,25,0.0
55,SIAgent15,YOUNG_LOW_INCOME,68,67.48869000126484,70,67.16903031639298
55,SIAgent16,MALE_HIGH_INCOME,24,24.024395528638937,24,23.648493490829367
55,SIAgent17,FEMALE_YOUNG_LOW_INCOME,35,36.00888087900258,36,35.72930647125785
55,SIAgent18,YOUNG_LOW_INCOME,68,62.985815864880195,403,0.0
55,WFAgent14,FEMALE_YOUNG_HIGH_INCOME,5,4.903886914239311,5,4.632869985831916
55,WFAgent13,FEMALE_OLD,50,42.038596065695714,0,0.0
55,WFAgent12,FEMALE_YOUNG_LOW_INCOME,35,34.14100143570271,36,33.35385590560884
55,WFAgent11,FEMALE_HIGH_INCOME,12,11.900572271297401,12,11.743847217722978
55,WFAgent10,FEMALE_OLD,50,52.43489497044827,53,52.22375645891489
55,SIAgent9,FEMALE_LOW_INCOME,78,88.13089236974355,81,87.77525310079841
55,SIAgent7,FEMALE_OLD_LOW_INCOME,43,39.293015782231706,288,0.0
55,SIAgent8,FEMALE_OLD_HIGH_INCOME,8,9.083685494418967,8,8.389583195271724
55,SIAgent5,FEMALE_OLD_LOW_INCOME,43,48.05823868856628,45,47.21785458735526
55,SIAgent6,MALE_YOUNG_LOW_INCOME,33,30.65974980480626,33,30.566645934427143
55,SIAgent3,MALE_YOUNG,42,42.30306289444172,42,41.80207126624036
55,SIAgent4,FEMALE_OLD_LOW_INCOME,43,43.162326579163256,47,42.94818004104393
55,SIAgent1,MALE_YOUNG,42,48.46747449795221,45,47.97878118393241
55,SIAgent2,MALE_OLD_HIGH_INCOME,15,15.180536667757623,15,15.01524720539934
55,SIAgent0,OLD_LOW_INCOME,75,78.69642431225881,77,78.33742210556127
55,WFAgent0,MALE_LOW_INCOME,65,57.06026201683321,0,0.0
55,WFAgent1,YOUNG_LOW_INCOME,68,61.658833015985856,0,0.0
55,WFAgent2,OLD_LOW_INCOME,75,78.52625766105503,177,0.0
55,WFAgent3,MALE_HIGH_INCOME,24,24.67664156738633,88,9.052543443126865
55,WFAgent4,OLD_LOW_INCOME,75,79.86514057373584,87,79.45880459127275
55,WFAgent5,FEMALE_HIGH_INCOME,12,9.79773857845356,0,0.0
56,WFAgent6,FEMALE_YOUNG,40,39.90458019899215,42,39.46470842386255
56,WFAgent7,FEMALE_OLD_LOW_INCOME,43,35.03034501408412,112,0.0
56,WFAgent8,MALE_YOUNG,42,33.379366411707515,33,0.0
56,WFAgent9,YOUNG_LOW_INCOME,68,61.87446107073162,69,56.26593720498701
56,SIAgent10,MALE_OLD_HIGH_INCOME,15,14.454893829525778,15,13.673127403428492
56,SIAgent11,FEMALE_HIGH_INCOME,12,13.127111899477933,12,12.921809112206816
56,SIAgent12,FEMALE_YOUNG_HIGH_INCOME,5,5.075342654365365,0,0.0
56,SIAgent13,MALE_YOUNG_LOW_INCOME,33,28.03962273617122,32,27.189937198711498
56,SIAgent14,FEMALE_YOUNG_HIGH_INCOME,5,5.083524549549212,0,0.0
56,SIAgent15,FEMALE_YOUNG_LOW_INCOME,35,35.39161964374056,35,35.39161964374055
56,SIAgent16,MALE_YOUNG,42,40.99449332577535,103,40.78490579806725
56,SIAgent17,MALE_OLD_LOW_INCOME,32,26.652763947992277,35,26.542969514417774
56,SIAgent18,MALE_OLD,46,34.88504564752047,343,0.0
56,WFAgent14,MALE_LOW_INCOME,65,54.24076604046933,0,0.0
56,WFAgent13,FEMALE_LOW_INCOME,78,86.18454824287224,79,85.71910510071112
56,WFAgent12,FEMALE_YOUNG,40,44.22371113627443,41,43.7357878330533
56,WFAgent11,FEMALE_HIGH_INCOME,12,10.336462616424251,0,0.0
56,WFAgent10,FEMALE_HIGH_INCOME,12,13.021589752090273,0,0.0
56,SIAgent9,YOUNG_LOW_INCOME,68,72.84909421438226,68,72.24788345081494
56,SIAgent7,OLD_LOW_INCOME,75,82.46914895602036,81,81.5142324781467
56,SIAgent8,MALE_OLD,46,41.93092403718071,52,41.68735922805977
56,SIAgent5,FEMALE_OLD,50,53.41315716071358,411,53.2678005672795
56,SIAgent6,MALE_YOUNG_LOW_INCOME,33,34.0606765478198,33,33.724182455794505
56,SIAgent3,FEMALE_YOUNG_LOW_INCOME,35,38.42258781727551,35,38.422587817275506
56,SIAgent4,FEMALE_YOUNG_LOW_INCOME,35,30.08593312585408,76,0.0
56,SIAgent1,MALE_LOW_INCOME,65,54.71578495545732,65,54.13842676935935
56,SIAgent2,FEMALE_YOUNG_LOW_INCOME,35,33.265814302862644,34,32.31536246563801
56,SIAgent0,MALE_YOUNG_HIGH_INCOME,10,11.160776260416046,11,10.736653013893545
56,WFAgent0,YOUNG_LOW_INCOME,68,71.38214927336037,72,70.80128680286714
56,WFAgent1,MALE_LOW_INCOME,65,73.37772027138665,69,73.25454000051678
56,WFAgent2,FEMALE_HIGH_INCOME,12,12.292569361679872,0,0.0
56,WFAgent3,FEMALE_HIGH_INCOME,12,12.774950481531723,9,7.752346962318189
56,WFAgent4,MALE_YOUNG_LOW_INCOME,33,34.189877922678946,33,34.0606765478198
56,WFAgent5,FEMALE_YOUNG,40,36.68199404121513,0,0.0
57,WFAgent6,MALE_YOUNG,42,41.570636544779525,35,34.184688512198875
57,WFAgent7,FEMALE_YOUNG,40,43.9952499406835,41,43.35439902865802
57,WFAgent8,FEMALE_YOUNG,40,45.23933017918338,42,44.69815985105474
57,WFAgent9,MALE_OLD_HIGH_INCOME,15,14.203437840610034,16,13.431402417221166
57,SIAgent10,MALE_OLD_HIGH_INCOME,15,14.259944874847406,16,14.206955269675568
57,SIAgent11,MALE_YOUNG,42,41.02162621463864,357,28.324456195821924
57,SIAgent12,MALE_OLD_LOW_INCOME,32,33.06766918016449,34,32.35305161374656
57,SIAgent13,FEMALE_YOUNG_HIGH_INCOME,5,5.37080578732959,5,5.164932480866666
57,SIAgent14,FEMALE_HIGH_INCOME,12,11.333666895243184,26,0.0
57,SIAgent15,OLD_LOW_INCOME,75,71.36702561855863,75,71.04946310258305
57,SIAgent16,FEMALE_LOW_INCOME,78,90.1549791681542,87,89.65763233261275
57,SIAgent17,OLD_HIGH_INCOME,22,23.491584405960445,24,22.879406078455307
57,SIAgent18,FEMALE_HIGH_INCOME,12,13.289772404728504,12,12.84540082558973
57,WFAgent14,FEMALE_OLD,50,45.05941485489839,251,34.9739830860565
57,WFAgent13,MALE_YOUNG_LOW_INCOME,33,30.374105058770724,0,0.0
57,WFAgent12,FEMALE_YOUNG,40,38.14419419542027,199,0.0
57,WFAgent11,MALE_HIGH_INCOME,24,27.252497230565137,27,27.019071718113683
57,WFAgent10,FEMALE_LOW_INCOME,78,73.33185238292494,0,0.0
57,SIAgent9,FEMALE_YOUNG_LOW_INCOME,35,37.24846654254565,35,37.24846654254562
57,SIAgent7,MALE_YOUNG_HIGH_INCOME,10,10.356168673734983,10,10.356168673734983
57,SIAgent8,FEMALE_OLD,50,46.644009679110994,53,46.34052758902487
57,SIAgent5,MALE_OLD_HIGH_INCOME,15,14.29962879903457,15,14.2599448748474
57,SIAgent6,FEMALE_OLD,50,48.96202613748051,50,48.82323506370018
57,SIAgent3,FEMALE_OLD_LOW_INCOME,43,41.987982154782124,44,41.86865502955436
57,SIAgent4,MALE_OLD,46,38.61528194951085,282,20.986566276908082
57,SIAgent1,FEMALE_HIGH_INCOME,12,12.39583795408,12,11.742714677734256
57,SIAgent2,FEMALE_OLD_LOW_INCOME,43,37.59703181751072,42,36.722682240359326
57,SIAgent0,FEMALE_YOUNG,40,38.84275709954192,41,38.59375326279021
57,WFAgent0,YOUNG_HIGH_INCOME,14,13.421089182955196,0,0.0
57,WFAgent1,MALE_LOW_INCOME,65,65.53554522341098,72,65.26151156918698
57,WFAgent2,FEMALE_HIGH_INCOME,12,9.868103335647142,0,0.0
57,WFAgent3,MALE_YOUNG_LOW_INCOME,33,35.59057181802283,36,35.1613938982617
57,WFAgent4,FEMALE_OLD,50,50.34854960591436,46,43.44572309843217
57,WFAgent5,MALE_OLD_HIGH_INCOME,15,13.319020565320839,15,12.591939766144844
58,WFAgent6,FEMALE_HIGH_INCOME,12,11.44809040812563,6,0.0
58,WFAgent7,FEMALE_HIGH_INCOME,12,9.825592745422188,0,0.0
58,WFAgent8,OLD_HIGH_INCOME,22,21.342946663966543,120,10.446228175924643
58,WFAgent9,MALE_LOW_INCOME,65,70.4032051020764,78,70.07775587796307
58,SIAgent10,MALE_YOUNG_LOW_INCOME,33,31.086455517173963,35,31.022769276123636
58,SIAgent11,YOUNG_HIGH_INCOME,14,13.695277554348076,14,13.640400907089173
58,SIAgent12,FEMALE_YOUNG_HIGH_INCOME,5,5.424651255181502,5,5.091613913232837
58,SIAgent13,MALE_YOUNG,42,43.73206153964401,46,43.556750851030564
58,SIAgent14,FEMALE_LOW_INCOME,78,82.98968730014312,88,82.48530353079003
58,SIAgent15,MALE_OLD_LOW_INCOME,32,28.749848565318167,283,0.0
58,SIAgent16,MALE_YOUNG,42,32.2097995737654,117,2.3006999695546715
58,SIAgent17,YOUNG_LOW_INCOME,68,60.27280887932592,206,59.913284695472285
58,SIAgent18,OLD_HIGH_INCOME,22,20.892456351849287,22,20.560020215000677
58,WFAgent14,MALE_YOUNG_HIGH_INCOME,10,9.677601522329882,12,9.202799878218688
58,WFAgent13,MALE_YOUNG_LOW_INCOME,33,29.98110292478021,33,29.250039603202286
58,WFAgent12,FEMALE_OLD_HIGH_INCOME,8,7.9772500204763155,8,7.597256855217922
58,WFAgent11,YOUNG_HIGH_INCOME,14,14.55490200816106,14,13.695277554348076
58,WFAgent10,MALE_YOUNG_HIGH_INCOME,10,9.721690014881018,12,9.202799878218688
58,SIAgent9,FEMALE_OLD,50,56.461348722549424,53,56.390428550097326
58,SIAgent7,FEMALE_YOUNG_HIGH_INCOME,5,4.806348730936428,5,4.806348730936428
58,SIAgent8,FEMALE_HIGH_INCOME,12,14.926162329403802,13,14.59701145488423
58,SIAgent5,YOUNG_HIGH_INCOME,14,15.42212798174695,14,14.926879371096689
58,SIAgent6,YOUNG_LOW_INCOME,68,76.9468374874627,70,75.93360947148199
58,SIAgent3,FEMALE_OLD,50,41.94225306430185,428,0.0
58,SIAgent4,FEMALE_YOUNG_HIGH_INCOME,5,5.091613913232837,5,4.8911705551243125
58,SIAgent1,MALE_YOUNG,42,46.385053833322864,43,45.79909826428189
58,SIAgent2,MALE_YOUNG_LOW_INCOME,33,28.960666479612755,37,28.375299624507598
58,SIAgent0,FEMALE_YOUNG_LOW_INCOME,35,35.55024724331037,40,35.454593458427
58,WFAgent0,OLD_HIGH_INCOME,22,22.53879763644996,23,21.842113458751527
58,WFAgent1,MALE_OLD,46,42.70116192362885,0,0.0
58,WFAgent2,MALE_YOUNG_HIGH_INCOME,10,10.167190994497718,10,9.782341110248625
58,WFAgent3,FEMALE_HIGH_INCOME,12,11.6989056622333,13,11.614228966718937
58,WFAgent4,FEMALE_HIGH_INCOME,12,10.211820353673767,0,0.0
58,WFAgent5,FEMALE_OLD_HIGH_INCOME,8,9.135793700150934,9,8.774179246674974
59,WFAgent6,MALE_OLD_HIGH_INCOME,15,15.104784624067197,15,15.012663524756613
59,WFAgent7,FEMALE_OLD_LOW_INCOME,43,45.32187243765672,49,44.44485772265444
59,WFAgent8,FEMALE_OLD_LOW_INCOME,43,38.8262206046206,310,0.0
59,WFAgent9,YOUNG_HIGH_INCOME,14,12.211310284617674,0,0.0
59,SIAgent10,MALE_OLD_LOW_INCOME,32,33.39541250232862,31,32.35180586163087
59,SIAgent11,FEMALE_LOW_INCOME,78,70.74895719116422,78,70.3517540333536
59,SIAgent12,MALE_YOUNG_LOW_INCOME,33,33.21124858266376,33,32.9484424525862
59,SIAgent13,YOUNG_HIGH_INCOME,14,14.030123571295094,15,13.863038142094972
59,SIAgent14,MALE_YOUNG_HIGH_INCOME,10,10.442855165610794,10,10.061369299249094
59,SIAgent15,FEMALE_YOUNG_HIGH_INCOME,5,5.003548303134044,5,4.263105593025863
59,SIAgent16,YOUNG_LOW_INCOME,68,60.54586047397034,68,60.387256969770014
59,SIAgent17,FEMALE_YOUNG_HIGH_INCOME,5,4.263105593025863,17,0.0
59,SIAgent18,OLD_HIGH_INCOME,22,21.872524635504003,57,21.55692480162633
59,WFAgent14,FEMALE_LOW_INCOME,78,71.21670737600284,208,56.09395896853142
59,WFAgent13,MALE_YOUNG,42,41.816553452013935,46,40.95749385003878
59,WFAgent12,MALE_YOUNG_HIGH_INCOME,10,10.165196356880772,10,10.021516836639355
59,WFAgent11,YOUNG_LOW_INCOME,68,67.89376020532917,74,67.12080554033525
59,WFAgent10,OLD_LOW_INCOME,75,87.37226569695771,94,86.8506586793141
59,SIAgent9,FEMALE_HIGH_INCOME,12,12.96830505459867,12,12.063239377674035
59,SIAgent7,MALE_OLD,46,55.73887462028804,52,54.89230544930766
59,SIAgent8,FEMALE_YOUNG,40,40.04542913871626,43,39.260492527796416
59,SIAgent5,FEMALE_LOW_INCOME,78,87.94116909360008,91,87.0359612896668
59,SIAgent6,FEMALE_YOUNG_LOW_INCOME,35,35.7963007913051,35,35.03975049637675
59,SIAgent3,MALE_HIGH_INCOME,24,26.117576747644208,25,25.67796666138964
59,SIAgent4,FEMALE_OLD_HIGH_INCOME,8,7.83888174604594,35,4.899301091278713
59,SIAgent1,OLD_HIGH_INCOME,22,22.115938859069065,22,21.938910332839924
59,SIAgent2,MALE_LOW_INCOME,65,56.58606609907862,317,0.0
59,SIAgent0,MALE_YOUNG,42,43.57302080323024,43,43.27526330468307
59,WFAgent0,MALE_YOUNG_HIGH_INCOME,10,9.94353469485056,52,0.0
59,WFAgent1,MALE_YOUNG,42,42.25775105684619,47,41.84787415112658
59,WFAgent2,FEMALE_OLD_HIGH_INCOME,8,7.889848331394019,8,7.838881746045941
59,WFAgent3,FEMALE_OLD,50,45.09727822650875,0,0.0
59,WFAgent4,YOUNG_HIGH_INCOME,14,14.476641787386388,14,14.021471433072337
59,WFAgent5,FEMALE_YOUNG_HIGH_INCOME,5,5.704317793345132,5,5.089298822538964
60,WFAgent6,OLD_LOW_INCOME,75,57.471399470629194,0,0.0
60,WFAgent7,FEMALE_OLD_LOW_INCOME,43,37.25041380474929,43,37.17674194497681
60,WFAgent8,MALE_OLD,46,42.2124461985909,101,0.0
60,WFAgent9,MALE_YOUNG,42,43.41163941889621,43,42.507459361535616
60,SIAgent10,MALE_YOUNG,42,49.781765798858075,43,48.65171949360018
60,SIAgent11,FEMALE_HIGH_INCOME,12,12.952212409373338,12,12.071350286955042
60,SIAgent12,FEMALE_HIGH_INCOME,12,12.967467980319814,12,12.95221240937334
60,SIAgent13,FEMALE_OLD,50,48.04129053076212,55,47.55164667380754
60,SIAgent14,YOUNG_LOW_INCOME,68,76.59056452289634,160,75.61397075731182
60,SIAgent15,YOUNG_LOW_INCOME,68,76.8204553895973,68,76.71903294840568
60,SIAgent16,MALE_OLD_LOW_INCOME,32,31.390245261379476,36,31.12471418649222
60,SIAgent17,MALE_YOUNG_HIGH_INCOME,10,11.358857947148216,11,10.926233518225557
60,SIAgent18,OLD_HIGH_INCOME,22,20.403307821018537,23,20.38261692920412
60,WFAgent14,OLD_LOW_INCOME,75,86.17644546084432,85,85.90428312694382
60,WFAgent13,FEMALE_YOUNG_LOW_INCOME,35,40.53351008802589,35,39.53655952601772
60,WFAgent12,MALE_HIGH_INCOME,24,22.613970417870256,24,22.258153986565674
60,WFAgent11,FEMALE_OLD_HIGH_INCOME,8,8.188210020160131,8,8.07166723011533
60,WFAgent10,YOUNG_HIGH_INCOME,14,14.654483441084334,14,13.922301888153
60,SIAgent9,OLD_LOW_INCOME,75,64.84315455519219,353,43.2287697034614
60,SIAgent7,MALE_OLD_LOW_INCOME,32,32.30966312004378,32,31.87141013651629
60,SIAgent8,OLD_HIGH_INCOME,22,21.944443529174084,23,21.330730903792105
60,SIAgent5,MALE_YOUNG_HIGH_INCOME,10,9.370834329009394,10,0.0
60,SIAgent6,MALE_LOW_INCOME,65,64.73880183979877,65,63.76143568717711
60,SIAgent3,FEMALE_HIGH_INCOME,12,11.933401618416859,12,11.933401618416857
60,SIAgent4,MALE_OLD_LOW_INCOME,32,34.27015870510564,33,33.319340092545126
60,SIAgent1,MALE_YOUNG,42,41.718346160497575,201,41.71834616049755
60,SIAgent2,FEMALE_OLD_LOW_INCOME,43,43.5131532097792,42,42.501219414202964
60,SIAgent0,FEMALE_OLD,50,50.447920188220806,50,50.3028374992574
60,WFAgent0,FEMALE_YOUNG_HIGH_INCOME,5,5.018970191523544,20,3.977800539472286
60,WFAgent1,MALE_YOUNG_HIGH_INCOME,10,9.685379736159978,10,9.370834329009394
60,WFAgent2,FEMALE_HIGH_INCOME,12,11.93121012367466,0,0.0
60,WFAgent3,FEMALE_OLD_LOW_INCOME,43,43.50975500900757,43,42.663222464632284
60,WFAgent4,MALE_OLD,46,37.20980645370321,0,0.0
60,WFAgent5,FEMALE_OLD_HIGH_INCOME,8,7.964239952288574,48,6.961150944076501
61,WFAgent6,MALE_LOW_INCOME,65,69.11772472935955,67,68.75898435407531
61,WFAgent7,FEMALE_HIGH_INCOME,12,10.716697887980157,0,0.0
61,WFAgent8,FEMALE_LOW_INCOME,78,85.7332913491761,93,85.09688125116884
61,WFAgent9,MALE_OLD,46,52.04012638875288,51,51.888569894297895
61,SIAgent10,MALE_LOW_INCOME,65,72.14121599664394,68,71.78112142710124
61,SIAgent11,MALE_OLD_LOW_INCOME,32,38.94128991179645,35,38.845270152039035
61,SIAgent12,FEMALE_YOUNG,40,44.036730369806754,40,43.915469046233724
61,SIAgent13,MALE_YOUNG_HIGH_INCOME,10,9.639582190716421,9,8.67562397164478
61,SIAgent14,OLD_LOW_INCOME,75,70.65726727676031,75,70.65726727676027
61,SIAgent15,FEMALE_HIGH_INCOME,12,13.054279562622327,12,12.513118905093
61,SIAgent16,YOUNG_LOW_INCOME,68,69.56441701559737,69,69.22516638852674
61,SIAgent17,MALE_OLD,46,45.44080111757527,50,45.35328904634133
61,SIAgent18,MALE_LOW_INCOME,65,68.61430724649392,66,68.17037663616921
61,WFAgent14,MALE_OLD,46,44.6032714385924,29,18.68151447732981
61,WFAgent13,YOUNG_LOW_INCOME,68,78.62039570856112,73,77.64010849169743
61,WFAgent12,FEMALE_YOUNG_HIGH_INCOME,5,4.91326110965151,0,0.0
61,WFAgent11,MALE_HIGH_INCOME,24,27.163907222337244,28,26.990830134005986
61,WFAgent10,FEMALE_YOUNG_HIGH_INCOME,5,5.182009831310771,0,0.0
61,SIAgent9,OLD_HIGH_INCOME,22,22.876975256464082,22,22.436562193486747
61,SIAgent7,YOUNG_HIGH_INCOME,14,12.488838138022473,33,12.183596398258569
61,SIAgent8,FEMALE_LOW_INCOME,78,67.34561567354687,513,0.0
61,SIAgent5,MALE_HIGH_INCOME,24,19.493754237213704,50,18.68151447732981
61,SIAgent6,MALE_OLD_LOW_INCOME,32,32.28104090083574,32,31.610992081791466
61,SIAgent3,MALE_YOUNG_LOW_INCOME,33,30.809127496297805,127,0.0
61,SIAgent4,MALE_YOUNG,42,40.2275787808858,43,39.43887576641346
61,SIAgent1,MALE_LOW_INCOME,65,63.96549320706639,66,63.214766655677735
61,SIAgent2,FEMALE_HIGH_INCOME,12,12.513118905093,12,11.739336916610233
61,SIAgent0,FEMALE_YOUNG_HIGH_INCOME,5,5.355441694293095,5,5.21379954378875
61,WFAgent0,OLD_HIGH_INCOME,22,22.74166266987294,51,0.0
61,WFAgent1,MALE_OLD_LOW_INCOME,32,31.718372296756225,167,14.817652538339761
61,WFAgent2,FEMALE_YOUNG_HIGH_INCOME,5,4.759085835660199,0,0.0
61,WFAgent3,MALE_OLD_LOW_INCOME,32,29.08402685426275,0,0.0
61,WFAgent4,YOUNG_LOW_INCOME,68,70.80418774575783,77,70.31262962682149
61,WFAgent5,YOUNG_HIGH_INCOME,14,15.066789466391137,15,14.4162622160541
62,WFAgent6,OLD_LOW_INCOME,75,68.25167057704799,0,0.0
62,WFAgent7,MALE_OLD_HIGH_INCOME,15,15.995219549031969,15,15.055995738755168
62,WFAgent8,FEMALE_OLD_LOW_INCOME,43,46.89659104980541,43,46.65942022812706
62,WFAgent9,MALE_OLD_HIGH_INCOME,15,17.03812909064063,16,16.969359835369293
62,SIAgent10,FEMALE_OLD,50,40.379425308609896,183,0.0
62,SIAgent11,FEMALE_HIGH_INCOME,12,13.789138402533546,12,12.950908709141604
62,SIAgent12,OLD_LOW_INCOME,75,79.09558966633689,77,78.7645176097806
62,SIAgent13,MALE_OLD,46,45.73078160209986,46,45.71475274896957
62,SIAgent14,FEMALE_OLD,50,51.007963140384575,51,50.986931772663496
62,SIAgent15,MALE_LOW_INCOME,65,60.60472822279577,72,60.425982483941496
62,SIAgent16,YOUNG_LOW_INCOME,68,57.068983457055936,276,0.0
62,SIAgent17,FEMALE_LOW_INCOME,78,84.63801808823044,78,84.36356368416433
62,SIAgent18,MALE_LOW_INCOME,65,64.3235212678533,68,63.40186952538635
62,WFAgent14,FEMALE_YOUNG_HIGH_INCOME,5,5.4705757898028065,42,0.0
62,WFAgent13,MALE_OLD,46,52.71992520399588,49,51.67578524867349
62,WFAgent12,MALE_YOUNG,42,31.614267746415464,0,0.0
62,WFAgent11,YOUNG_LOW_INCOME,68,72.19635567788013,86,72.17547907804128
62,WFAgent10,MALE_YOUNG_HIGH_INCOME,10,8.030934991075856,0,0.0
62,SIAgent9,FEMALE_OLD,50,49.779744984309055,54,49.013910583611114
62,SIAgent7,OLD_LOW_INCOME,75,76.71868598355246,76,76.59567785308143
62,SIAgent8,YOUNG_LOW_INCOME,68,68.423508900483,69,68.28189180741352
62,SIAgent5,MALE_OLD_LOW_INCOME,32,31.80156712971796,32,31.478838159330955
62,SIAgent6,YOUNG_HIGH_INCOME,14,15.728012268657986,17,14.604582820896706
62,SIAgent3,OLD_HIGH_INCOME,22,22.082127083507576,22,22.065850784379247
62,SIAgent4,FEMALE_OLD_HIGH_INCOME,8,8.38144168038306,8,8.161274102461531
62,SIAgent1,YOUNG_LOW_INCOME,68,80.50421814751994,76,80.1015707781137
62,SIAgent2,MALE_OLD_LOW_INCOME,32,31.47883815933094,154,4.66190217098429
62,SIAgent0,OLD_HIGH_INCOME,22,19.62042873579174,50,19.080030623779663
62,WFAgent0,MALE_HIGH_INCOME,24,28.808688572035003,26,28.140809854931433
62,WFAgent1,FEMALE_OLD,50,48.0685215039169,58,47.26137917617003
62,WFAgent2,MALE_OLD,46,48.68452377895823,50,47.862474265624996
62,WFAgent3,MALE_HIGH_INCOME,24,25.45403975305394,28,0.0
62,WFAgent4,FEMALE_LOW_INCOME,78,85.68675028703862,83,84.77892556446417
62,WFAgent5,MALE_YOUNG,42,45.47409939050602,56,44.97323595002475
63,WFAgent6,MALE_OLD,46,49.116829037245324,48,48.43795263414481
63,WFAgent7,YOUNG_HIGH_INCOME,14,15.093323250137784,14,14.420951962312584
63,WFAgent8,FEMALE_OLD_HIGH_INCOME,8,6.970021695164191,0,0.0
63,WFAgent9,FEMALE_LOW_INCOME,78,85.49809033872657,83,84.80838779647118
63,SIAgent10,MALE_LOW_INCOME,65,63.46384622763168,356,20.503704165850234
63,SIAgent11,FEMALE_OLD_LOW_INCOME,43,43.37786056196496,43,42.90193384016851
63,SIAgent12,FEMALE_HIGH_INCOME,12,11.724432479939843,51,0.0
63,SIAgent13,FEMALE_YOUNG_LOW_INCOME,35,38.03511208787917,38,37.4245710825675
63,SIAgent14,FEMALE_YOUNG,40,38.48800172366198,41,38.45224953559005
63,SIAgent15,OLD_LOW_INCOME,75,85.91461941954776,82,84.96894940676033
63,SIAgent16,FEMALE_YOUNG_HIGH_INCOME,5,4.981311015837909,5,4.924285668758882
63,SIAgent17,FEMALE_LOW_INCOME,78,73.1530600920981,80,72.39315598779864
63,SIAgent18,MALE_OLD,46,37.82602997598768,50,37.13213610596335
63,WFAgent14,FEMALE_OLD_LOW_INCOME,43,37.69637927358716,0,0.0
63,WFAgent13,MALE_LOW_INCOME,65,67.04050355094056,67,66.79679459316387
63,WFAgent12,MALE_YOUNG_HIGH_INCOME,10,11.527513271401746,10,10.638737914485011
63,WFAgent11,OLD_LOW_INCOME,75,73.50256628014608,81,73.29807043764612
63,WFAgent10,FEMALE_HIGH_INCOME,12,10.368319031571758,0,0.0
63,SIAgent9,MALE_OLD_HIGH_INCOME,15,11.139640831789011,55,0.0
63,SIAgent7,MALE_YOUNG_HIGH_INCOME,10,8.666724370398223,72,0.0
63,SIAgent8,FEMALE_YOUNG,40,39.39428535007106,40,38.488001723661974
63,SIAgent5,FEMALE_OLD,50,49.88596958159129,50,48.95074184317902
63,SIAgent6,MALE_OLD_HIGH_INCOME,15,15.881312888209976,17,15.552094263067268
63,SIAgent3,FEMALE_LOW_INCOME,78,70.58332708810377,316,0.0
63,SIAgent4,MALE_OLD_LOW_INCOME,32,32.29196842276321,31,31.282844409551885
63,SIAgent1,FEMALE_OLD,50,51.98084279979873,50,51.184790976879874
63,SIAgent2,YOUNG_HIGH_INCOME,14,14.894233080279019,16,14.458363055863193
63,SIAgent0,MALE_OLD,46,42.08213741771143,51,41.93755497337764
63,WFAgent0,MALE_YOUNG_LOW_INCOME,33,33.57149712985886,34,33.19647341137656
63,WFAgent1,FEMALE_HIGH_INCOME,12,11.918286230620494,12,11.724432479939843
63,WFAgent2,FEMALE_YOUNG_HIGH_INCOME,5,4.659964430705983,0,0.0
63,WFAgent3,FEMALE_LOW_INCOME,78,76.9896848021842,82,76.90449907118021
63,WFAgent4,OLD_LOW_INCOME,75,74.73590459090164,76,74.20388174307712
63,WFAgent5,MALE_YOUNG,42,47.976765048147215,49,47.8419763869839
64,WFAgent6,FEMALE_HIGH_INCOME,12,11.8310070227375,12,11.171251391571838
64,WFAgent7,FEMALE_OLD_LOW_INCOME,43,44.12412128493493,44,43.68138209329135
64,WFAgent8,MALE_LOW_INCOME,65,52.2487998958115,0,0.0
64,WFAgent9,MALE_OLD_LOW_INCOME,32,29.690944175835874,35,29.369963633752047
64,SIAgent10,OLD_HIGH_INCOME,22,20.480627551215036,22,20.2096372508969
64,SIAgent11,MALE_OLD,46,46.97611199582764,47,46.66779575044666
64,SIAgent12,MALE_HIGH_INCOME,24,23.369673477015304,24,22.897183566563058
64,SIAgent13,FEMALE_OLD_HIGH_INCOME,8,7.319976080506024,8,6.534724957854914
64,SIAgent14,FEMALE_HIGH_INCOME,12,9.665462328559405,22,0.0
64,SIAgent15,OLD_LOW_INCOME,75,74.45690129538289,83,73.57181735645808
64,SIAgent16,MALE_YOUNG,42,40.43584393228128,42,39.538353618126706
64,SIAgent17,FEMALE_YOUNG,40,36.50617110952622,309,30.063706970485498
64,SIAgent18,MALE_YOUNG,42,37.92287105264849,333,0.0
64,WFAgent14,FEMALE_YOUNG_HIGH_INCOME,5,4.951239148268385,0,0.0
64,WFAgent13,MALE_YOUNG_LOW_INCOME,33,34.98072321004733,36,34.65929479909825
64,WFAgent12,MALE_OLD,46,48.64697543696252,48,48.16471738608577
64,WFAgent11,MALE_LOW_INCOME,65,54.54421817696809,101,0.0
64,WFAgent10,OLD_HIGH_INCOME,22,20.025841910879926,88,0.0
64,SIAgent9,FEMALE_HIGH_INCOME,12,9.802087436782372,12,9.665462328559405
64,SIAgent7,FEMALE_YOUNG_HIGH_INCOME,5,5.825231541656838,5,5.790049640556149
64,SIAgent8,FEMALE_OLD_LOW_INCOME,43,35.0221082515383,167,0.0
64,SIAgent5,MALE_OLD,46,52.019518955184935,50,51.06099129981271
64,SIAgent6,MALE_OLD,46,43.77312803978285,65,43.412413221065364
64,SIAgent3,FEMALE_OLD_LOW_INCOME,43,37.641800570283515,42,36.76640985934671
64,SIAgent4,MALE_YOUNG_HIGH_INCOME,10,10.05041839890484,10,9.737363948756375
64,SIAgent1,YOUNG_HIGH_INCOME,14,15.62788206394483,15,15.075627598357267
64,SIAgent2,MALE_LOW_INCOME,65,77.62410382464554,73,76.66918270364803
64,SIAgent0,FEMALE_YOUNG_HIGH_INCOME,5,5.649322036153396,6,5.4759256664289335
64,WFAgent0,MALE_OLD_LOW_INCOME,32,28.77192983468064,35,28.133969174667747
64,WFAgent1,FEMALE_LOW_INCOME,78,74.39676403698432,88,73.80545947189435
64,WFAgent2,FEMALE_YOUNG_HIGH_INCOME,5,6.410058968739145,5,5.825231541656838
64,WFAgent3,FEMALE_OLD_LOW_INCOME,43,46.25596267077874,45,45.27887819478215
64,WFAgent4,FEMALE_LOW_INCOME,78,78.48338887095571,85,77.57561360774324
64,WFAgent5,FEMALE_YOUNG,40,41.05550147698706,43,41.01360068705546
65,WFAgent6,MALE_OLD_LOW_INCOME,32,29.739650174593976,141,7.113404130588903
65,WFAgent7,YOUNG_LOW_INCOME,68,67.06112528915111,199,50.68300443044587
65,WFAgent8,MALE_OLD_LOW_INCOME,32,33.10392463723645,34,32.81581238565271
65,WFAgent9,FEMALE_YOUNG_LOW_INCOME,35,37.62370430165379,39,37.431217489968354
65,SIAgent10,YOUNG_HIGH_INCOME,14,12.202968428275781,51,0.0
65,SIAgent11,FEMALE_OLD_HIGH_INCOME,8,8.429736551361792,9,8.254997953964677
65,SIAgent12,FEMALE_OLD_HIGH_INCOME,8,8.435898577830798,8,8.435898577830798
65,SIAgent13,OLD_HIGH_INCOME,22,16.710210818496996,22,16.710210818496996
65,SIAgent14,FEMALE_OLD,50,57.720142881021715,52,57.06578161653627
65,SIAgent15,FEMALE_YOUNG_LOW_INCOME,35,33.59211826022802,286,0.0
65,SIAgent16,FEMALE_YOUNG,40,47.07166626503901,47,46.828432576067954
65,SIAgent17,MALE_LOW_INCOME,65,57.79640856103483,65,57.79640856103476
65,SIAgent18,YOUNG_HIGH_INCOME,14,15.47746466304312,14,15.17207464923059
65,WFAgent14,FEMALE_YOUNG_HIGH_INCOME,5,5.562156673933502,6,5.2298436121181915
65,WFAgent13,MALE_HIGH_INCOME,24,23.53809790902553,103,12.152880595270544
65,WFAgent12,MALE_YOUNG_LOW_INCOME,33,28.49690443713549,0,0.0
65,WFAgent11,FEMALE_OLD_HIGH_INCOME,8,7.349115702788989,0,0.0
65,WFAgent10,FEMALE_OLD_HIGH_INCOME,8,8.083961665731126,0,0.0
65,SIAgent9,FEMALE_YOUNG_LOW_INCOME,35,41.948235410417034,35,41.18770798190913
65,SIAgent7,FEMALE_OLD_LOW_INCOME,43,47.42980174730472,43,46.567725690627285
65,SIAgent8,MALE_YOUNG_LOW_INCOME,33,35.77137067912274,33,35.73473630494611
65,SIAgent5,MALE_OLD,46,52.24555004412034,60,51.75126361191896
65,SIAgent6,MALE_YOUNG_LOW_INCOME,33,38.00681495653826,35,37.93933253846352
65,SIAgent3,OLD_LOW_INCOME,75,72.38782143893978,76,71.72272783189503
65,SIAgent4,MALE_YOUNG_LOW_INCOME,33,35.73473630494611,40,35.56702065294448
65,SIAgent1,FEMALE_OLD,50,45.86109974424821,246,0.759555037204409
65,SIAgent2,FEMALE_OLD_LOW_INCOME,43,46.56772569062731,43,46.567725690627285
65,SIAgent0,MALE_LOW_INCOME,65,76.16382456983752,66,75.48731824905931
65,WFAgent0,FEMALE_OLD,50,54.28542190898353,50,53.71695124053735
65,WFAgent1,MALE_YOUNG_HIGH_INCOME,10,10.58702063176602,12,10.459687224236383
65,WFAgent2,FEMALE_OLD,50,50.78543843497255,52,50.18888953099822
65,WFAgent3,MALE_YOUNG_HIGH_INCOME,10,10.913436699458067,10,10.58702063176602
65,WFAgent4,MALE_YOUNG,42,45.51622394769178,46,45.114687658965565
65,WFAgent5,OLD_LOW_INCOME,75,72.41153123946684,77,71.96230482191505
66,WFAgent6,MALE_OLD_LOW_INCOME,32,30.16764575996316,32,29.43400257618384
66,WFAgent7,FEMALE_HIGH_INCOME,12,14.296505376495308,15,13.931808873266288
66,WFAgent8,MALE_OLD,46,52.97115319793954,54,52.81359717744476
66,WFAgent9,YOUNG_HIGH_INCOME,14,12.506053407031834,0,0.0
66,SIAgent10,MALE_LOW_INCOME,65,66.57957053410382,71,65.67996705453061
66,SIAgent11,FEMALE_OLD_LOW_INCOME,43,42.903137957166166,43,42.90313795716614
66,SIAgent12,FEMALE_YOUNG_LOW_INCOME,35,33.88586669886206,34,32.91769907889459
66,SIAgent13,MALE_OLD_HIGH_INCOME,15,14.670443660401315,14,13.69241408304123
66,SIAgent14,FEMALE_YOUNG,40,37.138435583034266,68,36.84640881974635
66,SIAgent15,MALE_HIGH_INCOME,24,22.49519510428597,24,21.92162151845986
66,SIAgent16,FEMALE_OLD_HIGH_INCOME,8,7.343716847241689,8,7.343716847241688
66,SIAgent17,FEMALE_YOUNG,40,42.40058234255497,41,42.160210103159606
66,SIAgent18,FEMALE_OLD_LOW_INCOME,43,47.1384229491756,47,46.89412753457694
66,WFAgent14,FEMALE_YOUNG_LOW_INCOME,35,36.83323998506123,38,36.790369558764546
66,WFAgent13,YOUNG_LOW_INCOME,68,69.92425090280129,73,69.23423249253133
66,WFAgent12,OLD_HIGH_INCOME,22,23.754297328155708,50,11.933539876767746
66,WFAgent11,MALE_YOUNG_HIGH_INCOME,10,9.767230792770425,10,9.372997960119154
66,WFAgent10,FEMALE_LOW_INCOME,78,82.75598123114898,379,40.90764316846074
66,SIAgent9,FEMALE_YOUNG_HIGH_INCOME,5,5.652699371619776,5,5.401521952966643
66,SIAgent7,FEMALE_HIGH_INCOME,12,12.963652687119945,12,12.8555076677065
66,SIAgent8,FEMALE_YOUNG_LOW_INCOME,35,32.52180908323133,35,32.49613113515497
66,SIAgent5,MALE_OLD_LOW_INCOME,32,34.665168344718204,33,33.801935809621966
66,SIAgent6,YOUNG_HIGH_INCOME,14,14.651303980824855,15,14.602583999454456
66,SIAgent3,MALE_HIGH_INCOME,24,28.090468568591643,26,27.74106973145567
66,SIAgent4,MALE_HIGH_INCOME,24,21.83968243477041,55,0.0
66,SIAgent1,MALE_OLD_HIGH_INCOME,15,14.476378073825865,15,14.05949694017873
66,SIAgent2,MALE_LOW_INCOME,65,59.78781773287342,557,34.03306547871256
66,SIAgent0,FEMALE_YOUNG_LOW_INCOME,35,30.70534068312194,122,0.0
66,WFAgent0,MALE_OLD,46,44.27404238180841,48,43.6793648695408
66,WFAgent1,FEMALE_YOUNG_HIGH_INCOME,5,4.981703907524351,0,0.0
66,WFAgent2,MALE_HIGH_INCOME,24,24.03182130112794,24,23.408021327783626
66,WFAgent3,MALE_YOUNG_HIGH_INCOME,10,9.989244977869065,10,9.372997960119154
66,WFAgent4,FEMALE_YOUNG_HIGH_INCOME,5,4.70873903394193,0,0.0
66,WFAgent5,MALE_OLD_LOW_INCOME,32,29.953340090789375,32,29.43400257618384
67,WFAgent6,FEMALE_HIGH_INCOME,12,12.908353851354084,13,12.505189801864969
67,WFAgent7,YOUNG_HIGH_INCOME,14,13.618163665916164,15,13.10027335427576
67,WFAgent8,FEMALE_OLD_HIGH_INCOME,8,7.9174886920831415,8,7.907993398098013
67,WFAgent9,MALE_OLD_HIGH_INCOME,15,15.84670149233802,15,15.424761789825496
67,SIAgent10,FEMALE_YOUNG_HIGH_INCOME,5,4.719999962173986,5,4.673532555527524
67,SIAgent11,MALE_YOUNG_LOW_INCOME,33,31.88277917809709,33,31.882779178097074
67,SIAgent12,MALE_HIGH_INCOME,24,24.679618863720794,26,24.47212228851917
67,SIAgent13,OLD_HIGH_INCOME,22,23.554223026604483,23,23.05228009304751
67,SIAgent14,FEMALE_YOUNG_LOW_INCOME,35,34.72842742652054,35,33.856164385962
67,SIAgent15,YOUNG_LOW_INCOME,68,64.45656290418059,72,64.04696746819032
67,SIAgent16,FEMALE_OLD_LOW_INCOME,43,40.679594352681505,507,0.0
67,SIAgent17,MALE_HIGH_INCOME,24,29.44687025031299,25,28.38997745432683
67,SIAgent18,FEMALE_YOUNG,40,38.69275929824231,40,38.00531064074297
67,WFAgent14,OLD_HIGH_INCOME,22,21.219338412946144,17,11.090373854181493
67,WFAgent13,MALE_HIGH_INCOME,24,24.91046648948334,24,24.36107264057853
67,WFAgent12,MALE_OLD_HIGH_INCOME,15,14.424515902571322,16,14.145884975729153
67,WFAgent11,FEMALE_YOUNG_HIGH_INCOME,5,4.678651952496038,0,0.0
67,WFAgent10,MALE_LOW_INCOME,65,77.34673560320022,366,0.0
67,SIAgent9,FEMALE_YOUNG,40,37.388260444220194,144,0.0
67,SIAgent7,YOUNG_LOW_INCOME,68,64.60902808926308,68,64.45656290418056
67,SIAgent8,OLD_HIGH_INCOME,22,21.746981844769532,23,21.714544603908916
67,SIAgent5,YOUNG_LOW_INCOME,68,72.72781233122542,73,72.59620868826686
67,SIAgent6,MALE_HIGH_INCOME,24,20.85269282486215,41,20.37912384669675
67,SIAgent3,YOUNG_HIGH_INCOME,14,16.883501761706984,16,16.364269860293565
67,SIAgent4,MALE_YOUNG,42,35.6634667317193,157,0.0
67,SIAgent1,OLD_HIGH_INCOME,22,19.49853804431862,21,18.61224086048596
67,SIAgent2,MALE_YOUNG_HIGH_INCOME,10,9.025323704043831,9,8.12279133363945
67,SIAgent0,FEMALE_OLD_HIGH_INCOME,8,7.393582569454329,7,6.469384748272539
67,WFAgent0,YOUNG_LOW_INCOME,68,85.13902687280203,84,84.73937145331784
67,WFAgent1,FEMALE_OLD_HIGH_INCOME,8,8.035515165766752,8,7.907993398098013
67,WFAgent2,YOUNG_LOW_INCOME,68,69.61700763453912,72,68.74581236210003
67,WFAgent3,FEMALE_OLD_HIGH_INCOME,8,6.716461369831004,0,0.0
67,WFAgent4,FEMALE_OLD,50,42.76550841176218,0,0.0
67,WFAgent5,FEMALE_HIGH_INCOME,12,11.806953138738612,12,11.090373854181493
68,WFAgent6,FEMALE_OLD,50,51.362862343022954,54,51.22845541711238
68,WFAgent7,MALE_OLD_LOW_INCOME,32,36.1572621474959,37,35.27497300575746
68,WFAgent8,FEMALE_HIGH_INCOME,12,11.444689781976628,12,11.360290548693007
68,WFAgent9,YOUNG_HIGH_INCOME,14,17.09534242047268,16,16.307743484222428
68,SIAgent10,MALE_YOUNG_LOW_INCOME,33,33.83866605500195,37,33.60166475768947
68,SIAgent11,MALE_LOW_INCOME,65,58.04578116555101,74,57.82876234847398
68,SIAgent12,FEMALE_OLD,50,47.43375501584478,50,47.24700223659477
68,SIAgent13,FEMALE_YOUNG,40,38.00162691094418,40,38.00162691094416
68,SIAgent14,MALE_HIGH_INCOME,24,25.23583145890916,34,24.726822755205088
68,SIAgent15,YOUNG_LOW_INCOME,68,61.75441090602387,69,61.61782923727721
68,SIAgent16,FEMALE_YOUNG_HIGH_INCOME,5,4.763422013658876,5,4.763422013658876
68,SIAgent17,MALE_YOUNG_LOW_INCOME,33,36.695072082552635,35,35.88949430075964
68,SIAgent18,MALE_OLD_HIGH_INCOME,15,17.157517724151123,16,16.823887639272776
68,WFAgent14,MALE_HIGH_INCOME,24,25.68832479007646,24,25.235831458909153
68,WFAgent13,OLD_LOW_INCOME,75,71.05541959496672,132,16.07421632276797
68,WFAgent12,FEMALE_LOW_INCOME,78,84.04388355866634,92,83.49612609164873
68,WFAgent11,MALE_HIGH_INCOME,24,28.805769122873148,27,28.390310391272795
68,WFAgent10,OLD_LOW_INCOME,75,69.42379297294072,0,0.0
68,SIAgent9,YOUNG_HIGH_INCOME,14,13.702884276955546,16,13.09543924411816
68,SIAgent7,MALE_YOUNG,42,32.82172998156636,228,0.0
68,SIAgent8,FEMALE_OLD,50,53.465127769655425,51,52.78441300528668
68,SIAgent5,FEMALE_OLD,50,54.27442954860848,50,53.4651277696554
68,SIAgent6,OLD_LOW_INCOME,75,85.16646641174428,76,85.13094096541754
68,SIAgent3,MALE_OLD_LOW_INCOME,32,30.508084761736164,31,29.554707112931922
68,SIAgent4,FEMALE_HIGH_INCOME,12,11.259599350969395,40,0.0
68,SIAgent1,FEMALE_OLD,50,51.74942451498694,53,51.1115579402586
68,SIAgent2,FEMALE_YOUNG,40,45.62414103974814,47,45.41416303323979
68,SIAgent0,FEMALE_YOUNG_LOW_INCOME,35,29.41409307303351,35,29.41409307303351
68,WFAgent0,OLD_LOW_INCOME,75,83.02424995110393,89,82.99289666285401
68,WFAgent1,YOUNG_LOW_INCOME,68,61.508720864229915,165,32.77570370995163
68,WFAgent2,MALE_OLD,46,38.59656636074645,0,0.0
68,WFAgent3,FEMALE_YOUNG_HIGH_INCOME,5,5.6963260970912755,5,4.81560810490326
68,WFAgent4,FEMALE_OLD_LOW_INCOME,43,51.65063096713089,45,50.599236901868984
68,WFAgent5,FEMALE_OLD,50,48.26553263930792,201,30.35760321014064
69,WFAgent6,OLD_HIGH_INCOME,22,21.311236006326126,0,0.0
69,WFAgent7,MALE_OLD_HIGH_INCOME,15,15.53220815988898,15,15.069907049962886
69,WFAgent8,MALE_OLD_HIGH_INCOME,15,14.4876671651223,15,14.309372074017274
69,WFAgent9,MALE_OLD,46,44.98431683824043,206,21.16000456439802
69,SIAgent10,YOUNG_LOW_INCOME,68,67.4012805178745,141,66.68195861268308
69,SIAgent11,MALE_OLD_HIGH_INCOME,15,14.30937207401727,15,13.836270519772155
69,SIAgent12,MALE_YOUNG_HIGH_INCOME,10,10.1069073539889,10,9.24150837330756
69,SIAgent13,FEMALE_YOUNG_HIGH_INCOME,5,5.433748578539358,5,5.197003640449368
69,SIAgent14,FEMALE_LOW_INCOME,78,69.52184510078926,193,68.97650231557266
69,SIAgent15,OLD_LOW_INCOME,75,80.23222927517432,82,80.21509568313958
69,SIAgent16,OLD_HIGH_INCOME,22,22.274138231953813,22,21.690002596445144
69,SIAgent17,YOUNG_HIGH_INCOME,14,15.589781110180564,14,14.682083157747332
69,SIAgent18,YOUNG_LOW_INCOME,68,70.48831374312559,71,70.37486642307488
69,WFAgent14,FEMALE_LOW_INCOME,78,67.42065422172584,0,0.0
69,WFAgent13,FEMALE_HIGH_INCOME,12,12.472808737078482,13,11.89888586562407
69,WFAgent12,MALE_YOUNG_HIGH_INCOME,10,10.047163846818933,10,9.24150837330756
69,WFAgent11,MALE_LOW_INCOME,65,68.6309324521521,74,68.08001468545444
69,WFAgent10,FEMALE_YOUNG_LOW_INCOME,35,32.65340527304783,35,32.20584534640851
69,SIAgent9,YOUNG_HIGH_INCOME,14,12.938111722630586,14,12.841594030470834
69,SIAgent7,FEMALE_OLD_LOW_INCOME,43,42.075635151959126,45,41.40000893034393
69,SIAgent8,YOUNG_HIGH_INCOME,14,12.78797309038208,61,0.0
69,SIAgent5,OLD_LOW_INCOME,75,91.27300325213044,85,90.92985984519748
69,SIAgent6,FEMALE_YOUNG_LOW_INCOME,35,32.41484099227653,35,32.41484099227651
69,SIAgent3,FEMALE_YOUNG_HIGH_INCOME,5,4.570376599640238,5,4.567133246565028
69,SIAgent4,FEMALE_YOUNG_HIGH_INCOME,5,4.649910132437499,5,4.649910132437499
69,SIAgent1,OLD_LOW_INCOME,75,69.00001488390659,75,68.45481953530398
69,SIAgent2,MALE_OLD_HIGH_INCOME,15,12.890067411281915,105,0.0
69,SIAgent0,FEMALE_OLD_LOW_INCOME,43,37.54417214645096,148,0.0
69,WFAgent0,FEMALE_OLD_HIGH_INCOME,8,8.094065616753468,8,7.749540365936773
69,WFAgent1,FEMALE_YOUNG_HIGH_INCOME,5,5.298466600731016,5,4.649910132437499
69,WFAgent2,FEMALE_OLD_HIGH_INCOME,8,7.765894838082141,72,0.0
69,WFAgent3,YOUNG_LOW_INCOME,68,54.898769593231634,103,0.0
69,WFAgent4,MALE_OLD,46,40.02355057407772,0,0.0
69,WFAgent5,FEMALE_OLD_LOW_INCOME,43,41.6212487546639,45,41.40000893034393
70,WFAgent6,OLD_HIGH_INCOME,22,22.475224256711975,22,21.86050859331007
70,WFAgent7,FEMALE_OLD_HIGH_INCOME,8,6.483011042028107,0,0.0
70,WFAgent8,MALE_LOW_INCOME,65,60.07973640108626,65,59.855769173908094
70,WFAgent9,MALE_YOUNG_LOW_INCOME,33,35.733432379061064,36,35.61264876618264
70,SIAgent10,MALE_OLD,46,49.626761837116085,49,49.18965717316753
70,SIAgent11,MALE_LOW_INCOME,65,59.85576917390806,352,57.09319521203541
70,SIAgent12,FEMALE_YOUNG,40,43.98793451286158,45,43.557392367428584
70,SIAgent13,MALE_YOUNG_HIGH_INCOME,10,9.680638742802024,116,0.0
70,SIAgent14,FEMALE_OLD,50,53.76561992121839,54,53.72037553931202
70,SIAgent15,FEMALE_HIGH_INCOME,12,11.619911428151433,12,11.479093907969988
70,SIAgent16,FEMALE_YOUNG,40,35.89931453793321,39,35.001831674484905
70,SIAgent17,FEMALE_HIGH_INCOME,12,11.432647617319972,0,0.0
70,SIAgent18,OLD_LOW_INCOME,75,74.29294826526784,79,73.79350083967077
70,WFAgent14,MALE_OLD_LOW_INCOME,32,28.331890298479834,0,0.0
70,WFAgent13,YOUNG_LOW_INCOME,68,79.45479528452458,73,79.04668374761991
70,WFAgent12,OLD_LOW_INCOME,75,68.40932064923317,265,38.796466595633134
70,WFAgent11,MALE_YOUNG_LOW_INCOME,33,36.037789873633,35,35.10208431617682
70,WFAgent10,FEMALE_YOUNG,40,36.39267973210358,277,31.411900220691578
70,SIAgent9,FEMALE_YOUNG_HIGH_INCOME,5,4.511170835628343,0,0.0
70,SIAgent7,MALE_YOUNG_LOW_INCOME,33,33.09625092668099,32,32.09333423193309
70,SIAgent8,OLD_HIGH_INCOME,22,17.355355519720614,112,0.0
70,SIAgent5,FEMALE_HIGH_INCOME,12,11.479093907969986,1,0.9527206347766644
70,SIAgent6,OLD_HIGH_INCOME,22,22.29739429211399,26,21.634065335213766
70,SIAgent3,FEMALE_YOUNG_HIGH_INCOME,5,4.85488675282903,5,4.841629761729764
70,SIAgent4,FEMALE_OLD,50,44.086893858673996,49,43.205155981500525
70,SIAgent1,FEMALE_YOUNG,40,38.47255408538182,42,37.6942802648299
70,SIAgent2,FEMALE_HIGH_INCOME,12,11.853825163387743,12,11.619911428151434
70,SIAgent0,FEMALE_OLD,50,56.40567920251819,52,55.9162447180671
70,WFAgent0,FEMALE_HIGH_INCOME,12,10.918956822120986,0,0.0
70,WFAgent1,FEMALE_YOUNG,40,45.42433726423839,45,45.01124235873349
70,WFAgent2,FEMALE_LOW_INCOME,78,67.26441939858111,0,0.0
70,WFAgent3,MALE_OLD_HIGH_INCOME,15,15.721749852943852,15,15.202768835532268
70,WFAgent4,FEMALE_OLD,50,50.45907997990601,55,50.3457742727196
70,WFAgent5,MALE_YOUNG_LOW_INCOME,33,38.90099763036036,35,38.221898350822904
71,WFAgent6,YOUNG_HIGH_INCOME,14,13.177682409072283,34,3.337427816027513
71,WFAgent7,MALE_OLD,46,45.183966148988766,47,44.67344532688938
71,WFAgent8,FEMALE_OLD_LOW_INCOME,43,45.93755385458193,45,45.398980048354986
71,WFAgent9,MALE_YOUNG_LOW_INCOME,33,31.124004184015583,34,30.503665784947017
71,SIAgent10,MALE_OLD,46,43.55969650159258,292,43.11422826757844
71,SIAgent11,YOUNG_HIGH_INCOME,14,15.90193418822066,14,15.459458386214928
71,SIAgent12,FEMALE_OLD,50,50.401192723602534,373,13.14933879348995
71,SIAgent13,FEMALE_OLD_LOW_INCOME,43,49.23336481149398,48,48.61258459733482
71,SIAgent14,YOUNG_LOW_INCOME,68,68.08155669143443,73,67.62641159439443
71,SIAgent15,FEMALE_OLD_HIGH_INCOME,8,6.574669396744973,0,0.0
71,SIAgent16,YOUNG_HIGH_INCOME,14,13.347473811963754,14,12.80039407340488
71,SIAgent17,FEMALE_LOW_INCOME,78,78.99544997066903,78,78.20917848254584
71,SIAgent18,YOUNG_LOW_INCOME,68,61.007331569894,466,24.22349929981086
71,WFAgent14,FEMALE_LOW_INCOME,78,66.1705081602326,0,0.0
71,WFAgent13,MALE_OLD_LOW_INCOME,32,39.65860799286321,40,39.29040534694678
71,WFAgent12,MALE_OLD_LOW_INCOME,32,33.4192169229232,34,33.09040222214277
71,WFAgent11,FEMALE_HIGH_INCOME,12,12.290693609814854,12,11.814903647618507
71,WFAgent10,YOUNG_HIGH_INCOME,14,11.661356800148374,0,0.0
71,SIAgent9,OLD_HIGH_INCOME,22,23.228482872982415,24,22.993430256604306
71,SIAgent7,YOUNG_HIGH_INCOME,14,14.095897429548616,14,13.454391471618734
71,SIAgent8,MALE_YOUNG,42,45.9606031494556,42,45.26277970218419
71,SIAgent5,FEMALE_HIGH_INCOME,12,13.465818507195806,12,13.004611603715853
71,SIAgent6,FEMALE_OLD_HIGH_INCOME,8,8.336816853472504,8,8.064190835776406
71,SIAgent3,FEMALE_YOUNG_HIGH_INCOME,5,4.1717847700343915,5,4.1717847700343915
71,SIAgent4,MALE_OLD_HIGH_INCOME,15,13.96560516242166,6,0.0
71,SIAgent1,FEMALE_YOUNG,40,37.74166286485525,42,37.68099891081691
71,SIAgent2,MALE_OLD_LOW_INCOME,32,31.143907973781435,32,30.302397566325254
71,SIAgent0,MALE_YOUNG,42,45.26277970218415,45,45.08787405964181
71,WFAgent0,MALE_OLD_HIGH_INCOME,15,14.257482551134926,15,14.204248859214974
71,WFAgent1,FEMALE_OLD,50,60.605555032098145,57,60.30783992020845
71,WFAgent2,MALE_HIGH_INCOME,24,22.993430256604295,24,22.726798174743948
71,WFAgent3,MALE_YOUNG_HIGH_INCOME,10,8.389717389739385,0,0.0
71,WFAgent4,MALE_HIGH_INCOME,24,22.485796495871533,46,0.0
71,WFAgent5,MALE_HIGH_INCOME,24,22.18703285315606,0,0.0
72,WFAgent6,MALE_YOUNG_HIGH_INCOME,10,10.191355936166424,10,9.985113416671018
72,WFAgent7,YOUNG_HIGH_INCOME,14,12.865825799513756,14,12.688177944482023
72,WFAgent8,FEMALE_YOUNG_LOW_INCOME,35,40.667653530318496,37,40.62322613679787
72,WFAgent9,FEMALE_YOUNG,40,39.71144518180554,44,39.51830602731457
72,SIAgent10,OLD_HIGH_INCOME,22,24.700541398433092,23,24.621525000093094
72,SIAgent11,FEMALE_YOUNG_LOW_INCOME,35,35.67457415605717,38,35.5722386802357
72,SIAgent12,FEMALE_OLD,50,48.19115465114959,49,47.22733155812665
72,SIAgent13,FEMALE_LOW_INCOME,78,73.01670044890486,172,72.97047684338304
72,SIAgent14,MALE_OLD_HIGH_INCOME,15,14.727045191079123,15,13.831942107734408
72,SIAgent15,FEMALE_YOUNG_LOW_INCOME,35,38.42737607534933,35,37.562209757857495
72,SIAgent16,MALE_LOW_INCOME,65,72.85915835401246,64,71.73824822548924
72,SIAgent17,MALE_YOUNG_LOW_INCOME,33,36.711118120269965,37,36.423306204621916
72,SIAgent18,FEMALE_OLD_HIGH_INCOME,8,7.845930026528743,8,7.845930026528742
72,WFAgent14,OLD_LOW_INCOME,75,78.0899517117953,80,78.00202477213405
72,WFAgent13,FEMALE_OLD_HIGH_INCOME,8,9.157454197032317,9,8.9686819082757
72,WFAgent12,YOUNG_LOW_INCOME,68,65.09288275239423,74,64.55953465856733
72,WFAgent11,OLD_LOW_INCOME,75,74.85775531103297,78,74.62397027966819
72,WFAgent10,MALE_OLD_HIGH_INCOME,15,15.14548371758544,15,14.863448291597557
72,SIAgent9,MALE_YOUNG,42,41.345374610651916,46,40.86247433231907
72,SIAgent7,MALE_OLD_HIGH_INCOME,15,14.863448291597555,15,14.727045191079117
72,SIAgent8,MALE_YOUNG_HIGH_INCOME,10,9.095477732988982,9,8.185929959690085
72,SIAgent5,MALE_OLD,46,42.417955797052194,271,0.0
72,SIAgent6,MALE_OLD_LOW_INCOME,32,31.200809908853635,33,30.430272637015715
72,SIAgent3,MALE_YOUNG,42,36.29038944704639,132,0.0
72,SIAgent4,MALE_YOUNG_HIGH_INCOME,10,10.079097819745042,10,10.079097819745042
72,SIAgent1,YOUNG_LOW_INCOME,68,59.78304126927772,68,59.04477773388167
72,SIAgent2,FEMALE_YOUNG,40,34.36837212331236,151,0.0
72,SIAgent0,MALE_HIGH_INCOME,24,25.249431119451316,25,25.194746140727116
72,WFAgent0,MALE_HIGH_INCOME,24,24.183837950117102,26,23.797973921585545
72,WFAgent1,MALE_OLD_LOW_INCOME,32,38.52632274383929,36,38.26505031244293
72,WFAgent2,FEMALE_HIGH_INCOME,12,10.788585132343758,0,0.0
72,WFAgent3,MALE_YOUNG_LOW_INCOME,33,40.34230787936491,36,40.31050460850469
72,WFAgent4,FEMALE_OLD_HIGH_INCOME,8,8.81880015352791,64,7.845930026528742
72,WFAgent5,MALE_LOW_INCOME,65,53.74629783378394,0,0.0
73,WFAgent6,YOUNG_HIGH_INCOME,14,12.580938907168498,19,0.0
73,WFAgent7,FEMALE_OLD_LOW_INCOME,43,38.61131123696152,44,38.543053105167715
73,WFAgent8,MALE_OLD_LOW_INCOME,32,33.633902304823906,32,33.130311870049105
73,WFAgent9,OLD_LOW_INCOME,75,82.87628217071973,78,81.87793930326774
73,SIAgent10,OLD_LOW_INCOME,75,78.76233477625154,74,77.71217031256822
73,SIAgent11,FEMALE_OLD,50,43.79892398314515,169,30.65924678820158
73,SIAgent12,FEMALE_YOUNG_HIGH_INCOME,5,4.621378282728766,5,4.5646704980100585
73,SIAgent13,MALE_HIGH_INCOME,24,21.35477241548072,26,21.26267859101608
73,SIAgent14,MALE_OLD,46,49.43541660945393,46,48.67534292074502
73,SIAgent15,MALE_OLD,46,37.81572699897704,215,0.0
73,SIAgent16,MALE_YOUNG_HIGH_INCOME,10,7.335646388886701,14,0.0
73,SIAgent17,MALE_LOW_INCOME,65,67.26482520689594,73,66.89409523749798
73,SIAgent18,MALE_HIGH_INCOME,24,28.489439873000332,26,27.76882598342495
73,WFAgent14,YOUNG_LOW_INCOME,68,71.40434925478627,75,70.5993533351108
73,WFAgent13,YOUNG_HIGH_INCOME,14,13.355117730808303,15,13.34673275967545
73,WFAgent12,MALE_LOW_INCOME,65,58.18275717904492,109,0.0
73,WFAgent11,MALE_LOW_INCOME,65,70.63980118580866,68,70.36935560106036
73,WFAgent10,MALE_OLD_LOW_INCOME,32,30.91054454870268,37,30.416997803525042
73,SIAgent9,FEMALE_YOUNG_HIGH_INCOME,5,4.9387648969105316,5,4.769684903860108
73,SIAgent7,YOUNG_LOW_INCOME,68,74.6553032643241,73,74.31029999834102
73,SIAgent8,MALE_LOW_INCOME,65,71.15391470219495,66,70.855218974444
73,SIAgent5,FEMALE_HIGH_INCOME,12,10.95520919522414,12,10.119151347823657
73,SIAgent6,OLD_HIGH_INCOME,22,21.384773578428412,23,21.16931789216944
73,SIAgent3,MALE_HIGH_INCOME,24,25.331241326193116,28,25.23527448362364
73,SIAgent4,FEMALE_YOUNG_LOW_INCOME,35,33.15481254495429,35,33.15481254495427
73,SIAgent1,YOUNG_LOW_INCOME,68,76.17897401236233,69,75.75317537115241
73,SIAgent2,FEMALE_OLD,50,51.63600158331987,53,51.59798519732098
73,SIAgent0,YOUNG_LOW_INCOME,68,63.57134767328976,187,63.537922264888955
73,WFAgent0,OLD_LOW_INCOME,75,73.18878568690798,83,72.706213812021
73,WFAgent1,MALE_OLD,46,50.08799182246934,47,50.010520468561346
73,WFAgent2,FEMALE_OLD,50,49.250560083427544,54,48.63681879791635
73,WFAgent3,YOUNG_HIGH_INCOME,14,11.164445572513337,15,11.00346958333005
73,WFAgent4,MALE_YOUNG,42,33.35740918906668,0,0.0
73,WFAgent5,YOUNG_HIGH_INCOME,14,13.725140875385579,14,12.939859191640542
74,WFAgent6,FEMALE_YOUNG_HIGH_INCOME,5,4.7575684814554675,0,0.0
74,WFAgent7,FEMALE_YOUNG_HIGH_INCOME,5,6.143120313653419,5,5.337357291811955
74,WFAgent8,MALE_OLD,46,54.19954764615693,49,53.57163977539363
74,WFAgent9,YOUNG_HIGH_INCOME,14,13.466661390646427,14,13.070743847208481
74,SIAgent10,OLD_LOW_INCOME,75,81.99740781947996,75,81.4465866320418
74,SIAgent11,FEMALE_LOW_INCOME,78,77.45775436067143,80,76.87922548257843
74,SIAgent12,MALE_OLD_HIGH_INCOME,15,16.60374321212346,16,16.350320696345456
74,SIAgent13,MALE_YOUNG_LOW_INCOME,33,32.05949760208723,202,0.0
74,SIAgent14,FEMALE_OLD,50,56.794686490344574,50,56.3669134540537
74,SIAgent15,FEMALE_OLD_LOW_INCOME,43,40.476903559565876,255,0.0
74,SIAgent16,OLD_HIGH_INCOME,22,19.443383731258105,42,19.055996547164764
74,SIAgent17,YOUNG_LOW_INCOME,68,72.34155413861335,71,71.7099877074259
74,SIAgent18,FEMALE_YOUNG_HIGH_INCOME,5,5.039320461874173,5,5.039320461874173
74,WFAgent14,YOUNG_LOW_INCOME,68,61.85385963520707,0,0.0
74,WFAgent13,FEMALE_YOUNG_HIGH_INCOME,5,6.13271979208367,6,6.047184554249007
74,WFAgent12,YOUNG_LOW_INCOME,68,73.00456528638766,74,72.90680565047157
74,WFAgent11,YOUNG_HIGH_INCOME,14,13.25668941401407,66,11.203494726178699
74,WFAgent10,OLD_HIGH_INCOME,22,19.398282818038552,74,0.0
74,SIAgent9,OLD_LOW_INCOME,75,80.11960831684986,76,79.2136704472301
74,SIAgent7,FEMALE_LOW_INCOME,78,99.10353054153545,85,99.03369840604726
74,SIAgent8,MALE_OLD,46,46.48238820912211,53,46.47110031321451
74,SIAgent5,FEMALE_OLD,50,56.36691345405376,52,56.07159534785707
74,SIAgent6,MALE_OLD_HIGH_INCOME,15,15.328425652823867,15,15.1573005029746
74,SIAgent3,MALE_YOUNG_HIGH_INCOME,10,9.336245605148918,10,9.336245605148916
74,SIAgent4,MALE_YOUNG_HIGH_INCOME,10,10.408026773726835,10,9.46906386715291
74,SIAgent1,FEMALE_HIGH_INCOME,12,10.779763030169503,12,10.60548203523169
74,SIAgent2,FEMALE_OLD_LOW_INCOME,43,45.76020128592337,46,45.68021411013958
74,SIAgent0,YOUNG_LOW_INCOME,68,81.56963858398093,76,80.85232521374432
74,WFAgent0,FEMALE_YOUNG,40,39.87532771043728,40,39.72192531316484
74,WFAgent1,FEMALE_YOUNG_LOW_INCOME,35,30.578121142993343,0,0.0
74,WFAgent2,FEMALE_YOUNG,40,37.64954752364078,168,0.0
74,WFAgent3,MALE_LOW_INCOME,65,59.9215782896668,196,0.0
74,WFAgent4,FEMALE_YOUNG,40,42.69885833449564,41,9.619043850461734
74,WFAgent5,MALE_OLD,46,39.84435641679905,0,0.0
75,WFAgent6,FEMALE_OLD_HIGH_INCOME,8,6.1648807729597745,0,0.0
75,WFAgent7,YOUNG_HIGH_INCOME,14,14.64100197294921,14,13.799598668995744
75,WFAgent8,FEMALE_YOUNG,40,44.96433286291508,43,44.47589284869349
75,WFAgent9,MALE_OLD_LOW_INCOME,32,28.766056564701156,0,0.0
75,SIAgent10,YOUNG_HIGH_INCOME,14,16.326894663086055,15,15.34550521730496
75,SIAgent11,MALE_HIGH_INCOME,24,21.03568981154869,58,20.344523409515325
75,SIAgent12,YOUNG_HIGH_INCOME,14,13.619671358966453,14,13.369475735550726
75,SIAgent13,MALE_YOUNG,42,49.11747519624626,50,49.015592881624855
75,SIAgent14,FEMALE_YOUNG,40,42.628687220532036,44,41.900194999797634
75,SIAgent15,MALE_OLD_HIGH_INCOME,15,13.597168379303215,14,12.690690487349672
75,SIAgent16,MALE_OLD_HIGH_INCOME,15,11.302513005286297,0,0.0
75,SIAgent17,OLD_LOW_INCOME,75,76.62538213630651,273,75.60371037448911
75,SIAgent18,FEMALE_YOUNG_LOW_INCOME,35,33.32970056802085,34,32.37742340893456
75,WFAgent14,FEMALE_OLD_LOW_INCOME,43,40.48091986430314,261,0.0
75,WFAgent13,FEMALE_OLD_HIGH_INCOME,8,8.991340357863816,8,8.49496443180423
75,WFAgent12,FEMALE_HIGH_INCOME,12,10.02545256754968,0,0.0
75,WFAgent11,OLD_LOW_INCOME,75,79.58436487685336,79,78.74834927684809
75,WFAgent10,MALE_HIGH_INCOME,24,26.59133230593355,26,26.368962248756088
75,SIAgent9,FEMALE_HIGH_INCOME,12,12.742446647706345,11,11.680576093730817
75,SIAgent7,OLD_HIGH_INCOME,22,21.35989772445494,23,20.848991514931594
75,SIAgent8,MALE_YOUNG,42,40.10842720665219,202,39.71604982136147
75,SIAgent5,OLD_HIGH_INCOME,22,22.312198825870528,22,22.169672643333502
75,SIAgent6,MALE_OLD_LOW_INCOME,32,37.37080625309386,36,36.78018342542712
75,SIAgent3,FEMALE_LOW_INCOME,78,88.83467227517865,85,88.2955985714448
75,SIAgent4,FEMALE_HIGH_INCOME,12,12.195735429742854,39,0.970904442020679
75,SIAgent1,FEMALE_OLD_HIGH_INCOME,8,8.3935552837775,8,8.130490286495236
75,SIAgent2,MALE_HIGH_INCOME,24,23.656454861135565,24,23.51810240115225
75,SIAgent0,YOUNG_HIGH_INCOME,14,13.725092555585574,14,13.619671358966452
75,WFAgent0,FEMALE_YOUNG,40,41.752660076893896,279,19.99782034081252
75,WFAgent1,OLD_LOW_INCOME,75,73.06348581188844,153,0.0
75,WFAgent2,MALE_YOUNG,42,45.358219658225124,47,44.88323996934886
75,WFAgent3,OLD_HIGH_INCOME,22,20.964759741966905,23,20.759019065514536
75,WFAgent4,FEMALE_OLD_HIGH_INCOME,8,8.73905525579742,8,8.469612144797546
75,WFAgent5,MALE_OLD_HIGH_INCOME,15,17.987004524384247,17,17.241244547263594
76,WFAgent6,FEMALE_LOW_INCOME,78,75.23748376675542,80,75.04278266724629
76,WFAgent7,FEMALE_HIGH_INCOME,12,12.027076553455363,19,0.0
76,WFAgent8,YOUNG_HIGH_INCOME,14,14.863306880229388,15,14.248395444723522
76,WFAgent9,FEMALE_LOW_INCOME,78,74.05303904018277,84,73.27511501596273
76,SIAgent10,MALE_YOUNG,42,44.48861704141078,43,44.46419206907158
76,SIAgent11,MALE_OLD,46,45.421410683408055,237,45.03632398180582
76,SIAgent12,OLD_HIGH_INCOME,22,21.765805199791227,22,21.624299365695105
76,SIAgent13,FEMALE_YOUNG,40,42.803814988424115,43,41.929153435114586
76,SIAgent14,OLD_HIGH_INCOME,22,22.538776744693784,22,21.765805199791238
76,SIAgent15,FEMALE_OLD,50,46.3173949364627,50,46.11973246481006
76,SIAgent16,FEMALE_YOUNG,40,37.99572118592938,40,37.99572118592938
76,SIAgent17,MALE_YOUNG,42,38.21532695503109,42,38.21532695503109
76,SIAgent18,MALE_YOUNG_HIGH_INCOME,10,10.8419328524489,10,10.592527867002564
76,WFAgent14,MALE_YOUNG,42,40.69574488477276,238,30.026328321810126
76,WFAgent13,FEMALE_OLD_HIGH_INCOME,8,8.224189899892965,8,7.9148382544695375
76,WFAgent12,FEMALE_YOUNG_LOW_INCOME,35,36.7844410613803,38,36.09593512663291
76,WFAgent11,OLD_HIGH_INCOME,22,22.208878546479333,22,21.761939578930722
76,WFAgent10,YOUNG_HIGH_INCOME,14,12.259147634474067,0,0.0
76,SIAgent9,FEMALE_OLD,50,48.0526807494733,51,47.243742835191966
76,SIAgent7,FEMALE_OLD_LOW_INCOME,43,44.13001581623454,42,43.10373637864772
76,SIAgent8,MALE_LOW_INCOME,65,66.86747696872668,67,66.15727208235528
76,SIAgent5,FEMALE_OLD,50,36.09579975020033,52,0.0
76,SIAgent6,FEMALE_OLD_HIGH_INCOME,8,8.686041778346011,8,8.195918816252286
76,SIAgent3,FEMALE_OLD,50,57.06519065045271,54,56.19227483087313
76,SIAgent4,FEMALE_LOW_INCOME,78,70.87446253170239,80,70.21623082570105
76,SIAgent1,FEMALE_LOW_INCOME,78,66.38397420306278,100,65.6943555453645
76,SIAgent2,FEMALE_OLD,50,46.11973246481005,52,45.382332082495154
76,SIAgent0,MALE_OLD_HIGH_INCOME,15,13.786629790348728,49,0.0
76,WFAgent0,FEMALE_LOW_INCOME,78,89.6246507216267,83,88.81791610098011
76,WFAgent1,MALE_YOUNG,42,44.90328608345177,42,44.040524892383644
76,WFAgent2,MALE_YOUNG,42,37.34039371995395,0,0.0
76,WFAgent3,MALE_YOUNG_HIGH_INCOME,10,9.151705485014878,27,0.0
76,WFAgent4,MALE_YOUNG,42,43.61459569735942,47,42.76477064015385
76,WFAgent5,FEMALE_LOW_INCOME,78,86.05782696695836,86,85.71622455117118
77,WFAgent6,FEMALE_OLD_HIGH_INCOME,8,6.955238966574946,9,6.5701559984152045
77,WFAgent7,MALE_HIGH_INCOME,24,24.084693631127678,66,0.0
77,WFAgent8,FEMALE_YOUNG,40,45.59256713409221,44,38.97981144217764
77,WFAgent9,MALE_YOUNG_LOW_INCOME,33,30.203634006261655,34,30.096197202113583
77,SIAgent10,FEMALE_YOUNG_LOW_INCOME,35,37.8648550310055,35,37.8648550310055
77,SIAgent11,MALE_OLD_LOW_INCOME,32,27.112193521686798,32,27.112193521686784
77,SIAgent12,MALE_YOUNG_LOW_INCOME,33,29.21101493146317,33,29.20980338620491
77,SIAgent13,FEMALE_YOUNG_LOW_INCOME,35,33.607355506293146,35,33.25465303379279
77,SIAgent14,OLD_HIGH_INCOME,22,24.20018744012986,22,24.086850325486914
77,SIAgent15,OLD_HIGH_INCOME,22,23.987359610437846,69,23.549279942374486
77,SIAgent16,FEMALE_OLD,50,36.50086665786225,185,6.5701559984152045
77,SIAgent17,MALE_OLD_HIGH_INCOME,15,16.44829046156613,15,16.35501791620762
77,SIAgent18,YOUNG_LOW_INCOME,68,60.164932711706484,268,40.69980742262497
77,WFAgent14,FEMALE_LOW_INCOME,78,76.02165925669931,83,75.17654750834937
77,WFAgent13,FEMALE_YOUNG_LOW_INCOME,35,39.10526899682337,36,38.94670803189137
77,WFAgent12,MALE_LOW_INCOME,65,60.05687237110733,232,22.028657236370513
77,WFAgent11,MALE_OLD_LOW_INCOME,32,36.40677475932546,32,36.40301036364943
77,WFAgent10,MALE_YOUNG_HIGH_INCOME,10,8.980214196867431,10,8.758021343480891
77,SIAgent9,MALE_YOUNG_LOW_INCOME,33,33.605752424814874,33,33.60575242481485
77,SIAgent7,FEMALE_YOUNG_LOW_INCOME,35,36.148620599612144,36,35.61604507461152
77,SIAgent8,YOUNG_LOW_INCOME,68,67.27475180759957,70,67.10386166408621
77,SIAgent5,YOUNG_HIGH_INCOME,14,12.261229880873248,34,7.882219209132803
77,SIAgent6,FEMALE_OLD,50,45.28707681225862,52,44.98986944769385
77,SIAgent3,FEMALE_YOUNG_HIGH_INCOME,5,4.338708642597437,0,0.0
77,SIAgent4,MALE_LOW_INCOME,65,73.94361480116297,69,73.36675968613308
77,SIAgent1,MALE_YOUNG,42,42.341511657744505,42,41.9352991161068
77,SIAgent2,YOUNG_HIGH_INCOME,14,14.33564502489459,14,14.177210878004285
77,SIAgent0,YOUNG_LOW_INCOME,68,64.60904017994025,72,63.730700396312166
77,WFAgent0,MALE_LOW_INCOME,65,69.2967043177613,81,68.6277398517697
77,WFAgent1,MALE_YOUNG_HIGH_INCOME,10,10.060899249162084,11,9.63382347782898
77,WFAgent2,MALE_YOUNG_LOW_INCOME,33,33.642271809430525,33,33.56485280825885
77,WFAgent3,FEMALE_LOW_INCOME,78,81.94071631319058,86,81.11455511308837
77,WFAgent4,FEMALE_LOW_INCOME,78,73.56901510256844,91,73.28482123773843
77,WFAgent5,FEMALE_YOUNG_LOW_INCOME,35,31.861977224871953,36,31.852023200315177
78,WFAgent6,FEMALE_OLD_HIGH_INCOME,8,7.610877488552691,8,7.169743084640563
78,WFAgent7,FEMALE_OLD_LOW_INCOME,43,43.43846854412252,336,0.0
78,WFAgent8,YOUNG_LOW_INCOME,68,74.05601494072363,70,73.79258929176065
78,WFAgent9,MALE_YOUNG_LOW_INCOME,33,29.767278258612993,0,0.0
78,SIAgent10,OLD_HIGH_INCOME,22,23.543624519980785,22,22.88467130024046
78,SIAgent11,MALE_YOUNG_HIGH_INCOME,10,9.848859704940093,7,6.6548440339096855
78,SIAgent12,MALE_YOUNG_HIGH_INCOME,10,9.506920048442408,0,0.0
78,SIAgent13,YOUNG_HIGH_INCOME,14,15.94929482303994,15,15.939927143676416
78,SIAgent14,FEMALE_LOW_INCOME,78,81.12385700053508,80,80.8157554309256
78,SIAgent15,FEMALE_YOUNG,40,39.04710100675125,41,38.92088714972086
78,SIAgent16,FEMALE_YOUNG_HIGH_INCOME,5,4.330890868444908,6,0.0
78,SIAgent17,MALE_OLD,46,50.47304544834249,46,49.49833221711816
78,SIAgent18,MALE_YOUNG_HIGH_INCOME,10,10.284186287078338,9,9.255767658370505
78,WFAgent14,YOUNG_HIGH_INCOME,14,14.097381626967163,0,0.0
78,WFAgent13,MALE_OLD,46,50.591763683827985,49,50.39719920556627
78,WFAgent12,FEMALE_OLD_HIGH_INCOME,8,8.772949493258302,8,8.56131800726574
78,WFAgent11,FEMALE_HIGH_INCOME,12,12.758663728544438,14,12.547050398120982
78,WFAgent10,FEMALE_YOUNG,40,38.84287230073768,176,36.07301735827788
78,SIAgent9,FEMALE_YOUNG_HIGH_INCOME,5,5.036424322199245,5,5.033311212239483
78,SIAgent7,MALE_LOW_INCOME,65,69.46446119780974,75,69.16746889452259
78,SIAgent8,FEMALE_HIGH_INCOME,12,10.754614626960844,35,10.424177796158869
78,SIAgent5,FEMALE_YOUNG_HIGH_INCOME,5,5.033311212239483,5,4.4810894279003515
78,SIAgent6,FEMALE_YOUNG,40,40.8363954481421,41,40.1166005497332
78,SIAgent3,MALE_LOW_INCOME,65,72.88774716615538,66,71.84089632750246
78,SIAgent4,MALE_OLD_HIGH_INCOME,15,15.746249662983582,112,0.0
78,SIAgent1,FEMALE_YOUNG_LOW_INCOME,35,33.2251475668349,35,33.2251475668349
78,SIAgent2,FEMALE_YOUNG,40,42.16719388100603,41,41.857305334345654
78,SIAgent0,MALE_LOW_INCOME,65,59.94513970858617,193,59.02290678999259
78,WFAgent0,OLD_LOW_INCOME,75,65.60012492885954,109,0.0
78,WFAgent1,YOUNG_LOW_INCOME,68,72.66395101996642,175,57.17844095280532
78,WFAgent2,MALE_YOUNG,42,45.61146267719751,45,45.1034565200793
78,WFAgent3,MALE_OLD_LOW_INCOME,32,35.77122309401736,32,35.11168379015132
78,WFAgent4,MALE_YOUNG,42,47.57533739953512,46,47.30725692056033
78,WFAgent5,FEMALE_LOW_INCOME,78,79.8210146044336,91,79.59481824701632
79,WFAgent6,FEMALE_LOW_INCOME,78,76.47621213438306,268,0.0
79,WFAgent7,MALE_HIGH_INCOME,24,19.45419473201096,0,0.0
79,WFAgent8,FEMALE_OLD,50,58.422270847219025,61,58.31596014543139
79,WFAgent9,MALE_YOUNG,42,39.064053233343856,102,26.070092276423047
79,SIAgent10,MALE_YOUNG_HIGH_INCOME,10,10.847265290766334,11,10.359741419074842
79,SIAgent11,MALE_OLD_LOW_INCOME,32,30.91957697733895,33,30.762370505030667
79,SIAgent12,FEMALE_OLD_LOW_INCOME,43,46.208596666452614,43,45.35226325542249
79,SIAgent13,YOUNG_LOW_INCOME,68,72.14744168049623,73,71.46360535978152
79,SIAgent14,OLD_LOW_INCOME,75,79.10278474782997,78,78.68877901587017
79,SIAgent15,MALE_YOUNG_HIGH_INCOME,10,9.417946744613493,10,9.417946744613493
79,SIAgent16,MALE_LOW_INCOME,65,63.63197737514794,65,63.21232569641515
79,SIAgent17,MALE_YOUNG,42,39.088364828142474,43,38.763175298799396
79,SIAgent18,MALE_YOUNG,42,35.32077018096024,41,34.47979946236597
79,WFAgent14,MALE_OLD_HIGH_INCOME,15,16.079078069038168,16,15.675119884559185
79,WFAgent13,YOUNG_LOW_INCOME,68,68.9923960705308,72,68.74663864068751
79,WFAgent12,MALE_OLD_HIGH_INCOME,15,18.207988659995188,16,17.55166620163258
79,WFAgent11,FEMALE_OLD_HIGH_INCOME,8,7.887759758931843,8,7.386464073917944
79,WFAgent10,YOUNG_HIGH_INCOME,14,12.660302744343461,32,9.250677904537206
79,SIAgent9,FEMALE_OLD,50,46.165400461987154,261,8.309772083157688
79,SIAgent7,MALE_OLD_LOW_INCOME,32,32.0322513159558,32,31.326511938534388
79,SIAgent8,FEMALE_OLD,50,52.397186655134455,54,52.07468477521288
79,SIAgent5,MALE_HIGH_INCOME,24,27.243173379111543,24,26.48708795331633
79,SIAgent6,OLD_LOW_INCOME,75,69.91447842052423,85,69.24810069298066
79,SIAgent3,FEMALE_LOW_INCOME,78,93.35193675249525,86,92.55348438104782
79,SIAgent4,MALE_OLD_HIGH_INCOME,15,13.194793941238768,97,0.0
79,SIAgent1,FEMALE_YOUNG,40,43.13617558300861,40,42.51974770465004
79,SIAgent2,FEMALE_YOUNG,40,42.40861880834822,52,42.346030969649455
79,SIAgent0,MALE_OLD_HIGH_INCOME,15,15.195635208619391,15,15.195635208619388
79,WFAgent0,MALE_YOUNG_LOW_INCOME,33,31.006631190566196,34,30.476801755797034
79,WFAgent1,FEMALE_OLD_HIGH_INCOME,8,6.985128407168682,0,0.0
79,WFAgent2,MALE_YOUNG_HIGH_INCOME,10,10.245573978223224,10,9.406827423203156
79,WFAgent3,FEMALE_YOUNG_HIGH_INCOME,5,5.71761513745874,5,5.392021947876076
79,WFAgent4,MALE_OLD,46,42.63923272320844,201,0.0
79,WFAgent5,FEMALE_YOUNG_LOW_INCOME,35,32.21980617255936,0,0.0
80,WFAgent6,FEMALE_YOUNG,40,39.04488799674048,276,37.69359335260575
80,WFAgent7,FEMALE_HIGH_INCOME,12,12.60194202225053,14,11.992355210916688
80,WFAgent8,MALE_OLD_LOW_INCOME,32,35.5627803356423,35,35.519482606065544
80,WFAgent9,FEMALE_OLD,50,54.936841999848816,59,54.4221965687208
80,SIAgent10,MALE_YOUNG,42,47.48488623222586,49,46.63874407675811
80,SIAgent11,FEMALE_YOUNG,40,43.072353494371455,41,43.04750939418596
80,SIAgent12,FEMALE_YOUNG_HIGH_INCOME,5,5.107753234912218,5,4.6386865065946346
80,SIAgent13,MALE_YOUNG,42,36.41881515586341,133,0.0
80,SIAgent14,FEMALE_LOW_INCOME,78,82.27485799882065,93,82.2478317981225
80,SIAgent15,FEMALE_OLD_LOW_INCOME,43,50.156920293454924,47,50.102290797961295
80,SIAgent16,MALE_YOUNG,42,38.17985281245841,43,37.57943607853074
80,SIAgent17,FEMALE_OLD_HIGH_INCOME,8,6.852774406238106,3,2.56979040233929
80,SIAgent18,FEMALE_OLD_LOW_INCOME,43,45.8382660491986,43,45.356652486529306
80,WFAgent14,MALE_HIGH_INCOME,24,24.27278063845054,27,23.951105384895524
80,WFAgent13,MALE_OLD,46,49.959741094149365,49,49.727275648491805
80,WFAgent12,MALE_OLD_HIGH_INCOME,15,16.082231935974338,17,15.4883865790078
80,WFAgent11,MALE_YOUNG,42,39.05401895003946,44,38.74773139863205
80,WFAgent10,FEMALE_HIGH_INCOME,12,11.068921336010996,44,1.7131936015595266
80,SIAgent9,MALE_OLD_HIGH_INCOME,15,17.488644228563675,17,17.193219618902468
80,SIAgent7,FEMALE_OLD_HIGH_INCOME,8,9.798549008506745,9,9.451456516687898
80,SIAgent8,YOUNG_HIGH_INCOME,14,12.988322218464976,20,12.726617604152805
80,SIAgent5,MALE_OLD_HIGH_INCOME,15,13.66622345206571,15,13.666223452065706
80,SIAgent6,FEMALE_YOUNG_LOW_INCOME,35,28.069697177472392,35,28.06969717747237
80,SIAgent3,MALE_OLD,46,54.838549479110554,49,54.73472253352442
80,SIAgent4,OLD_LOW_INCOME,75,76.11317701299758,213,75.21647794907452
80,SIAgent1,MALE_OLD_LOW_INCOME,32,31.719840524347234,39,31.6924565321211
80,SIAgent2,MALE_OLD_HIGH_INCOME,15,12.85610241603727,62,0.0
80,SIAgent0,MALE_YOUNG_LOW_INCOME,33,28.819686689254375,33,28.61478333674981
80,WFAgent0,MALE_YOUNG_LOW_INCOME,33,31.004246377198886,34,30.90749989579967
80,WFAgent1,OLD_LOW_INCOME,75,60.94703179254053,0,0.0
80,WFAgent2,MALE_YOUNG_LOW_INCOME,33,31.595526884538273,33,30.68530060360245
80,WFAgent3,MALE_YOUNG_HIGH_INCOME,10,9.609893396466834,10,9.277373013189269
80,WFAgent4,MALE_OLD,46,41.16358138085486,127,0.0
80,WFAgent5,MALE_LOW_INCOME,65,65.48245877871364,69,64.82706060687033
81,WFAgent6,FEMALE_YOUNG_LOW_INCOME,35,32.59117772310121,237,15.153023918008113
81,WFAgent7,FEMALE_OLD_LOW_INCOME,43,49.6417456393749,47,49.22312988168342
81,WFAgent8,MALE_YOUNG_HIGH_INCOME,10,8.886665378833715,0,0.0
81,WFAgent9,MALE_YOUNG_LOW_INCOME,33,35.87839979818817,34,35.49626701371022
81,SIAgent10,FEMALE_OLD,50,53.40864197428586,50,53.184144713703
81,SIAgent11,FEMALE_OLD_LOW_INCOME,43,51.42365140962093,48,51.272296295314476
81,SIAgent12,FEMALE_YOUNG_LOW_INCOME,35,31.19740218413435,35,31.19740218413435
81,SIAgent13,MALE_YOUNG_LOW_INCOME,33,34.45225916036581,33,34.23227316180597
81,SIAgent14,FEMALE_HIGH_INCOME,12,9.837207281742884,38,0.0
81,SIAgent15,YOUNG_HIGH_INCOME,14,14.539012429353605,15,13.840493792817476
81,SIAgent16,MALE_YOUNG_LOW_INCOME,33,33.000351569870965,281,0.0
81,SIAgent17,OLD_HIGH_INCOME,22,24.43263871578496,22,23.582882510011025
81,SIAgent18,FEMALE_OLD,50,46.218375058977145,50,45.51033163581951
81,WFAgent14,MALE_OLD_LOW_INCOME,32,30.916076770140332,344,27.734214322591903
81,WFAgent13,OLD_HIGH_INCOME,22,22.477187100787187,24,22.087282387558133
81,WFAgent12,FEMALE_YOUNG_LOW_INCOME,35,38.97064163020471,39,38.81164689436596
81,WFAgent11,FEMALE_OLD_LOW_INCOME,43,37.421939147571244,0,0.0
81,WFAgent10,OLD_HIGH_INCOME,22,20.4521891339525,22,20.244077961231078
81,SIAgent9,YOUNG_HIGH_INCOME,14,16.137463753504253,14,15.109887902264553
81,SIAgent7,MALE_OLD_HIGH_INCOME,15,15.383695788578532,16,14.791580972049012
81,SIAgent8,FEMALE_OLD,50,46.40154501610495,50,46.21837505897718
81,SIAgent5,OLD_HIGH_INCOME,22,20.24407796123109,22,19.5655150777869
81,SIAgent6,MALE_YOUNG_HIGH_INCOME,10,9.226995861878315,61,9.226995861878315
81,SIAgent3,MALE_OLD_HIGH_INCOME,15,13.34012391667289,71,0.0
81,SIAgent4,MALE_OLD,46,42.52579529464089,45,41.60132148388786
81,SIAgent1,FEMALE_OLD,50,45.51033163581951,260,27.87208729827153
81,SIAgent2,FEMALE_HIGH_INCOME,12,12.518744393051405,12,11.700019163494293
81,SIAgent0,FEMALE_HIGH_INCOME,12,13.529435606499245,12,13.124856481993062
81,WFAgent0,MALE_YOUNG_HIGH_INCOME,10,9.929038176940491,10,9.226995861878315
81,WFAgent1,MALE_OLD_HIGH_INCOME,15,17.0841969968122,15,16.658617306217018
81,WFAgent2,FEMALE_YOUNG,40,41.12360208925227,44,40.97176628047011
81,WFAgent3,FEMALE_YOUNG,40,39.80681732755484,44,39.2195913171975
81,WFAgent4,FEMALE_YOUNG_HIGH_INCOME,5,6.065742716641245,5,5.763379911965805
81,WFAgent5,MALE_OLD_HIGH_INCOME,15,11.513519016014005,0,0.0
82,WFAgent6,YOUNG_HIGH_INCOME,14,13.021765785671722,11,9.730122583637925
82,WFAgent7,FEMALE_OLD_LOW_INCOME,43,32.84409878691088,0,0.0
82,WFAgent8,YOUNG_HIGH_INCOME,14,13.461781263172737,15,13.286405936857049
82,WFAgent9,FEMALE_OLD_LOW_INCOME,43,43.198977249678656,56,42.77371004806997
82,SIAgent10,YOUNG_HIGH_INCOME,14,17.30188021249276,16,16.430943847874445
82,SIAgent11,YOUNG_LOW_INCOME,68,65.93715017893673,70,65.74495573520832
82,SIAgent12,YOUNG_LOW_INCOME,68,63.86652842848805,69,63.08046352888128
82,SIAgent13,YOUNG_LOW_INCOME,68,61.259440837338026,143,60.680095253827815
82,SIAgent14,FEMALE_OLD,50,55.57437004027882,54,54.90100960598846
82,SIAgent15,YOUNG_HIGH_INCOME,14,12.400645541066577,14,12.39181769436175
82,SIAgent16,YOUNG_HIGH_INCOME,14,13.665465062821088,14,13.021765785671723
82,SIAgent17,FEMALE_YOUNG,40,35.17686681381327,181,0.0
82,SIAgent18,MALE_OLD,46,47.19725579678287,120,46.44231825813278
82,WFAgent14,MALE_LOW_INCOME,65,57.78695030255309,0,0.0
82,WFAgent13,FEMALE_OLD_HIGH_INCOME,8,7.8267329962073,0,0.0
82,WFAgent12,YOUNG_HIGH_INCOME,14,14.055522256279007,14,13.653401371163955
82,WFAgent11,FEMALE_HIGH_INCOME,12,14.126674337921278,14,13.949102887330543
82,WFAgent10,MALE_HIGH_INCOME,24,27.21843002411591,27,26.817393189095135
82,SIAgent9,MALE_YOUNG_HIGH_INCOME,10,10.055135145068103,9,9.049621630561294
82,SIAgent7,MALE_OLD,46,50.184965513237685,48,49.889359262206675
82,SIAgent8,FEMALE_OLD,50,50.5554386309527,50,50.55543863095267
82,SIAgent5,FEMALE_YOUNG,40,42.96236150639621,44,42.7696098861052
82,SIAgent6,MALE_OLD_LOW_INCOME,32,33.418061131991635,32,32.83287359776202
82,SIAgent3,FEMALE_YOUNG_HIGH_INCOME,5,4.813810239296321,5,4.47316771070986
82,SIAgent4,YOUNG_HIGH_INCOME,14,12.33885061413277,2,1.7588433406906634
82,SIAgent1,FEMALE_OLD_HIGH_INCOME,8,9.392654758966561,8,8.891899206444611
82,SIAgent2,YOUNG_HIGH_INCOME,14,13.767815614012525,14,13.694708077447217
82,SIAgent0,FEMALE_OLD_HIGH_INCOME,8,7.5813280215073915,3,0.0
82,WFAgent0,OLD_LOW_INCOME,75,75.57041728835775,214,0.0
82,WFAgent1,FEMALE_OLD_LOW_INCOME,43,47.58663672012701,47,47.312919083575345
82,WFAgent2,FEMALE_LOW_INCOME,78,76.82685027646436,286,0.0
82,WFAgent3,YOUNG_LOW_INCOME,68,65.42320633805173,71,65.0739094057993
82,WFAgent4,MALE_OLD_LOW_INCOME,32,32.87719651054881,32,32.83287359776202
82,WFAgent5,FEMALE_OLD,50,56.668422261723364,59,56.61016462785391
83,WFAgent6,FEMALE_OLD_HIGH_INCOME,8,6.907803765943179,0,0.0
83,WFAgent7,FEMALE_HIGH_INCOME,12,11.785009199944762,12,11.038500952513559
83,WFAgent8,FEMALE_HIGH_INCOME,12,11.852716819891766,12,11.491345469470525
83,WFAgent9,FEMALE_LOW_INCOME,78,66.78992295838266,100,65.3151558334492
83,SIAgent10,FEMALE_YOUNG,40,39.48606079692907,40,39.26082674056884
83,SIAgent11,FEMALE_OLD_LOW_INCOME,43,41.87153487496797,48,41.10149105131237
83,SIAgent12,FEMALE_YOUNG_LOW_INCOME,35,34.541382965278146,37,34.28592296674454
83,SIAgent13,MALE_HIGH_INCOME,24,24.72934893207,24,24.400541809324775
83,SIAgent14,FEMALE_HIGH_INCOME,12,10.71504058325858,41,0.0
83,SIAgent15,FEMALE_OLD_LOW_INCOME,43,43.40293986578437,44,42.845291499967196
83,SIAgent16,MALE_YOUNG_HIGH_INCOME,10,11.549097930883942,11,11.33428492719875
83,SIAgent17,FEMALE_YOUNG,40,37.06586266675084,42,36.33019452025706
83,SIAgent18,FEMALE_LOW_INCOME,78,65.31515583344915,209,64.47778204071267
83,WFAgent14,OLD_LOW_INCOME,75,77.23364350440517,273,0.0
83,WFAgent13,MALE_OLD,46,54.878097482586085,140,11.33428492719875
83,WFAgent12,MALE_LOW_INCOME,65,70.84789685702256,72,70.1103710105358
83,WFAgent11,FEMALE_YOUNG_LOW_INCOME,35,37.54475936652808,38,37.511757757082606
83,WFAgent10,OLD_LOW_INCOME,75,69.85589785907462,0,0.0
83,SIAgent9,MALE_LOW_INCOME,65,67.61913847590871,69,67.43267562634958
83,SIAgent7,FEMALE_YOUNG,40,45.71921774868076,40,44.72898172198776
83,SIAgent8,MALE_YOUNG_HIGH_INCOME,10,8.106402908803785,49,0.0
83,SIAgent5,YOUNG_LOW_INCOME,68,64.70656136302335,68,64.20686793846949
83,SIAgent6,FEMALE_OLD,50,51.99951051010589,50,51.304637187625275
83,SIAgent3,FEMALE_YOUNG_HIGH_INCOME,5,5.196652397413237,5,4.935757599616133
83,SIAgent4,MALE_YOUNG_LOW_INCOME,33,31.159215323080762,239,0.0
83,SIAgent1,YOUNG_HIGH_INCOME,14,13.504793600020871,14,13.47672963269556
83,SIAgent2,FEMALE_YOUNG_LOW_INCOME,35,39.625145869947545,38,38.92497793280181
83,SIAgent0,FEMALE_HIGH_INCOME,12,11.491345469470524,12,11.30555213474789
83,WFAgent0,FEMALE_OLD_LOW_INCOME,43,47.42273154327994,45,46.79955945909532
83,WFAgent1,YOUNG_HIGH_INCOME,14,13.960875251701024,14,13.50479360002087
83,WFAgent2,FEMALE_LOW_INCOME,78,79.89863891469837,80,78.96065272409913
83,WFAgent3,FEMALE_OLD_LOW_INCOME,43,45.32467156187355,43,44.47462291349913
83,WFAgent4,FEMALE_LOW_INCOME,78,70.62601521333391,84,70.33939858986837
83,WFAgent5,MALE_YOUNG,42,37.96020153966386,0,0.0
84,WFAgent6,FEMALE_YOUNG,40,43.49245886546515,41,36.317565470150804
84,WFAgent7,OLD_LOW_INCOME,75,80.82853272835713,84,80.40348091781973
84,WFAgent8,MALE_HIGH_INCOME,24,24.23322961552171,25,23.4507598947834
84,WFAgent9,FEMALE_LOW_INCOME,78,96.26854327735845,91,95.51339323322065
84,SIAgent10,FEMALE_YOUNG_HIGH_INCOME,5,3.917050658893757,0,0.0
84,SIAgent11,MALE_LOW_INCOME,65,61.635006898745466,66,61.18650789912383
84,SIAgent12,MALE_YOUNG,42,41.058625384406994,42,40.75091712382099
84,SIAgent13,FEMALE_OLD,50,44.244809334959314,49,43.359913148260155
84,SIAgent14,MALE_LOW_INCOME,65,63.06689554877056,66,62.58323777411067
84,SIAgent15,FEMALE_OLD_HIGH_INCOME,8,7.821610588840278,8,7.685277464068371
84,SIAgent16,FEMALE_YOUNG_LOW_INCOME,35,31.259590563495493,265,0.0
84,SIAgent17,MALE_HIGH_INCOME,24,26.138642913165306,25,25.24294751616845
84,SIAgent18,FEMALE_YOUNG_HIGH_INCOME,5,4.428971398798878,0,0.0
84,WFAgent14,FEMALE_YOUNG_LOW_INCOME,35,37.46380271980257,39,37.03843971042619
84,WFAgent13,MALE_HIGH_INCOME,24,25.858745321348874,35,25.32601464661713
84,WFAgent12,MALE_OLD_LOW_INCOME,32,32.07215083985155,32,31.131728079666665
84,WFAgent11,FEMALE_LOW_INCOME,78,71.07131634486727,189,51.32397882855284
84,WFAgent10,FEMALE_YOUNG_HIGH_INCOME,5,5.603208094907675,5,5.544295452457607
84,SIAgent9,FEMALE_YOUNG_HIGH_INCOME,5,5.544295452457607,5,5.544295452457607
84,SIAgent7,OLD_HIGH_INCOME,22,24.116287685405172,23,24.04685361179175
84,SIAgent8,OLD_HIGH_INCOME,22,21.13451302618802,22,20.685797606063154
84,SIAgent5,MALE_LOW_INCOME,65,60.259439597622,370,0.0
84,SIAgent6,OLD_HIGH_INCOME,22,19.578749530004806,118,19.467716107382106
84,SIAgent3,FEMALE_OLD,50,47.013176377416286,53,46.92977973759036
84,SIAgent4,MALE_OLD_LOW_INCOME,32,33.62833341799169,32,33.587127290802854
84,SIAgent1,OLD_LOW_INCOME,75,78.71982958781916,79,78.3910782036371
84,SIAgent2,FEMALE_YOUNG_LOW_INCOME,35,33.23962538115173,35,33.23962538115171
84,SIAgent0,MALE_OLD_LOW_INCOME,32,31.13172807966665,32,30.98391431692105
84,WFAgent0,MALE_HIGH_INCOME,24,17.366410043394605,0,0.0
84,WFAgent1,MALE_HIGH_INCOME,24,23.300899532445396,43,0.0
84,WFAgent2,FEMALE_YOUNG_HIGH_INCOME,5,5.2885801254912375,0,0.0
84,WFAgent3,YOUNG_LOW_INCOME,68,69.97808502901732,76,69.80143047502762
84,WFAgent4,FEMALE_OLD_LOW_INCOME,43,38.03005378690181,0,0.0
84,WFAgent5,MALE_OLD,46,48.88095534345346,50,48.54354069259454
85,WFAgent6,MALE_OLD_LOW_INCOME,32,34.13194256004268,34,33.85708987577316
85,WFAgent7,MALE_OLD_LOW_INCOME,32,34.840443254534364,34,33.85708987577316
85,WFAgent8,FEMALE_OLD,50,48.2133813511349,274,0.0
85,WFAgent9,FEMALE_YOUNG,40,42.33649581077842,39,10.048224457328326
85,SIAgent10,MALE_YOUNG,42,39.747722959436246,178,0.0
85,SIAgent11,MALE_LOW_INCOME,65,64.18699204977302,68,63.758735052943436
85,SIAgent12,FEMALE_YOUNG_LOW_INCOME,35,36.49085429974042,44,36.26552185352087
85,SIAgent13,MALE_YOUNG,42,43.08530992058999,41,42.059469208195
85,SIAgent14,MALE_OLD_LOW_INCOME,32,29.265732204788485,137,0.0
85,SIAgent15,FEMALE_YOUNG_HIGH_INCOME,5,5.464692771628798,5,5.353753159137034
85,SIAgent16,MALE_YOUNG_HIGH_INCOME,10,9.798266760949573,10,9.463743561770535
85,SIAgent17,FEMALE_OLD_LOW_INCOME,43,41.65331602257853,49,41.480665793254595
85,SIAgent18,MALE_LOW_INCOME,65,64.72678946838988,65,64.3696927145356
85,WFAgent14,FEMALE_OLD,50,40.1357965483533,0,0.0
85,WFAgent13,MALE_YOUNG_HIGH_INCOME,10,9.087631615509979,0,0.0
85,WFAgent12,OLD_LOW_INCOME,75,80.22795991612948,81,80.0473746952752
85,WFAgent11,OLD_LOW_INCOME,75,63.490814989675414,0,0.0
85,WFAgent10,FEMALE_HIGH_INCOME,12,12.102513158880393,12,11.673148191905867
85,SIAgent9,MALE_YOUNG,42,52.94514033946027,50,52.14532408896575
85,SIAgent7,OLD_LOW_INCOME,75,81.94605515285926,78,81.700642752234
85,SIAgent8,MALE_YOUNG_LOW_INCOME,33,42.705834435804256,33,41.59975312386165
85,SIAgent5,MALE_OLD_LOW_INCOME,32,29.841396203547603,32,29.26573220478849
85,SIAgent6,OLD_HIGH_INCOME,22,21.400771685160755,92,21.11929097355819
85,SIAgent3,FEMALE_OLD_HIGH_INCOME,8,7.5773855498020435,20,0.0
85,SIAgent4,FEMALE_OLD,50,51.367702268630296,50,50.876377004206205
85,SIAgent1,YOUNG_HIGH_INCOME,14,14.990508845583696,14,14.43063802829733
85,SIAgent2,MALE_OLD_HIGH_INCOME,15,16.30118477067191,16,15.564197589207822
85,SIAgent0,OLD_HIGH_INCOME,22,25.899253663008004,24,25.30980475500327
85,WFAgent0,FEMALE_LOW_INCOME,78,91.99683142189417,86,91.63405757324256
85,WFAgent1,FEMALE_YOUNG,40,36.53899802664846,177,0.0
85,WFAgent2,YOUNG_LOW_INCOME,68,72.45483622070356,71,71.75384572633826
85,WFAgent3,YOUNG_LOW_INCOME,68,73.93753945084586,70,72.9817085994807
85,WFAgent4,FEMALE_YOUNG_LOW_INCOME,35,28.847574201664315,0,0.0
85,WFAgent5,MALE_YOUNG,42,50.79728016461273,50,50.27751858741381
86,WFAgent6,FEMALE_OLD_LOW_INCOME,43,53.3734209025664,48,52.64986136321648
86,WFAgent7,MALE_LOW_INCOME,65,75.86324054473423,70,75.6273460575353
86,WFAgent8,MALE_OLD_LOW_INCOME,32,36.491092630820276,34,35.599156441124904
86,WFAgent9,FEMALE_OLD,50,43.00717621654898,0,0.0
86,SIAgent10,MALE_OLD,46,45.859658949143565,47,45.27845116111229
86,SIAgent11,MALE_OLD_HIGH_INCOME,15,15.33323555621202,15,14.552743619365167
86,SIAgent12,MALE_YOUNG,42,45.376407634521165,43,44.604180810875754
86,SIAgent13,OLD_HIGH_INCOME,22,18.217834993092165,18,0.0
86,SIAgent14,MALE_YOUNG,42,37.833835305843415,44,37.78468017256598
86,SIAgent15,FEMALE_HIGH_INCOME,12,11.714393765750632,31,10.738194285271415
86,SIAgent16,FEMALE_LOW_INCOME,78,85.0173767695128,85,84.64293964713137
86,SIAgent17,FEMALE_LOW_INCOME,78,86.1415116127418,78,85.52905508869414
86,SIAgent18,FEMALE_LOW_INCOME,78,77.12677133484456,85,76.6410331823664
86,WFAgent14,MALE_YOUNG_LOW_INCOME,33,36.055443772148905,34,35.77311721548723
86,WFAgent13,FEMALE_OLD_HIGH_INCOME,8,8.061192242691995,8,7.809595843833755
86,WFAgent12,YOUNG_LOW_INCOME,68,73.43121843411116,74,73.17155229203192
86,WFAgent11,MALE_OLD_HIGH_INCOME,15,16.493419787447536,16,16.406502634938104
86,WFAgent10,MALE_OLD,46,49.7041698691988,48,49.082307334559296
86,SIAgent9,MALE_LOW_INCOME,65,65.42456699113319,68,65.37810266776225
86,SIAgent7,YOUNG_HIGH_INCOME,14,14.260914386755609,14,13.483760151916222
86,SIAgent8,OLD_HIGH_INCOME,22,22.558941123039887,22,22.558941123039883
86,SIAgent5,MALE_OLD_LOW_INCOME,32,30.827881641608364,126,0.0
86,SIAgent6,OLD_HIGH_INCOME,22,22.435378698445177,22,21.476388570542838
86,SIAgent3,MALE_LOW_INCOME,65,68.05721084332701,67,67.43763059086035
86,SIAgent4,FEMALE_YOUNG,40,43.67516965095366,40,42.95668811123719
86,SIAgent1,FEMALE_LOW_INCOME,78,70.16562705487827,422,0.0
86,SIAgent2,MALE_HIGH_INCOME,24,22.550231172495607,52,21.929633364486502
86,SIAgent0,MALE_YOUNG_LOW_INCOME,33,28.338510129424503,163,0.0
86,WFAgent0,MALE_OLD_HIGH_INCOME,15,17.045718234740978,15,16.207881479086566
86,WFAgent1,YOUNG_LOW_INCOME,68,52.09666921440521,0,0.0
86,WFAgent2,MALE_OLD,46,44.704556563715435,50,42.74228511977064
86,WFAgent3,FEMALE_HIGH_INCOME,12,13.182251876204292,12,12.29364402851315
86,WFAgent4,MALE_OLD_LOW_INCOME,32,32.24675560245988,32,32.18985221108778
86,WFAgent5,FEMALE_LOW_INCOME,78,78.23090773995077,86,77.62983794306955
87,WFAgent6,FEMALE_LOW_INCOME,78,83.03618790761651,89,82.8307947977676
87,WFAgent7,MALE_OLD,46,49.186200479147665,52,48.51407005567741
87,WFAgent8,MALE_YOUNG,42,37.40516868478427,31,8.634324946222813
87,WFAgent9,MALE_LOW_INCOME,65,63.57547441589064,71,63.23254706237337
87,SIAgent10,MALE_OLD_HIGH_INCOME,15,14.721985737707566,71,0.0
87,SIAgent11,FEMALE_HIGH_INCOME,12,11.110543931403221,12,10.361189935467376
87,SIAgent12,MALE_OLD_HIGH_INCOME,15,17.769757759891128,16,17.64926036571537
87,SIAgent13,FEMALE_OLD_HIGH_INCOME,8,8.679319307492175,8,8.364736197870513
87,SIAgent14,FEMALE_YOUNG_HIGH_INCOME,5,5.527470962373858,5,5.050943552131345
87,SIAgent15,MALE_OLD_HIGH_INCOME,15,16.21701498119864,15,16.217014981198638
87,SIAgent16,YOUNG_HIGH_INCOME,14,13.983865677010547,14,13.946837856691994
87,SIAgent17,FEMALE_YOUNG_HIGH_INCOME,5,4.809098640196719,5,4.629393304751342
87,SIAgent18,MALE_YOUNG_LOW_INCOME,33,28.980507908782016,217,0.0
87,WFAgent14,FEMALE_YOUNG_LOW_INCOME,35,32.71658536259648,287,0.0
87,WFAgent13,MALE_HIGH_INCOME,24,26.322294698325727,28,25.80109049425124
87,WFAgent12,FEMALE_HIGH_INCOME,12,12.274612432508775,13,12.059103662133984
87,WFAgent11,MALE_OLD_HIGH_INCOME,15,16.265677920484848,15,16.199493837082635
87,WFAgent10,MALE_YOUNG_LOW_INCOME,33,30.384642522588994,34,29.85870511813903
87,SIAgent9,MALE_OLD_HIGH_INCOME,15,15.954197819458603,16,15.703451453554742
87,SIAgent7,FEMALE_OLD_LOW_INCOME,43,47.64953489809296,51,47.581107169991306
87,SIAgent8,OLD_LOW_INCOME,75,69.97221642645785,75,69.56014752487259
87,SIAgent5,MALE_OLD_LOW_INCOME,32,29.122245405803746,217,0.0
87,SIAgent6,FEMALE_OLD,50,46.381167931284544,307,9.27623358625691
87,SIAgent3,YOUNG_HIGH_INCOME,14,12.088054924711939,23,12.088054924711937
87,SIAgent4,FEMALE_YOUNG,40,40.40754841705076,79,40.248772148093536
87,SIAgent1,FEMALE_OLD_HIGH_INCOME,8,9.564230471191317,8,8.679319307492177
87,SIAgent2,MALE_OLD,46,50.74162355143168,50,50.1408124127104
87,SIAgent0,OLD_LOW_INCOME,75,84.67490728555448,76,84.09153396800555
87,WFAgent0,FEMALE_OLD_HIGH_INCOME,8,7.333459381213613,0,0.0
87,WFAgent1,MALE_YOUNG,42,46.869403444556426,50,46.03733715543789
87,WFAgent2,MALE_LOW_INCOME,65,55.53302284090153,0,0.0
87,WFAgent3,FEMALE_HIGH_INCOME,12,14.043150146181398,12,13.018978961238266
87,WFAgent4,OLD_LOW_INCOME,75,62.80104850070948,0,0.0
87,WFAgent5,FEMALE_YOUNG,40,41.340928210001444,40,40.40754841705078
88,WFAgent6,MALE_YOUNG_HIGH_INCOME,10,11.13726588428782,10,10.6393996257384
88,WFAgent7,FEMALE_OLD,50,44.838010530143336,58,0.0
88,WFAgent8,FEMALE_YOUNG_HIGH_INCOME,5,5.258807030296251,5,4.996509198152471
88,WFAgent9,MALE_HIGH_INCOME,24,22.744059799881164,0,0.0
88,SIAgent10,YOUNG_LOW_INCOME,68,77.62046692145131,70,77.49804793246341
88,SIAgent11,MALE_OLD_LOW_INCOME,32,28.22840558142623,147,0.0
88,SIAgent12,MALE_LOW_INCOME,65,58.4137268837165,124,58.22108651169155
88,SIAgent13,FEMALE_OLD_HIGH_INCOME,8,7.500989017553483,8,7.4985887314834585
88,SIAgent14,FEMALE_HIGH_INCOME,12,11.237081809910084,66,6.601566105910274
88,SIAgent15,FEMALE_YOUNG_HIGH_INCOME,5,5.490818020969428,5,5.204172048852364
88,SIAgent16,YOUNG_HIGH_INCOME,14,14.895159476033758,13,13.831219513459923
88,SIAgent17,MALE_YOUNG_LOW_INCOME,33,35.778819371507986,39,35.24515564838392
88,SIAgent18,FEMALE_YOUNG_LOW_INCOME,35,37.50133439857898,35,37.50133439857898
88,WFAgent14,FEMALE_OLD_HIGH_INCOME,8,7.508294104982896,8,7.500989017553481
88,WFAgent13,MALE_OLD,46,43.20119237128987,113,0.0
88,WFAgent12,YOUNG_LOW_INCOME,68,65.38753376621584,37,30.532243239835037
88,WFAgent11,FEMALE_YOUNG_HIGH_INCOME,5,4.230918770676176,0,0.0
88,WFAgent10,YOUNG_LOW_INCOME,68,82.27888145053218,72,81.42686118832177
88,SIAgent9,FEMALE_LOW_INCOME,78,77.29669274949141,522,76.7432059812068
88,SIAgent7,FEMALE_YOUNG_HIGH_INCOME,5,5.512515079271261,5,5.490818020969428
88,SIAgent8,YOUNG_HIGH_INCOME,14,16.064422103069706,14,15.383891784893324
88,SIAgent5,FEMALE_YOUNG_HIGH_INCOME,5,4.996509198152471,5,4.682117420795868
88,SIAgent6,FEMALE_YOUNG,40,45.01270197458816,41,44.33360672496848
88,SIAgent3,MALE_OLD,46,49.54830102229451,49,49.04909868149217
88,SIAgent4,MALE_OLD_LOW_INCOME,32,35.57338135446575,33,35.545520298602575
88,SIAgent1,MALE_YOUNG_LOW_INCOME,33,29.82282401017101,33,29.822824010171008
88,SIAgent2,FEMALE_YOUNG,40,33.00783052955138,28,23.105481370685972
88,SIAgent0,OLD_HIGH_INCOME,22,22.975115575889895,38,22.50296705266044
88,WFAgent0,MALE_OLD_LOW_INCOME,32,30.58801706639881,34,30.554872523790145
88,WFAgent1,YOUNG_LOW_INCOME,68,73.76795596066648,71,73.33769796563871
88,WFAgent2,MALE_OLD,46,49.22667441745991,52,48.836130506675545
88,WFAgent3,YOUNG_HIGH_INCOME,14,14.35602991062186,57,0.0
88,WFAgent4,MALE_HIGH_INCOME,24,25.895959466115308,25,25.66833263038233
88,WFAgent5,MALE_YOUNG_LOW_INCOME,33,30.76178592194329,34,30.71644751304475
89,WFAgent6,FEMALE_HIGH_INCOME,12,10.847305484567997,12,9.455368154647998
89,WFAgent7,YOUNG_LOW_INCOME,68,70.0753882117523,73,69.56634558613854
89,WFAgent8,MALE_YOUNG_LOW_INCOME,33,30.179863896155513,156,23.2374123081472
89,WFAgent9,MALE_OLD_LOW_INCOME,32,32.902770472208736,32,32.844237635596635
89,SIAgent10,MALE_YOUNG,42,44.348843640591255,42,43.54370441523943
89,SIAgent11,MALE_LOW_INCOME,65,59.71368155461447,66,59.062053587646616
89,SIAgent12,YOUNG_HIGH_INCOME,14,11.031262847089332,58,10.243315500868665
89,SIAgent13,MALE_YOUNG_HIGH_INCOME,10,10.420699126759004,10,9.876243123867832
89,SIAgent14,MALE_HIGH_INCOME,24,23.70298349728279,24,23.613044067618763
89,SIAgent15,FEMALE_YOUNG_LOW_INCOME,35,32.0634559742504,188,28.399061005764658
89,SIAgent16,MALE_OLD_LOW_INCOME,32,31.664524464897877,34,31.23484881318297
89,SIAgent17,FEMALE_OLD,50,52.556425516466184,52,51.95964294116175
89,SIAgent18,MALE_YOUNG_HIGH_INCOME,10,9.555814485775533,10,8.937466272364302
89,WFAgent14,YOUNG_HIGH_INCOME,14,14.65079947030389,14,13.920019352507799
89,WFAgent13,MALE_OLD_HIGH_INCOME,15,15.731936438124434,15,14.793609432802358
89,WFAgent12,FEMALE_YOUNG,40,38.11854552665127,41,37.56004842697907
89,WFAgent11,MALE_LOW_INCOME,65,61.07975396314612,156,9.186720239171457
89,WFAgent10,FEMALE_OLD,50,40.83811201289354,299,0.0
89,SIAgent9,MALE_LOW_INCOME,65,66.71485769730563,67,66.36539147856674
89,SIAgent7,FEMALE_YOUNG_HIGH_INCOME,5,5.31549919906215,5,5.083485515773457
89,SIAgent8,MALE_HIGH_INCOME,24,23.536941473287662,57,22.933954765861294
89,SIAgent5,FEMALE_OLD_HIGH_INCOME,8,7.789322057122399,10,7.7697151440919665
89,SIAgent6,MALE_YOUNG_LOW_INCOME,33,34.17164084577832,33,33.870620061709026
89,SIAgent3,OLD_LOW_INCOME,75,86.1527005432689,82,85.17794839411029
89,SIAgent4,MALE_YOUNG,42,37.537358343930066,43,37.47891144202465
89,SIAgent1,FEMALE_YOUNG_HIGH_INCOME,5,5.083485515773457,5,5.083485515773457
89,SIAgent2,MALE_OLD_LOW_INCOME,32,32.109203613871465,32,31.664524464897887
89,SIAgent0,FEMALE_YOUNG_HIGH_INCOME,5,4.691310401201104,5,3.9397367311033324
89,WFAgent0,MALE_HIGH_INCOME,24,29.60894466075798,29,28.641105059216695
89,WFAgent1,FEMALE_OLD_LOW_INCOME,43,44.452264654231406,54,44.10516097392503
89,WFAgent2,OLD_LOW_INCOME,75,74.28651967285252,95,73.81229386887375
89,WFAgent3,FEMALE_OLD,50,38.848575720459834,0,0.0
89,WFAgent4,MALE_YOUNG,42,40.555132227243135,44,40.421569052354435
89,WFAgent5,FEMALE_LOW_INCOME,78,78.90777195550233,86,78.78449182244383
90,WFAgent6,MALE_HIGH_INCOME,24,22.975015823375013,119,0.0
90,WFAgent7,YOUNG_LOW_INCOME,68,53.37316155578266,64,0.0
90,WFAgent8,FEMALE_YOUNG,40,30.38789022253961,0,0.0
90,WFAgent9,OLD_HIGH_INCOME,22,25.533177848142703,25,25.013207534794063
90,SIAgent10,FEMALE_YOUNG,40,45.285636157208934,42,44.33615031309394
90,SIAgent11,FEMALE_OLD,50,43.96148506909308,59,43.08225536771123
90,SIAgent12,FEMALE_OLD,50,47.120757914444845,52,46.667726325462326
90,SIAgent13,YOUNG_LOW_INCOME,68,61.95311403009106,267,61.37248905756288
90,SIAgent14,YOUNG_LOW_INCOME,68,70.02755294786479,69,69.7740374000605
90,SIAgent15,MALE_YOUNG_HIGH_INCOME,10,10.049806415952405,11,9.751200526273259
90,SIAgent16,FEMALE_LOW_INCOME,78,80.22102104120931,83,79.32437199908433
90,SIAgent17,FEMALE_OLD_LOW_INCOME,43,49.2196335194028,44,48.2463348277488
90,SIAgent18,FEMALE_OLD_LOW_INCOME,43,36.69705360740619,156,0.0
90,WFAgent14,FEMALE_OLD_LOW_INCOME,43,34.067925489870476,0,0.0
90,WFAgent13,FEMALE_HIGH_INCOME,12,12.782265788102029,12,11.998005353093882
90,WFAgent12,MALE_LOW_INCOME,65,61.82370149585089,256,0.0
90,WFAgent11,FEMALE_YOUNG,40,38.89002672194071,41,38.05375421856672
90,WFAgent10,FEMALE_HIGH_INCOME,12,11.449353801981752,12,11.182610985652692
90,SIAgent9,FEMALE_YOUNG_HIGH_INCOME,5,4.761930845919424,5,4.38374921839735
90,SIAgent7,FEMALE_LOW_INCOME,78,82.30907355857377,79,82.10613260014364
90,SIAgent8,FEMALE_YOUNG,40,35.0699937471788,86,0.0
90,SIAgent5,MALE_LOW_INCOME,65,63.89715035540538,70,63.477452428003666
90,SIAgent6,OLD_HIGH_INCOME,22,22.898635765183823,21,21.857788684948204
90,SIAgent3,MALE_YOUNG_LOW_INCOME,33,33.370191800028984,33,32.440091718898096
90,SIAgent4,MALE_YOUNG_HIGH_INCOME,10,8.864727751157508,10,8.864727751157508
90,SIAgent1,OLD_LOW_INCOME,75,82.23807072911735,82,81.61967306180911
90,SIAgent2,FEMALE_YOUNG_LOW_INCOME,35,32.7039147738254,35,32.70391477382538
90,SIAgent0,YOUNG_HIGH_INCOME,14,14.829003233132521,14,14.069728982333368
90,WFAgent0,FEMALE_YOUNG_LOW_INCOME,35,34.19929115836686,36,33.63831233879182
90,WFAgent1,FEMALE_YOUNG_LOW_INCOME,35,37.908063590926396,35,36.90678874400919
90,WFAgent2,FEMALE_LOW_INCOME,78,72.82932501807423,84,72.46156301354735
90,WFAgent3,OLD_HIGH_INCOME,22,20.126719719668035,0,0.0
90,WFAgent4,MALE_YOUNG,42,39.63640151546286,72,11.52414607650476
90,WFAgent5,MALE_OLD_LOW_INCOME,32,28.992881441860447,0,0.0
91,WFAgent6,MALE_LOW_INCOME,65,64.89625833781,168,0.0
91,WFAgent7,OLD_LOW_INCOME,75,75.1851729749463,89,74.71332273011059
91,WFAgent8,MALE_YOUNG_HIGH_INCOME,10,9.193355762229007,0,0.0
91,WFAgent9,YOUNG_LOW_INCOME,68,62.07492175045827,56,44.06935236508999
91,SIAgent10,MALE_LOW_INCOME,65,75.66851446575384,72,74.75606631327209
91,SIAgent11,MALE_YOUNG_LOW_INCOME,33,29.28766633876065,38,28.55951700035888
91,SIAgent12,FEMALE_OLD_LOW_INCOME,43,46.18408424991211,43,45.552850729390045
91,SIAgent13,MALE_YOUNG_HIGH_INCOME,10,10.218102551148915,10,10.218102551148915
91,SIAgent14,FEMALE_YOUNG_HIGH_INCOME,5,5.114160652596435,5,4.913529602218015
91,SIAgent15,YOUNG_LOW_INCOME,68,51.106504105905415,33,0.0
91,SIAgent16,YOUNG_LOW_INCOME,68,67.10614419420577,68,66.82400259016491
91,SIAgent17,YOUNG_LOW_INCOME,68,73.17333342367894,70,72.96240599905661
91,SIAgent18,FEMALE_HIGH_INCOME,12,13.507671465288354,13,13.0582086181113
91,WFAgent14,MALE_OLD_HIGH_INCOME,15,16.920015464861734,17,16.749236182797933
91,WFAgent13,FEMALE_OLD,50,43.18186487104124,52,43.04473051908691
91,WFAgent12,MALE_YOUNG,42,44.92770631470422,45,44.225493333420495
91,WFAgent11,MALE_YOUNG_HIGH_INCOME,10,9.4020862761904,49,0.0
91,WFAgent10,MALE_OLD,46,48.08519787436278,50,47.88798167732491
91,SIAgent9,FEMALE_YOUNG_LOW_INCOME,35,43.00658227272444,39,41.96705887534524
91,SIAgent7,YOUNG_LOW_INCOME,68,63.97001594328784,74,63.22678078650226
91,SIAgent8,YOUNG_LOW_INCOME,68,64.60545777624728,68,64.21297899706641
91,SIAgent5,FEMALE_YOUNG,40,42.24385116274283,42,41.6997520724174
91,SIAgent6,OLD_HIGH_INCOME,22,20.36076433436718,148,0.0
91,SIAgent3,FEMALE_YOUNG,40,39.30823681774412,56,38.95329071803145
91,SIAgent4,FEMALE_OLD_HIGH_INCOME,8,7.960738952708476,8,7.403914303406247
91,SIAgent1,FEMALE_LOW_INCOME,78,64.56709577863039,208,64.5670957786303
91,SIAgent2,MALE_HIGH_INCOME,24,23.645980493361787,24,23.645980493361776
91,SIAgent0,MALE_LOW_INCOME,65,65.16394259371755,205,65.11150066138336
91,WFAgent0,FEMALE_OLD_LOW_INCOME,43,36.09744806061519,43,35.594681006168045
91,WFAgent1,FEMALE_YOUNG_HIGH_INCOME,5,4.645848160499525,21,0.0
91,WFAgent2,FEMALE_OLD_LOW_INCOME,43,49.97767167578241,46,49.40622966269672
91,WFAgent3,MALE_LOW_INCOME,65,68.9542792592147,68,68.17150917496596
91,WFAgent4,OLD_HIGH_INCOME,22,19.953889198188772,0,0.0
91,WFAgent5,MALE_YOUNG_LOW_INCOME,33,31.65235396304978,33,31.352648626708238
92,WFAgent6,FEMALE_YOUNG_HIGH_INCOME,5,4.976435774934192,0,0.0
92,WFAgent7,MALE_YOUNG,42,47.129620870368,47,46.466377124731146
92,WFAgent8,FEMALE_YOUNG_LOW_INCOME,35,38.73599551829157,37,38.44508187892674
92,WFAgent9,OLD_LOW_INCOME,75,78.2238345398282,212,37.46268619147403
92,SIAgent10,MALE_LOW_INCOME,65,53.1666448909737,69,53.065753615682354
92,SIAgent11,YOUNG_HIGH_INCOME,14,14.102480713351834,14,14.102480713351829
92,SIAgent12,MALE_YOUNG_HIGH_INCOME,10,9.848164602436261,10,9.178506908983925
92,SIAgent13,OLD_HIGH_INCOME,22,21.726894743644394,22,21.683028817530747
92,SIAgent14,MALE_YOUNG_LOW_INCOME,33,25.37927346836978,192,0.0
92,SIAgent15,FEMALE_YOUNG_LOW_INCOME,35,36.36696934493072,36,36.32125197287073
92,SIAgent16,MALE_HIGH_INCOME,24,22.02841658156142,95,0.0
92,SIAgent17,FEMALE_YOUNG,40,44.40988598210748,40,44.36221679727283
92,SIAgent18,OLD_HIGH_INCOME,22,22.30246755141033,22,22.292820044667657
92,WFAgent14,OLD_LOW_INCOME,75,78.81809066638515,79,77.88295287174873
92,WFAgent13,FEMALE_OLD_LOW_INCOME,43,40.2692674507259,0,0.0
92,WFAgent12,OLD_HIGH_INCOME,22,23.59946492536132,23,22.87145527047348
92,WFAgent11,YOUNG_LOW_INCOME,68,69.24300683058952,78,68.99537370681428
92,WFAgent10,FEMALE_HIGH_INCOME,12,12.062666672478487,63,0.9875861247111088
92,SIAgent9,MALE_OLD_HIGH_INCOME,15,15.198611423270004,15,14.813791870666638
92,SIAgent7,FEMALE_YOUNG,40,44.36221679727286,42,43.587872500355736
92,SIAgent8,FEMALE_YOUNG,40,35.209954593811275,50,35.209954593811275
92,SIAgent5,FEMALE_YOUNG,40,40.356946636523034,42,40.058647549128935
92,SIAgent6,MALE_OLD_HIGH_INCOME,15,14.725318310397652,16,14.685611054374279
92,SIAgent3,FEMALE_YOUNG_HIGH_INCOME,5,5.616305679360552,5,5.551235747763435
92,SIAgent4,MALE_OLD_LOW_INCOME,32,31.547525213872866,32,31.547525213872863
92,SIAgent1,MALE_OLD_LOW_INCOME,32,34.143744235328114,32,33.375502736993354
92,SIAgent2,MALE_HIGH_INCOME,24,23.649427881730226,24,23.560509296636244
92,SIAgent0,MALE_YOUNG_LOW_INCOME,33,29.190350414421456,35,28.628193402831982
92,WFAgent0,FEMALE_YOUNG_LOW_INCOME,35,35.57764874230232,35,35.31232830695766
92,WFAgent1,FEMALE_YOUNG_HIGH_INCOME,5,4.628553131209287,0,0.0
92,WFAgent2,FEMALE_YOUNG_HIGH_INCOME,5,5.519107983091681,0,0.0
92,WFAgent3,YOUNG_HIGH_INCOME,14,12.372447801220972,0,0.0
92,WFAgent4,YOUNG_LOW_INCOME,68,61.32549613029564,159,39.6111989180377
92,WFAgent5,FEMALE_LOW_INCOME,78,81.18604924375973,462,0.0
93,WFAgent6,MALE_YOUNG_HIGH_INCOME,10,10.345990044216189,12,9.951057821113638
93,WFAgent7,MALE_YOUNG_LOW_INCOME,33,29.746489011906473,158,0.0
93,WFAgent8,MALE_OLD,46,47.7892546131603,50,47.27867021497585
93,WFAgent9,YOUNG_HIGH_INCOME,14,16.509438471710887,15,15.817496851783389
93,SIAgent10,FEMALE_YOUNG_HIGH_INCOME,5,4.684709397192557,5,4.555266423118152
93,SIAgent11,MALE_YOUNG_HIGH_INCOME,10,10.488696146357379,10,10.488696146357379
93,SIAgent12,FEMALE_OLD_HIGH_INCOME,8,9.291114853237223,8,9.135877166690504
93,SIAgent13,YOUNG_HIGH_INCOME,14,14.659073814649162,14,13.777995241786297
93,SIAgent14,MALE_OLD_HIGH_INCOME,15,14.236217964959017,15,14.236217964959017
93,SIAgent15,OLD_LOW_INCOME,75,57.45591876565963,368,0.0
93,SIAgent16,MALE_OLD,46,50.591730168018366,47,49.94120652644796
93,SIAgent17,MALE_LOW_INCOME,65,63.38357988520207,215,63.38357988520202
93,SIAgent18,FEMALE_YOUNG,40,41.00502770752566,49,40.97737779423176
93,WFAgent14,FEMALE_OLD_HIGH_INCOME,8,8.336020494827713,57,3.006065465070516
93,WFAgent13,OLD_LOW_INCOME,75,76.17124929393404,83,76.1277349821682
93,WFAgent12,MALE_HIGH_INCOME,24,19.902115642227283,0,0.0
93,WFAgent11,MALE_YOUNG_HIGH_INCOME,10,11.010091516072054,10,10.488696146357379
93,WFAgent10,FEMALE_LOW_INCOME,78,83.34523098783751,83,83.16781120028435
93,SIAgent9,MALE_OLD,46,48.87862766418313,47,47.900523857303256
93,SIAgent7,MALE_HIGH_INCOME,24,22.577503408824846,26,22.12400661151263
93,SIAgent8,MALE_YOUNG_LOW_INCOME,33,37.43802290131522,36,37.13125992629012
93,SIAgent5,YOUNG_HIGH_INCOME,14,15.43849816726421,14,15.070887877410954
93,SIAgent6,FEMALE_OLD_HIGH_INCOME,8,9.135877166690502,9,9.018196395211547
93,SIAgent3,MALE_OLD_HIGH_INCOME,15,12.763849968180365,61,0.0
93,SIAgent4,FEMALE_YOUNG_HIGH_INCOME,5,4.555266423118152,18,0.0
93,SIAgent1,FEMALE_LOW_INCOME,78,65.22929526428723,87,64.39302224807855
93,SIAgent2,FEMALE_OLD,50,50.1010910845086,59,49.67160556728262
93,SIAgent0,MALE_LOW_INCOME,65,67.04255264469047,68,66.30897587990366
93,WFAgent0,FEMALE_YOUNG_LOW_INCOME,35,39.75706222098467,38,38.95477632214941
93,WFAgent1,MALE_YOUNG,42,38.92083185174095,12,0.0
93,WFAgent2,FEMALE_OLD_LOW_INCOME,43,40.81923160484787,49,40.135048602231564
93,WFAgent3,FEMALE_YOUNG_HIGH_INCOME,5,5.315769352337799,5,5.235383505231843
93,WFAgent4,FEMALE_YOUNG_LOW_INCOME,35,32.88163084721988,39,32.614647632143615
93,WFAgent5,MALE_HIGH_INCOME,24,25.5837321625194,25,25.241305958123633
94,WFAgent6,OLD_HIGH_INCOME,22,16.759597908018485,0,0.0
94,WFAgent7,FEMALE_YOUNG,40,38.26272009161023,40,38.06233226376098
94,WFAgent8,MALE_YOUNG_LOW_INCOME,33,36.295368024616515,34,36.12118646506134
94,WFAgent9,MALE_OLD_LOW_INCOME,32,31.936913850080206,261,0.0
94,SIAgent10,MALE_YOUNG,42,39.15042583092195,175,0.0
94,SIAgent11,YOUNG_LOW_INCOME,68,74.52972858710886,68,74.25039699077502
94,SIAgent12,MALE_YOUNG,42,39.447306303820575,42,39.19990590973839
94,SIAgent13,FEMALE_OLD_LOW_INCOME,43,44.664947017522366,43,44.664947017522344
94,SIAgent14,FEMALE_LOW_INCOME,78,83.24671524455394,80,83.09757584655324
94,SIAgent15,MALE_OLD_LOW_INCOME,32,35.48270561350806,34,34.584764861239904
94,SIAgent16,MALE_OLD_LOW_INCOME,32,32.5503669282258,32,32.5503669282258
94,SIAgent17,FEMALE_HIGH_INCOME,12,11.806591577849343,12,11.541243962655264
94,SIAgent18,FEMALE_YOUNG_HIGH_INCOME,5,5.380084793632988,5,4.919413157437226
94,WFAgent14,FEMALE_YOUNG_LOW_INCOME,35,33.05223141324217,37,32.481561983449005
94,WFAgent13,YOUNG_HIGH_INCOME,14,13.598710233520157,14,13.113759187833214
94,WFAgent12,FEMALE_OLD_LOW_INCOME,43,45.79162495382904,44,45.601188523443156
94,WFAgent11,FEMALE_LOW_INCOME,78,75.56076904821428,258,0.0
94,WFAgent10,FEMALE_LOW_INCOME,78,68.47464418132488,0,0.0
94,SIAgent9,FEMALE_OLD_LOW_INCOME,43,42.46166588605856,48,42.138242573123044
94,SIAgent7,OLD_HIGH_INCOME,22,22.88497124581287,22,22.081740126783114
94,SIAgent8,FEMALE_YOUNG_LOW_INCOME,35,33.373883765337126,34,32.42034422918465
94,SIAgent5,MALE_OLD_HIGH_INCOME,15,15.055731904624844,151,0.0
94,SIAgent6,FEMALE_YOUNG,40,43.60328779778993,40,42.88114303045151
94,SIAgent3,MALE_YOUNG,42,42.33810851853526,42,42.33810851853526
94,SIAgent4,MALE_YOUNG_HIGH_INCOME,10,11.61978560264761,11,11.088552231044948
94,SIAgent1,FEMALE_YOUNG_LOW_INCOME,35,37.46805092951941,39,37.1880419099471
94,SIAgent2,FEMALE_OLD_HIGH_INCOME,8,9.449050751455976,9,9.362033691468902
94,SIAgent0,FEMALE_HIGH_INCOME,12,11.541243962655264,98,0.0
94,WFAgent0,FEMALE_HIGH_INCOME,12,13.895547306914084,14,13.77435684082423
94,WFAgent1,MALE_LOW_INCOME,65,61.234853561222785,0,0.0
94,WFAgent2,MALE_OLD,46,48.98379249242902,49,48.49051202482659
94,WFAgent3,YOUNG_LOW_INCOME,68,73.93095356756399,76,73.92749907225743
94,WFAgent4,FEMALE_YOUNG_LOW_INCOME,35,32.819139488966975,161,0.0
94,WFAgent5,MALE_HIGH_INCOME,24,26.578850929629045,27,26.184926113803133
95,WFAgent6,MALE_LOW_INCOME,65,76.03963385908428,76,75.69000675357344
95,WFAgent7,FEMALE_HIGH_INCOME,12,11.762105048660008,14,11.71813550756626
95,WFAgent8,FEMALE_OLD_HIGH_INCOME,8,5.821515990963773,0,0.0
95,WFAgent9,MALE_YOUNG_HIGH_INCOME,10,8.873368343579024,7,5.495508501995159
95,SIAgent10,MALE_YOUNG_HIGH_INCOME,10,10.610920010336015,10,9.951340356719376
95,SIAgent11,MALE_YOUNG,42,43.13101240086388,44,42.50575735740808
95,SIAgent12,MALE_HIGH_INCOME,24,22.102706319269835,55,22.10270631926983
95,SIAgent13,FEMALE_YOUNG_LOW_INCOME,35,35.22897751682452,34,34.22243530205812
95,SIAgent14,FEMALE_YOUNG_LOW_INCOME,35,42.78379943349919,36,41.8393509808411
95,SIAgent15,MALE_YOUNG_LOW_INCOME,33,31.87931801805607,36,31.45232553478832
95,SIAgent16,FEMALE_HIGH_INCOME,12,10.293413921997121,35,10.293413921997121
95,SIAgent17,FEMALE_YOUNG_HIGH_INCOME,5,5.205427328305106,6,5.146706960998561
95,SIAgent18,FEMALE_YOUNG_HIGH_INCOME,5,5.592942070176435,5,5.205427328305106
95,WFAgent14,FEMALE_OLD_HIGH_INCOME,8,7.971188401132201,8,7.80950313397007
95,WFAgent13,FEMALE_HIGH_INCOME,12,15.048794213609087,14,14.592869772320439
95,WFAgent12,FEMALE_YOUNG_HIGH_INCOME,5,3.9266861104299355,5,3.9253632157108282
95,WFAgent11,MALE_HIGH_INCOME,24,21.75196746152747,72,0.0
95,WFAgent10,MALE_YOUNG,42,40.76865559752355,48,40.53682939419956
95,SIAgent9,MALE_HIGH_INCOME,24,26.53652494880458,25,26.499768102022923
95,SIAgent7,OLD_HIGH_INCOME,22,22.00167407824374,23,21.418677518975286
95,SIAgent8,YOUNG_HIGH_INCOME,14,10.991017003990319,11,6.280581145137325
95,SIAgent5,FEMALE_LOW_INCOME,78,90.65192712515575,83,89.63800277368766
95,SIAgent6,OLD_HIGH_INCOME,22,23.30364386780747,23,23.179291507649882
95,SIAgent3,MALE_OLD_LOW_INCOME,32,30.94188199656872,32,30.941881996568696
95,SIAgent4,OLD_LOW_INCOME,75,67.53681714575268,308,0.0
95,SIAgent1,FEMALE_OLD_LOW_INCOME,43,46.61826601764226,42,45.53412029630178
95,SIAgent2,MALE_YOUNG_LOW_INCOME,33,28.831298406889296,269,0.0
95,SIAgent0,FEMALE_OLD,50,48.80939458731295,50,48.09897419783393
95,WFAgent0,FEMALE_YOUNG,40,42.442916593419575,300,27.17663979869322
95,WFAgent1,FEMALE_LOW_INCOME,78,89.25868812623045,86,88.81026102192004
95,WFAgent2,FEMALE_OLD_LOW_INCOME,43,42.199757686208514,44,42.1196002756703
95,WFAgent3,MALE_LOW_INCOME,65,64.73487419713516,70,64.29677809457456
95,WFAgent4,FEMALE_YOUNG_LOW_INCOME,35,38.67409355418948,38,38.24860416112377
95,WFAgent5,MALE_LOW_INCOME,65,70.60963224407323,73,70.5861683046724
96,WFAgent6,MALE_HIGH_INCOME,24,25.981775286105425,26,25.28422209472562
96,WFAgent7,MALE_YOUNG_HIGH_INCOME,10,9.181285694703432,10,8.605823823431713
96,WFAgent8,YOUNG_HIGH_INCOME,14,13.430272906284042,14,12.950348873425066
96,WFAgent9,FEMALE_LOW_INCOME,78,80.28916385906138,84,79.39647197780951
96,SIAgent10,MALE_YOUNG_HIGH_INCOME,10,9.61740559343349,10,9.332370774990485
96,SIAgent11,MALE_HIGH_INCOME,24,24.380640474200593,25,24.043513983583715
96,SIAgent12,MALE_YOUNG_HIGH_INCOME,10,9.332370774990485,10,9.332370774990485
96,SIAgent13,FEMALE_YOUNG_LOW_INCOME,35,33.881301875186544,35,33.84752286188008
96,SIAgent14,FEMALE_YOUNG_HIGH_INCOME,5,5.08158166228982,5,4.378759858591202
96,SIAgent15,FEMALE_YOUNG_HIGH_INCOME,5,5.9886532631476275,5,5.340933085178702
96,SIAgent16,FEMALE_YOUNG,40,40.12347225751954,41,39.68952505378997
96,SIAgent17,YOUNG_HIGH_INCOME,14,12.260527604055365,14,12.078492531554536
96,SIAgent18,FEMALE_LOW_INCOME,78,73.72529540796589,78,73.28934722889952
96,WFAgent14,YOUNG_HIGH_INCOME,14,15.747527804414354,15,15.701099028489656
96,WFAgent13,MALE_YOUNG_LOW_INCOME,33,33.39272346531014,34,32.88045078011208
96,WFAgent12,OLD_HIGH_INCOME,22,21.216762390909366,88,7.317567659370509
96,WFAgent11,FEMALE_YOUNG,40,37.27234932373678,0,0.0
96,WFAgent10,MALE_YOUNG,42,49.25514485961379,50,48.35360408840011
96,SIAgent9,YOUNG_HIGH_INCOME,14,11.83577910155343,47,0.0
96,SIAgent7,FEMALE_LOW_INCOME,78,86.12144245522366,87,86.00499051609829
96,SIAgent8,OLD_LOW_INCOME,75,68.59838038258104,536,0.0
96,SIAgent5,MALE_OLD_HIGH_INCOME,15,14.587051208495549,15,13.720439361319706
96,SIAgent6,FEMALE_OLD,50,57.07487467853524,52,56.72572150752176
96,SIAgent3,MALE_OLD_HIGH_INCOME,15,13.720439361319702,14,12.805743403898392
96,SIAgent4,FEMALE_HIGH_INCOME,12,12.560879222791721,12,12.500032017242365
96,SIAgent1,MALE_LOW_INCOME,65,60.893905628134455,66,60.36657473667122
96,SIAgent2,YOUNG_LOW_INCOME,68,65.76090156022417,93,65.31788966726926
96,SIAgent0,FEMALE_YOUNG_LOW_INCOME,35,33.31285333590011,35,33.08186332408728
96,WFAgent0,MALE_HIGH_INCOME,24,26.029156250334616,25,25.396500493958943
96,WFAgent1,FEMALE_HIGH_INCOME,12,11.178540107831827,0,0.0
96,WFAgent2,YOUNG_LOW_INCOME,68,63.723450041223565,166,0.0
96,WFAgent3,FEMALE_HIGH_INCOME,12,12.818239404428883,57,7.327179546628505
96,WFAgent4,FEMALE_YOUNG_HIGH_INCOME,5,4.414691562788722,0,0.0
96,WFAgent5,FEMALE_OLD_LOW_INCOME,43,41.3216276537571,43,40.643432083878665
97,WFAgent6,FEMALE_YOUNG_LOW_INCOME,35,31.13203409567711,0,0.0
97,WFAgent7,FEMALE_YOUNG_HIGH_INCOME,5,4.534223969274977,0,0.0
97,WFAgent8,FEMALE_OLD_HIGH_INCOME,8,8.081351308336988,41,5.0019284074187995
97,WFAgent9,FEMALE_HIGH_INCOME,12,13.992120292527378,13,13.132195876047609
97,SIAgent10,FEMALE_OLD_HIGH_INCOME,8,9.568165672485897,9,9.561851553137895
97,SIAgent11,MALE_YOUNG_LOW_INCOME,33,31.9392346986263,33,31.939234698626272
97,SIAgent12,MALE_OLD,46,40.942100213223526,46,40.94210021322352
97,SIAgent13,FEMALE_YOUNG_LOW_INCOME,35,37.353736004598595,37,37.27254058981214
97,SIAgent14,FEMALE_OLD_HIGH_INCOME,8,8.00308545187008,8,8.00308545187008
97,SIAgent15,MALE_OLD,46,51.9063736732408,56,51.56782017444681
97,SIAgent16,MALE_YOUNG_HIGH_INCOME,10,9.269687271748039,10,9.269687271748039
97,SIAgent17,YOUNG_LOW_INCOME,68,65.70279538991575,221,65.47402195194037
97,SIAgent18,MALE_HIGH_INCOME,24,24.12151719243089,24,23.340572300666057
97,WFAgent14,FEMALE_YOUNG,40,38.86403758894724,42,38.65160830207975
97,WFAgent13,FEMALE_LOW_INCOME,78,74.4807019274642,90,0.0
97,WFAgent12,YOUNG_LOW_INCOME,68,67.72116946570353,70,67.66962891939927
97,WFAgent11,MALE_HIGH_INCOME,24,26.62373569945941,107,11.055695379864158
97,WFAgent10,OLD_LOW_INCOME,75,74.7605460793051,92,74.04849795268211
97,SIAgent9,OLD_LOW_INCOME,75,55.665166043098665,468,0.0
97,SIAgent7,YOUNG_HIGH_INCOME,14,14.169172553518692,14,14.082056121840514
97,SIAgent8,FEMALE_YOUNG_LOW_INCOME,35,33.65747386763855,37,32.91100747257294
97,SIAgent5,FEMALE_OLD,50,53.121397517432754,53,52.54099716441864
97,SIAgent6,FEMALE_YOUNG_HIGH_INCOME,5,5.503939514720356,5,5.060418769113818
97,SIAgent3,FEMALE_YOUNG_HIGH_INCOME,5,4.371675985130226,23,0.0
97,SIAgent4,MALE_YOUNG_HIGH_INCOME,10,10.058611515600365,10,10.050632163512871
97,SIAgent1,FEMALE_OLD,50,49.566978456998754,57,49.14301563584179
97,SIAgent2,FEMALE_YOUNG_HIGH_INCOME,5,4.926846428308654,5,4.826281278233523
97,SIAgent0,FEMALE_OLD,50,43.1079084524928,50,43.1079084524928
97,WFAgent0,FEMALE_HIGH_INCOME,12,10.943325514510212,0,0.0
97,WFAgent1,FEMALE_HIGH_INCOME,12,12.607070293520863,12,12.004628177805118
97,WFAgent2,FEMALE_YOUNG,40,40.92411001277775,41,40.83188158961537
97,WFAgent3,FEMALE_OLD,50,47.658204193271764,59,47.62852118511087
97,WFAgent4,YOUNG_HIGH_INCOME,14,13.513587579053866,62,8.342718544573234
97,WFAgent5,FEMALE_LOW_INCOME,78,78.57454502717152,81,78.26362392034082
98,WFAgent6,FEMALE_OLD_HIGH_INCOME,8,8.990249595054093,9,8.629549045713564
98,WFAgent7,YOUNG_HIGH_INCOME,14,12.97289916538313,16,12.933107317976162
98,WFAgent8,FEMALE_YOUNG_HIGH_INCOME,5,4.451456203878447,0,0.0
98,WFAgent9,FEMALE_OLD_HIGH_INCOME,8,7.149941045163606,0,0.0
98,SIAgent10,FEMALE_YOUNG,40,44.96823167027213,41,44.71290115283173
98,SIAgent11,MALE_LOW_INCOME,65,63.69327315613789,66,63.69286346153527
98,SIAgent12,FEMALE_HIGH_INCOME,12,8.847923870031487,58,0.0
98,SIAgent13,FEMALE_HIGH_INCOME,12,11.32216003479669,12,11.308596616098454
98,SIAgent14,OLD_LOW_INCOME,75,81.24963655913825,83,80.54887483454456
98,SIAgent15,OLD_LOW_INCOME,75,81.2788780939424,75,81.24963655913825
98,SIAgent16,MALE_LOW_INCOME,65,68.2894842124843,68,67.8803071080138
98,SIAgent17,MALE_YOUNG,42,37.81624131147755,42,37.05607087094012
98,SIAgent18,MALE_YOUNG,42,32.08540821293583,113,0.0
98,WFAgent14,OLD_HIGH_INCOME,22,20.74509876744487,122,0.0
98,WFAgent13,MALE_OLD_LOW_INCOME,32,32.70534170981826,33,32.336584833116184
98,WFAgent12,MALE_OLD_LOW_INCOME,32,30.804590399600663,33,30.433637494586605
98,WFAgent11,MALE_OLD,46,38.24760330160587,0,0.0
98,WFAgent10,MALE_YOUNG_LOW_INCOME,33,32.94191374359496,34,32.04432434797689
98,SIAgent9,OLD_LOW_INCOME,75,69.16735794224232,354,68.78661601527605
98,SIAgent7,FEMALE_YOUNG,40,46.15938996976901,41,46.09243746202891
98,SIAgent8,FEMALE_YOUNG_LOW_INCOME,35,38.750221712122524,287,0.0
98,SIAgent5,MALE_YOUNG,42,37.05607087094011,48,36.669037957640946
98,SIAgent6,MALE_HIGH_INCOME,24,23.425134556871658,26,23.208564560104325
98,SIAgent3,FEMALE_YOUNG_HIGH_INCOME,5,4.968899533924331,5,4.717566681165287
98,SIAgent4,FEMALE_YOUNG_LOW_INCOME,35,42.23977754543758,36,41.54345097279207
98,SIAgent1,FEMALE_YOUNG_HIGH_INCOME,5,4.595361206777764,6,4.423961935015743
98,SIAgent2,FEMALE_YOUNG_HIGH_INCOME,5,4.649749587674109,5,4.595361206777764
98,SIAgent0,OLD_HIGH_INCOME,22,23.791731828680263,24,23.635924722163892
98,WFAgent0,MALE_OLD_LOW_INCOME,32,27.758992037416448,88,0.0
98,WFAgent1,FEMALE_OLD_HIGH_INCOME,8,7.3688389778497925,0,0.0
98,WFAgent2,OLD_HIGH_INCOME,22,23.682516915706994,30,23.563114104525074
98,WFAgent3,MALE_YOUNG,42,46.960522549529,51,46.676327345615086
98,WFAgent4,MALE_LOW_INCOME,65,66.8147523219544,68,66.63296268642115
98,WFAgent5,FEMALE_HIGH_INCOME,12,14.87010950108239,13,14.058750626038334
99,WFAgent6,FEMALE_LOW_INCOME,78,83.32708409286884,80,82.52779216780034
99,WFAgent7,FEMALE_LOW_INCOME,78,77.61970164928233,84,77.01466390760586
99,WFAgent8,FEMALE_YOUNG_LOW_INCOME,35,31.057321975373995,0,0.0
99,WFAgent9,MALE_YOUNG_LOW_INCOME,33,36.44697342725399,37,35.95613543534772
99,SIAgent10,OLD_LOW_INCOME,75,70.16579128275292,77,69.97503244157926
99,SIAgent11,OLD_LOW_INCOME,75,77.17196132618132,82,76.71459846914311
99,SIAgent12,YOUNG_LOW_INCOME,68,66.08154620550393,67,65.1097587613054
99,SIAgent13,FEMALE_YOUNG_HIGH_INCOME,5,5.135906419936947,5,4.730209785750084
99,SIAgent14,FEMALE_YOUNG_LOW_INCOME,35,34.57259296965188,36,34.148689398613904
99,SIAgent15,MALE_YOUNG_HIGH_INCOME,10,10.13062563501607,11,10.03677718881957
99,SIAgent16,MALE_YOUNG_LOW_INCOME,33,28.960694017159128,13,0.0
99,SIAgent17,FEMALE_OLD_HIGH_INCOME,8,8.467082746951702,8,8.467082746951702
99,SIAgent18,YOUNG_LOW_INCOME,68,64.50307997515957,69,64.42749993540576
99,WFAgent14,FEMALE_LOW_INCOME,78,81.64989950008565,82,81.17304468918633
99,WFAgent13,FEMALE_OLD,50,56.86572822931546,56,55.997172143620425
99,WFAgent12,FEMALE_HIGH_INCOME,12,12.155016425625142,16,7.739881172498051
99,WFAgent11,MALE_OLD_HIGH_INCOME,15,17.859849126779835,19,17.336251507961077
99,WFAgent10,FEMALE_OLD_LOW_INCOME,43,45.66565507437993,44,45.27421731135974
99,SIAgent9,FEMALE_OLD_HIGH_INCOME,8,7.73988117249805,7,6.7723960259357945
99,SIAgent7,FEMALE_LOW_INCOME,78,85.61706753517535,81,85.16666870947708
99,SIAgent8,MALE_OLD_LOW_INCOME,32,33.350076860281774,32,32.92670349917069
99,SIAgent5,YOUNG_HIGH_INCOME,14,15.803214082557794,15,15.427415337314866
99,SIAgent6,FEMALE_YOUNG_HIGH_INCOME,5,4.730209785750084,35,0.0
99,SIAgent3,FEMALE_YOUNG,40,42.34222890761231,40,42.31085446890939
99,SIAgent4,FEMALE_YOUNG_LOW_INCOME,35,34.64703126977469,35,34.57259296965188
99,SIAgent1,MALE_HIGH_INCOME,24,21.898422957424515,205,16.42381721806839
99,SIAgent2,MALE_LOW_INCOME,65,57.958862454278226,291,57.92138803431828
99,SIAgent0,FEMALE_LOW_INCOME,78,70.66035233655286,315,0.0
99,WFAgent0,FEMALE_OLD_HIGH_INCOME,8,7.515894190067797,0,0.0
99,WFAgent1,MALE_YOUNG_HIGH_INCOME,10,8.515416981153962,0,0.0
99,WFAgent2,MALE_OLD_HIGH_INCOME,15,16.59396681415806,18,16.42381721806839
99,WFAgent3,YOUNG_LOW_INCOME,68,74.69529905146682,77,74.52586760043125
99,WFAgent4,FEMALE_HIGH_INCOME,12,15.707547527487627,14,15.451987666524406
99,WFAgent5,MALE_YOUNG_LOW_INCOME,33,31.75096701343199,33,31.302965282062743

