0,WEAgent1,FEMALE_YOUNG_HIGH_INCOME,32,29.999652494873185,83,29.879999999999974
0,WEAgent2,FEMALE_OLD_LOW_INCOME,301,309.474438027852,859,309.24000000000666
0,WEAgent0,OLD_LOW_INCOME,525,647.0307424407463,1797,646.9200000000194
0,WEAgent3,MALE_YOUNG_HIGH_INCOME,65,65.5939056686538,182,65.51999999999992
0,WFAgent0,MALE_OLD,326,335.1932817019044,818,294.4800000000061
0,WFAgent1,FEMALE_HIGH_INCOME,83,87.16574537417335,242,87.11999999999989
0,WFAgent2,FEMALE_OLD_LOW_INCOME,301,296.92405860604833,824,296.6400000000062
0,WFAgent3,MALE_LOW_INCOME,454,457.36574608170804,1270,457.20000000001227
1,WEAgent1,FEMALE_OLD_HIGH_INCOME,51,46.75550008330914,129,46.43999999999995
1,WEAgent2,MALE_OLD_LOW_INCOME,225,249.54348626665052,275,249.14441648113987
1,WEAgent0,YOUNG_LOW_INCOME,477,439.4300766270602,477,439.4300766270579
1,WEAgent3,OLD_LOW_INCOME,525,475.63934055490466,925,475.5007007330182
1,WFAgent0,MALE_OLD,326,315.40393629161156,821,295.56000000000614
1,WFAgent1,FEMALE_HIGH_INCOME,83,82.91765510729734,230,82.7999999999999
1,WFAgent2,MALE_YOUNG_LOW_INCOME,230,243.4175499996691,676,243.3600000000042
1,WFAgent3,MALE_OLD,326,317.20428487263354,350,317.09289370326854
2,WEAgent1,YOUNG_LOW_INCOME,477,556.942421898785,832,556.7671698125582
2,WEAgent2,MALE_YOUNG_LOW_INCOME,230,170.84590633465646,230,170.84590633465612
2,WEAgent0,FEMALE_HIGH_INCOME,83,82.45141179236147,229,82.4399999999999
2,WEAgent3,YOUNG_LOW_INCOME,477,491.59161782669986,661,490.9962786400292
2,WFAgent0,FEMALE_YOUNG,280,248.1069996670021,689,248.04000000000437
2,WFAgent1,YOUNG_HIGH_INCOME,97,100.93968589857316,280,100.79999999999987
2,WFAgent2,MALE_OLD,326,316.8708500763577,880,316.80000000000695
2,WFAgent3,MALE_YOUNG_HIGH_INCOME,65,74.42056598292162,206,74.15999999999991
3,WEAgent1,YOUNG_LOW_INCOME,477,461.9322483484073,896,461.8862156641287
3,WEAgent2,FEMALE_OLD,351,395.2801754227905,236,84.9599999999999
3,WEAgent0,MALE_OLD,326,350.8039811129561,799,287.64000000000584
3,WEAgent3,MALE_YOUNG_LOW_INCOME,230,234.35650001219602,242,234.35556415160238
3,WFAgent0,OLD_HIGH_INCOME,152,159.1747620260321,164,158.81947322670578
3,WFAgent1,OLD_LOW_INCOME,525,514.4202638198209,1428,514.0800000000144
3,WFAgent2,OLD_HIGH_INCOME,152,149.31402356200115,0,0.0
3,WFAgent3,MALE_LOW_INCOME,454,442.71002616830873,1229,442.4400000000117
4,WEAgent1,MALE_YOUNG_HIGH_INCOME,65,54.108438873303236,150,53.999999999999936
4,WEAgent2,FEMALE_OLD,351,285.7639631781981,454,163.44000000000116
4,WEAgent0,FEMALE_YOUNG_LOW_INCOME,248,223.82029732681892,247,222.9177961279219
4,WEAgent3,FEMALE_YOUNG_LOW_INCOME,248,246.9648946685725,322,246.66278893453213
4,WFAgent0,OLD_LOW_INCOME,525,433.8063856683379,237,85.3199999999999
4,WFAgent1,MALE_HIGH_INCOME,166,150.63260897745857,0,0.0
4,WFAgent2,MALE_OLD,326,371.8116793808442,814,293.04000000000605
4,WFAgent3,OLD_LOW_INCOME,525,556.8584065028605,1546,556.560000000016
5,WEAgent1,FEMALE_OLD,351,415.45676789322613,327,152.71056063369775
5,WEAgent2,MALE_OLD,326,295.5931682278934,625,295.5278487773017
5,WEAgent0,OLD_HIGH_INCOME,152,167.80796747639639,185,167.74458933178022
5,WEAgent3,FEMALE_YOUNG_HIGH_INCOME,32,31.425052304096454,0,0.0
5,WFAgent0,FEMALE_OLD_LOW_INCOME,301,294.4604504555831,817,294.1200000000061
5,WFAgent1,MALE_LOW_INCOME,454,449.25629869723747,1247,448.92000000001195
5,WFAgent2,YOUNG_LOW_INCOME,477,453.8239858711312,1260,453.60000000001213
5,WFAgent3,FEMALE_YOUNG,280,270.76715361629,752,270.7200000000052
6,WEAgent1,FEMALE_OLD_LOW_INCOME,301,262.9213597420227,300,262.047866852515
6,WEAgent2,FEMALE_OLD_HIGH_INCOME,51,45.303803765843384,35,12.6
6,WEAgent0,MALE_OLD,326,294.427851272991,817,294.1200000000061
6,WEAgent3,MALE_LOW_INCOME,454,418.5751917927397,1162,418.3200000000108
6,WFAgent0,OLD_LOW_INCOME,525,490.38157728460925,901,490.21820331121575
6,WFAgent1,YOUNG_LOW_INCOME,477,497.76325073337716,1227,441.7200000000117
6,WFAgent2,FEMALE_OLD,351,333.65117650492795,381,332.80079090269413
6,WFAgent3,FEMALE_YOUNG_LOW_INCOME,248,261.8080049843978,727,261.72000000000486
7,WEAgent1,FEMALE_OLD_LOW_INCOME,301,317.50479384378343,881,317.16000000000696
7,WEAgent2,FEMALE_OLD_HIGH_INCOME,51,47.492985510718974,131,47.15999999999995
7,WEAgent0,MALE_LOW_INCOME,454,410.8524880739063,1141,410.7600000000105
7,WEAgent3,MALE_OLD_HIGH_INCOME,101,102.29041358931819,284,102.23999999999987
7,WFAgent0,YOUNG_LOW_INCOME,477,481.8118842797573,1338,481.6800000000132
7,WFAgent1,FEMALE_YOUNG_HIGH_INCOME,32,31.79554337450936,88,31.67999999999997
7,WFAgent2,MALE_OLD,326,293.18268953170093,814,293.04000000000605
7,WFAgent3,FEMALE_LOW_INCOME,548,448.2910457339208,651,234.36000000000385
8,WEAgent1,MALE_OLD_HIGH_INCOME,101,66.68877660554708,0,0.0
8,WEAgent2,MALE_HIGH_INCOME,166,165.46852199750953,215,164.94783754066555
8,WEAgent0,MALE_HIGH_INCOME,166,169.38838365310585,256,169.12065718691184
8,WEAgent3,MALE_YOUNG_HIGH_INCOME,65,61.14727924870629,169,60.839999999999925
8,WFAgent0,MALE_YOUNG_LOW_INCOME,230,251.1649630733626,697,250.92000000000448
8,WFAgent1,FEMALE_OLD_HIGH_INCOME,51,52.91085651796697,146,52.55999999999994
8,WFAgent2,MALE_OLD_HIGH_INCOME,101,98.59399471391731,128,98.20150328002454
8,WFAgent3,MALE_OLD,326,250.10695366631228,694,249.84000000000444
9,WEAgent1,MALE_LOW_INCOME,454,518.589527891932,518,518.0470180320851
9,WEAgent2,FEMALE_YOUNG_LOW_INCOME,248,257.7738688317131,716,257.7600000000047
9,WEAgent0,FEMALE_HIGH_INCOME,83,79.94188955207534,222,79.9199999999999
9,WEAgent3,MALE_OLD,326,326.02959049895554,843,303.48000000000644
9,WFAgent0,YOUNG_HIGH_INCOME,97,86.81607428623244,11,3.9600000000000026
9,WFAgent1,MALE_YOUNG_HIGH_INCOME,65,64.13299231153397,178,64.07999999999993
9,WFAgent2,MALE_HIGH_INCOME,166,141.11656376169344,302,108.71999999999986
9,WFAgent3,MALE_OLD_LOW_INCOME,225,236.34943712521567,656,236.16000000000392
10,WEAgent1,MALE_HIGH_INCOME,166,152.60090549041124,165,151.68162292721635
10,WEAgent2,FEMALE_OLD_LOW_INCOME,301,308.8263361498811,857,308.52000000000663
10,WEAgent0,MALE_OLD,326,347.2197214031962,679,329.45094960568525
10,WEAgent3,FEMALE_YOUNG_HIGH_INCOME,32,35.046737968294096,0,0.0
10,WFAgent0,MALE_YOUNG_LOW_INCOME,230,216.69529964923584,601,216.36000000000317
10,WFAgent1,FEMALE_HIGH_INCOME,83,80.95362115260502,224,80.6399999999999
10,WFAgent2,OLD_LOW_INCOME,525,483.9625912905427,1344,483.8400000000133
10,WFAgent3,FEMALE_YOUNG,280,301.3266078112079,837,301.32000000000636
11,WEAgent1,MALE_YOUNG,295,308.09310645525767,318,307.3005801953863
11,WEAgent2,MALE_HIGH_INCOME,166,158.534232808217,440,158.40000000000097
11,WEAgent0,MALE_YOUNG,295,285.07443760263806,359,285.07298462331767
11,WEAgent3,MALE_YOUNG,295,316.1351133053563,460,213.5019680359639
11,WFAgent0,FEMALE_OLD_LOW_INCOME,301,291.40204062417047,809,291.240000000006
11,WFAgent1,MALE_LOW_INCOME,454,545.9585971155714,1516,545.7600000000156
11,WFAgent2,FEMALE_LOW_INCOME,548,550.8490777073359,1530,550.8000000000158
11,WFAgent3,OLD_LOW_INCOME,525,442.65531981856253,308,110.87999999999985
12,WEAgent1,FEMALE_YOUNG,280,308.99016604163955,858,308.88000000000665
12,WEAgent2,MALE_YOUNG_HIGH_INCOME,65,65.61841592545778,182,65.51999999999992
12,WEAgent0,MALE_LOW_INCOME,454,477.0008039465279,553,476.5346394663556
12,WEAgent3,MALE_LOW_INCOME,454,534.0474096336495,722,533.86255542248
12,WFAgent0,MALE_LOW_INCOME,454,449.11489839037887,1247,448.92000000001195
12,WFAgent1,MALE_LOW_INCOME,454,391.2237365600789,572,205.92000000000277
12,WFAgent2,FEMALE_OLD_LOW_INCOME,301,310.4671625728464,862,310.3200000000067
12,WFAgent3,FEMALE_OLD,351,335.1605227124183,408,146.88000000000054
13,WEAgent1,FEMALE_YOUNG_HIGH_INCOME,32,30.114621747283536,32,30.114621747283536
13,WEAgent2,FEMALE_LOW_INCOME,548,571.7011444957323,1588,571.6800000000165
13,WEAgent0,FEMALE_OLD_HIGH_INCOME,51,52.65287791386886,146,52.55999999999994
13,WEAgent3,FEMALE_HIGH_INCOME,83,84.95799524196889,130,70.04327718410437
13,WFAgent0,MALE_OLD,326,346.0704163679012,961,345.96000000000805
13,WFAgent1,MALE_YOUNG_HIGH_INCOME,65,67.32278550470934,187,67.31999999999992
13,WFAgent2,FEMALE_HIGH_INCOME,83,88.6210701230754,94,88.4617013826452
13,WFAgent3,FEMALE_OLD_LOW_INCOME,301,304.66492110882496,846,304.5600000000065
14,WEAgent1,YOUNG_HIGH_INCOME,97,73.09650764544254,96,72.34293540167516
14,WEAgent2,FEMALE_OLD,351,321.25606471469763,446,160.56000000000105
14,WEAgent0,MALE_OLD,326,318.7712576682574,758,272.8800000000053
14,WEAgent3,MALE_YOUNG,295,300.4990418111516,399,181.81650764544457
14,WFAgent0,OLD_LOW_INCOME,525,517.1725746958135,1436,516.9600000000145
14,WFAgent1,OLD_HIGH_INCOME,152,140.88197406691455,0,0.0
14,WFAgent2,FEMALE_OLD,351,294.2137930893529,817,294.1200000000061
14,WFAgent3,MALE_LOW_INCOME,454,433.3638141157311,1203,433.08000000001135
15,WEAgent1,FEMALE_OLD_LOW_INCOME,301,262.51656440453473,301,262.51656440453456
15,WEAgent2,FEMALE_YOUNG_HIGH_INCOME,32,28.59393223052164,79,28.439999999999976
15,WEAgent0,MALE_LOW_INCOME,454,403.5176590589914,785,403.16763494593323
15,WEAgent3,MALE_OLD,326,308.6586914940732,766,275.7600000000054
15,WFAgent0,FEMALE_OLD_LOW_INCOME,301,311.6449346326132,865,311.40000000000674
15,WFAgent1,MALE_YOUNG_LOW_INCOME,230,251.315530576155,282,250.64312743311893
15,WFAgent2,MALE_OLD_LOW_INCOME,225,208.32216441292894,234,207.98046744450266
15,WFAgent3,MALE_LOW_INCOME,454,446.0393929062784,1238,445.68000000001183
16,WEAgent1,MALE_YOUNG_LOW_INCOME,230,248.97973761942143,691,248.7600000000044
16,WEAgent2,OLD_LOW_INCOME,525,538.3494676274499,1495,538.2000000000153
16,WEAgent0,OLD_HIGH_INCOME,152,111.5682254487051,276,111.32804746288521
16,WEAgent3,FEMALE_OLD,351,374.9168643460864,343,141.43207119432833
16,WFAgent0,FEMALE_LOW_INCOME,548,559.0266107133875,1552,558.7200000000161
16,WFAgent1,FEMALE_OLD_LOW_INCOME,301,264.4724184111371,734,264.24000000000495
16,WFAgent2,FEMALE_OLD_HIGH_INCOME,51,47.33341091880844,64,46.97609492577063
16,WFAgent3,FEMALE_YOUNG,280,282.81584161665336,785,282.60000000000565
17,WEAgent1,OLD_HIGH_INCOME,152,148.35508791500155,253,147.8305284564485
17,WEAgent2,FEMALE_LOW_INCOME,548,603.6127223799895,1676,603.3600000000177
17,WEAgent0,MALE_OLD_LOW_INCOME,225,207.95521627223098,577,207.72000000000284
17,WEAgent3,MALE_HIGH_INCOME,166,168.59529584549816,327,168.32255454033444
17,WFAgent0,YOUNG_LOW_INCOME,477,453.8449286066888,1260,453.60000000001213
17,WFAgent1,MALE_OLD,326,271.53226897335094,754,271.4400000000052
17,WFAgent2,FEMALE_LOW_INCOME,548,501.4331728728507,260,93.59999999999988
17,WFAgent3,MALE_HIGH_INCOME,166,162.7316738754682,452,162.72000000000114
18,WEAgent1,FEMALE_YOUNG_LOW_INCOME,248,280.36592059614253,778,280.08000000000555
18,WEAgent2,MALE_YOUNG_HIGH_INCOME,65,63.631623683041155,96,63.39485914990463
18,WEAgent0,MALE_YOUNG_HIGH_INCOME,65,54.12566958596392,64,53.292966976949145
18,WEAgent3,FEMALE_OLD_LOW_INCOME,301,323.33185118102756,300,322.2576589844139
18,WFAgent0,FEMALE_OLD_HIGH_INCOME,51,50.04687687143657,139,50.03999999999994
18,WFAgent1,FEMALE_OLD_HIGH_INCOME,51,51.083897018839565,141,50.75999999999994
18,WFAgent2,YOUNG_LOW_INCOME,477,494.6666893023037,1277,459.72000000001236
18,WFAgent3,FEMALE_LOW_INCOME,548,647.634201721373,1191,647.3028121641142
19,WEAgent1,MALE_LOW_INCOME,454,435.74059056934516,454,435.7405905693432
19,WEAgent2,FEMALE_OLD_HIGH_INCOME,51,59.161388112408495,164,59.03999999999993
19,WEAgent0,FEMALE_YOUNG_HIGH_INCOME,32,37.7720348416797,104,37.43999999999996
19,WEAgent3,MALE_YOUNG_LOW_INCOME,230,223.60625152899425,472,223.300512248179
19,WFAgent0,MALE_LOW_INCOME,454,445.576869973362,544,445.34891118248413
19,WFAgent1,OLD_LOW_INCOME,525,604.6278205637115,1679,604.4400000000178
19,WFAgent2,FEMALE_LOW_INCOME,548,479.05702545504306,1330,478.8000000000131
19,WFAgent3,MALE_LOW_INCOME,454,494.40743540200543,515,494.28723379561984
20,WEAgent1,OLD_LOW_INCOME,525,559.536672364616,650,559.5205105078319
20,WEAgent2,MALE_OLD,326,309.2581671348128,509,308.6213177905395
20,WEAgent0,MALE_YOUNG_LOW_INCOME,230,257.4026112404323,715,257.4000000000047
20,WEAgent3,MALE_LOW_INCOME,454,500.0112371014184,527,499.93574871180283
20,WFAgent0,YOUNG_HIGH_INCOME,97,85.8700355274379,238,85.6799999999999
20,WFAgent1,OLD_LOW_INCOME,525,512.2299743245205,1422,511.92000000001434
20,WFAgent2,MALE_OLD_LOW_INCOME,225,186.5837981728166,360,129.59999999999988
20,WFAgent3,FEMALE_YOUNG_LOW_INCOME,248,218.32971899613563,606,218.16000000000324
21,WEAgent1,MALE_YOUNG_HIGH_INCOME,65,61.212578309204545,64,60.27084633521687
21,WEAgent2,OLD_LOW_INCOME,525,511.1264021460804,526,510.9906961754205
21,WEAgent0,MALE_YOUNG_HIGH_INCOME,65,74.77171941357535,97,74.47777423116791
21,WEAgent3,MALE_LOW_INCOME,454,489.2141816180513,541,488.8747620919727
21,WFAgent0,FEMALE_HIGH_INCOME,83,79.5745544732258,221,79.5599999999999
21,WFAgent1,YOUNG_LOW_INCOME,477,463.38890128455205,1287,463.3200000000125
21,WFAgent2,MALE_OLD_LOW_INCOME,225,235.04124666015784,241,234.12311364691243
21,WFAgent3,MALE_OLD,326,333.395274082905,819,294.8400000000061
22,WEAgent1,MALE_YOUNG_LOW_INCOME,230,235.6097173807626,654,235.4400000000039
22,WEAgent2,MALE_HIGH_INCOME,166,148.5265917171636,412,148.3200000000006
22,WEAgent0,MALE_YOUNG,295,369.095417147533,405,362.36909424970855
22,WEAgent3,YOUNG_HIGH_INCOME,97,114.37803327865859,163,114.29280444930721
22,WFAgent0,FEMALE_OLD,351,353.4526955140334,981,353.1600000000083
22,WFAgent1,FEMALE_YOUNG_HIGH_INCOME,32,32.69822597332385,36,32.21058615552945
22,WFAgent2,FEMALE_HIGH_INCOME,83,77.24054702128382,214,77.0399999999999
22,WFAgent3,MALE_HIGH_INCOME,166,153.91997942855863,0,0.0
23,WEAgent1,FEMALE_OLD_LOW_INCOME,301,351.51080475597564,301,351.51080475597297
23,WEAgent2,FEMALE_OLD_LOW_INCOME,301,351.87766335224455,346,351.5546051044143
23,WEAgent0,FEMALE_LOW_INCOME,548,516.3279455613756,1093,516.1201763178192
23,WEAgent3,FEMALE_YOUNG_LOW_INCOME,248,238.16210292365653,263,237.3984352724927
23,WFAgent0,FEMALE_YOUNG_LOW_INCOME,248,223.8586005611332,621,223.56000000000344
23,WFAgent1,MALE_YOUNG_HIGH_INCOME,65,71.37938602800854,198,71.27999999999992
23,WFAgent2,MALE_OLD_LOW_INCOME,225,246.34297365971767,684,246.2400000000043
23,WFAgent3,MALE_YOUNG_LOW_INCOME,230,238.44120110362158,662,238.320000000004
24,WEAgent1,FEMALE_OLD_LOW_INCOME,301,335.1725907368947,931,335.16000000000764
24,WEAgent2,MALE_OLD,326,304.8144201876936,815,293.40000000000606
24,WEAgent0,FEMALE_OLD_HIGH_INCOME,51,45.88139289959418,127,45.71999999999995
24,WEAgent3,FEMALE_YOUNG_HIGH_INCOME,32,36.04372738121723,0,0.0
24,WFAgent0,MALE_YOUNG_HIGH_INCOME,65,68.64811442694092,190,68.39999999999992
24,WFAgent1,MALE_OLD_LOW_INCOME,225,206.43181891012316,573,206.2800000000028
24,WFAgent2,FEMALE_LOW_INCOME,548,461.00030426264914,1235,444.6000000000118
24,WFAgent3,FEMALE_YOUNG,280,289.492458527545,804,289.4400000000059
25,WEAgent1,MALE_YOUNG,295,342.4064060551513,431,187.30268521749133
25,WEAgent2,FEMALE_OLD_LOW_INCOME,301,228.76558876605395,635,228.60000000000363
25,WEAgent0,MALE_YOUNG_HIGH_INCOME,65,65.28769270136368,68,64.95597397757898
25,WEAgent3,FEMALE_OLD,351,377.90593496372617,416,149.76000000000064
25,WFAgent0,YOUNG_HIGH_INCOME,97,92.65778640919355,0,0.0
25,WFAgent1,MALE_OLD_HIGH_INCOME,101,106.71170955790367,296,106.55999999999986
25,WFAgent2,MALE_LOW_INCOME,454,414.00280220099404,1150,414.00000000001063
25,WFAgent3,FEMALE_LOW_INCOME,548,501.63800617584343,1393,501.48000000001394
26,WEAgent1,FEMALE_OLD,351,374.415465311642,1040,374.40000000000913
26,WEAgent2,OLD_HIGH_INCOME,152,148.3661540635692,412,148.3200000000006
26,WEAgent0,YOUNG_LOW_INCOME,477,475.6820877558099,1321,475.56000000001296
26,WEAgent3,FEMALE_OLD_HIGH_INCOME,51,50.579965214506736,0,0.0
26,WFAgent0,MALE_OLD_HIGH_INCOME,101,89.61409838603738,248,89.27999999999989
26,WFAgent1,FEMALE_YOUNG_LOW_INCOME,248,253.50044124114117,704,253.44000000000457
26,WFAgent2,FEMALE_OLD,351,382.4240389589391,411,276.5813523838172
26,WFAgent3,MALE_LOW_INCOME,454,518.1636933512057,1439,518.0400000000145
27,WEAgent1,MALE_YOUNG_HIGH_INCOME,65,68.90612497053654,76,68.61025320809954
27,WEAgent2,FEMALE_YOUNG_LOW_INCOME,248,232.16108092550488,248,232.1610809255041
27,WEAgent0,MALE_YOUNG,295,266.3161144261754,441,195.66812129145993
27,WEAgent3,FEMALE_YOUNG_LOW_INCOME,248,251.85907839739042,317,251.81588040804738
27,WFAgent0,MALE_LOW_INCOME,454,408.00156616222586,1133,407.8800000000104
27,WFAgent1,OLD_HIGH_INCOME,152,134.83252896834662,374,134.64000000000007
27,WFAgent2,MALE_OLD,326,337.6167724263661,802,288.7200000000059
27,WFAgent3,FEMALE_OLD,351,401.8270527076747,1116,401.76000000001017
28,WEAgent1,MALE_LOW_INCOME,454,472.2582474197379,890,471.9567339889465
28,WEAgent2,MALE_OLD_LOW_INCOME,225,237.8966902769341,262,237.66969063213645
28,WEAgent0,FEMALE_YOUNG_LOW_INCOME,248,224.9697834991221,248,224.96978349912155
28,WEAgent3,MALE_YOUNG,295,286.6182057647135,506,182.16000000000187
28,WFAgent0,FEMALE_YOUNG_HIGH_INCOME,32,31.992318741284016,88,31.67999999999997
28,WFAgent1,FEMALE_HIGH_INCOME,83,88.80172337176339,246,88.55999999999989
28,WFAgent2,YOUNG_LOW_INCOME,477,511.89433009658035,1081,511.71851412825055
28,WFAgent3,OLD_LOW_INCOME,525,589.585369313641,1637,589.3200000000172
29,WEAgent1,YOUNG_LOW_INCOME,477,453.1935017331436,883,452.98259017653396
29,WEAgent2,MALE_LOW_INCOME,454,485.0723964662768,1347,484.9200000000133
29,WEAgent0,OLD_HIGH_INCOME,152,132.2013845197577,367,132.11999999999998
29,WEAgent3,MALE_YOUNG_LOW_INCOME,230,210.15080221557577,229,209.23710307550922
29,WFAgent0,MALE_OLD_HIGH_INCOME,101,100.29847215433487,278,100.07999999999987
29,WFAgent1,YOUNG_HIGH_INCOME,97,102.25276028153203,284,102.23999999999987
29,WFAgent2,FEMALE_OLD_LOW_INCOME,301,310.8581229839073,863,310.6800000000067
29,WFAgent3,FEMALE_YOUNG,280,334.43853675238034,928,334.0800000000076
30,WEAgent1,MALE_OLD_LOW_INCOME,225,183.31754995296356,225,183.3175499529632
30,WEAgent2,MALE_OLD_HIGH_INCOME,101,92.87646616557203,105,92.63775924976298
30,WEAgent0,FEMALE_OLD,351,334.77530771030496,383,137.8800000000002
30,WEAgent3,MALE_LOW_INCOME,454,452.31622878520164,994,451.9721459567369
30,WFAgent0,MALE_OLD_HIGH_INCOME,101,101.46081574259438,110,101.15258691299927
30,WFAgent1,FEMALE_YOUNG_HIGH_INCOME,32,31.69376954434741,88,31.67999999999997
30,WFAgent2,MALE_YOUNG_LOW_INCOME,230,251.7484448025863,699,251.6400000000045
30,WFAgent3,FEMALE_OLD_LOW_INCOME,301,336.0010082453254,933,335.88000000000767
31,WEAgent1,FEMALE_YOUNG,280,298.3509822791363,374,297.6726769649268
31,WEAgent2,MALE_YOUNG_LOW_INCOME,230,237.49951697380834,281,236.69900067202363
31,WEAgent0,YOUNG_LOW_INCOME,477,401.79865950375597,763,401.536787105851
31,WEAgent3,MALE_YOUNG_HIGH_INCOME,65,63.34462264222232,175,62.99999999999992
31,WFAgent0,MALE_OLD,326,373.2488871646839,835,300.60000000000633
31,WFAgent1,OLD_LOW_INCOME,525,519.4352199560692,1442,519.1200000000146
31,WFAgent2,OLD_HIGH_INCOME,152,145.04288594950867,402,144.72000000000045
31,WFAgent3,YOUNG_LOW_INCOME,477,483.66128272157215,1343,483.48000000001326
32,WEAgent1,MALE_LOW_INCOME,454,396.92046706717343,462,396.87191040377485
32,WEAgent2,MALE_LOW_INCOME,454,479.8963651256087,671,479.5973620402637
32,WEAgent0,MALE_HIGH_INCOME,166,156.68591331291148,435,156.6000000000009
32,WEAgent3,FEMALE_YOUNG,280,293.1545175819782,814,293.04000000000605
32,WFAgent0,MALE_YOUNG,295,276.5691980767754,541,194.76000000000235
32,WFAgent1,MALE_OLD,326,322.15753448421066,375,322.13629091215483
32,WFAgent2,MALE_YOUNG,295,288.602084849851,801,288.36000000000587
32,WFAgent3,YOUNG_LOW_INCOME,477,409.7573620402597,1138,409.68000000001047
33,WEAgent1,MALE_OLD_HIGH_INCOME,101,103.3422925447434,108,102.53300773330866
33,WEAgent2,MALE_YOUNG_HIGH_INCOME,65,64.39688052387119,178,64.07999999999993
33,WEAgent0,MALE_OLD,326,322.6877734775541,648,300.4692859407212
33,WEAgent3,FEMALE_OLD,351,370.23706771662523,373,163.46187135070852
33,WFAgent0,MALE_LOW_INCOME,454,459.09258700794265,1275,459.00000000001234
33,WFAgent1,MALE_OLD_LOW_INCOME,225,213.61043277772697,593,213.48000000000306
33,WFAgent2,FEMALE_YOUNG_HIGH_INCOME,32,32.71959829125376,90,32.39999999999997
33,WFAgent3,FEMALE_OLD_HIGH_INCOME,51,54.86240973122581,52,54.849935958018605
34,WEAgent1,YOUNG_HIGH_INCOME,97,99.29337961680748,263,94.67999999999988
34,WEAgent2,OLD_HIGH_INCOME,152,150.19170487581312,301,148.6917688006026
34,WEAgent0,FEMALE_OLD_HIGH_INCOME,51,50.00492628970303,50,49.02443753892455
34,WEAgent3,MALE_LOW_INCOME,454,409.28232773250784,1136,408.96000000001044
34,WFAgent0,OLD_LOW_INCOME,525,492.3837853973014,1367,492.1200000000136
34,WFAgent1,FEMALE_OLD_HIGH_INCOME,51,54.077814299528434,55,53.92688129281701
34,WFAgent2,YOUNG_HIGH_INCOME,97,93.56626799181375,259,93.23999999999988
34,WFAgent3,YOUNG_LOW_INCOME,477,474.7507309633269,1318,474.4800000000129
35,WEAgent1,MALE_HIGH_INCOME,166,153.98738983889237,427,153.7200000000008
35,WEAgent2,MALE_OLD_LOW_INCOME,225,243.7045157978234,676,243.3600000000042
35,WEAgent0,MALE_OLD_HIGH_INCOME,101,101.87141600724563,282,101.51999999999987
35,WEAgent3,FEMALE_YOUNG,280,297.50693436407397,826,297.3600000000062
35,WFAgent0,FEMALE_HIGH_INCOME,83,69.79310141033872,193,69.47999999999992
35,WFAgent1,MALE_YOUNG_LOW_INCOME,230,252.64057897398675,701,252.36000000000453
35,WFAgent2,FEMALE_LOW_INCOME,548,559.7409330073697,1173,422.28000000001094
35,WFAgent3,MALE_LOW_INCOME,454,429.58908168783216,1143,411.48000000001053
36,WEAgent1,MALE_YOUNG,295,299.96960471047976,499,179.64000000000178
36,WEAgent2,FEMALE_OLD_LOW_INCOME,301,260.09985556555864,722,259.9200000000048
36,WEAgent0,FEMALE_YOUNG_LOW_INCOME,248,228.83750469626798,635,228.60000000000363
36,WEAgent3,FEMALE_OLD_HIGH_INCOME,51,46.79442935030764,129,46.43999999999995
36,WFAgent0,MALE_HIGH_INCOME,166,180.9390750339757,502,180.72000000000182
36,WFAgent1,YOUNG_HIGH_INCOME,97,92.31693797001458,0,0.0
36,WFAgent2,MALE_YOUNG_LOW_INCOME,230,229.68336775979256,638,229.68000000000367
36,WFAgent3,OLD_HIGH_INCOME,152,144.91476612100365,316,113.75999999999985
37,WEAgent1,MALE_YOUNG_HIGH_INCOME,65,56.86087714786469,65,56.86087714786468
37,WEAgent2,FEMALE_YOUNG,280,306.2631616887061,850,306.00000000000654
37,WEAgent0,OLD_LOW_INCOME,525,507.4322982896891,1409,507.24000000001416
37,WEAgent3,MALE_OLD_HIGH_INCOME,101,106.7150902100657,296,106.55999999999986
37,WFAgent0,OLD_HIGH_INCOME,152,148.66140784386053,412,148.3200000000006
37,WFAgent1,MALE_OLD,326,308.0237355324945,374,134.64000000000007
37,WFAgent2,MALE_YOUNG_LOW_INCOME,230,249.38562752840625,692,249.1200000000044
37,WFAgent3,MALE_YOUNG,295,331.97026980024765,439,200.76696620419912
38,WEAgent1,MALE_OLD,326,337.0665563329389,782,281.5200000000056
38,WEAgent2,FEMALE_YOUNG_HIGH_INCOME,32,32.071902243045436,89,32.03999999999997
38,WEAgent0,MALE_LOW_INCOME,454,425.12176330846546,1180,424.80000000001104
38,WEAgent3,MALE_YOUNG_LOW_INCOME,230,219.36556627486743,609,219.24000000000328
38,WFAgent0,FEMALE_OLD,351,293.7335273896767,396,142.56000000000037
38,WFAgent1,FEMALE_OLD_LOW_INCOME,301,307.66583083444453,854,307.4400000000066
38,WFAgent2,MALE_HIGH_INCOME,166,184.2776440454235,511,183.96000000000194
38,WFAgent3,MALE_OLD_HIGH_INCOME,101,89.22064303084584,0,0.0
39,WEAgent1,OLD_HIGH_INCOME,152,152.55994004611117,297,134.6493505659542
39,WEAgent2,FEMALE_OLD_HIGH_INCOME,51,49.10341041007956,51,49.10341041007951
39,WEAgent0,MALE_YOUNG,295,282.1012430176412,685,281.78024860353236
39,WEAgent3,MALE_YOUNG,295,286.92442999716377,446,192.7588716032316
39,WFAgent0,MALE_YOUNG_HIGH_INCOME,65,68.1563887732772,71,67.89555340424587
39,WFAgent1,FEMALE_OLD_LOW_INCOME,301,338.00807620447307,938,337.68000000000774
39,WFAgent2,FEMALE_YOUNG,280,311.1189104387693,864,311.0400000000067
39,WFAgent3,FEMALE_OLD_HIGH_INCOME,51,53.008303755941895,55,52.95465828537986
40,WEAgent1,OLD_LOW_INCOME,525,512.0811151781901,1422,511.92000000001434
40,WEAgent2,FEMALE_OLD,351,344.46196130678806,335,299.76783150516485
40,WEAgent0,FEMALE_YOUNG_LOW_INCOME,248,258.30765070945915,717,258.1200000000047
40,WEAgent3,OLD_HIGH_INCOME,152,150.60456204013556,316,150.44221354164043
40,WFAgent0,FEMALE_HIGH_INCOME,83,72.62290500894433,201,72.35999999999991
40,WFAgent1,OLD_HIGH_INCOME,152,147.64827430548803,410,147.60000000000056
40,WFAgent2,FEMALE_LOW_INCOME,548,596.3901792586273,1656,596.1600000000175
40,WFAgent3,FEMALE_OLD_HIGH_INCOME,51,48.339913544792424,0,0.0
41,WEAgent1,FEMALE_LOW_INCOME,548,586.9509197610943,513,442.4289404900939
41,WEAgent2,OLD_LOW_INCOME,525,408.3107097534862,1134,408.2400000000104
41,WEAgent0,YOUNG_LOW_INCOME,477,417.2729866539703,477,416.63283787604524
41,WEAgent3,YOUNG_LOW_INCOME,477,416.6328378760437,476,415.7593937714833
41,WFAgent0,YOUNG_LOW_INCOME,477,428.7105647068059,490,427.98761123535047
41,WFAgent1,FEMALE_YOUNG_HIGH_INCOME,32,31.802416353820437,88,31.67999999999997
41,WFAgent2,FEMALE_OLD_LOW_INCOME,301,328.9567988782609,913,328.6800000000074
41,WFAgent3,MALE_YOUNG_LOW_INCOME,230,245.67691103213636,682,245.52000000000427
42,WEAgent1,MALE_YOUNG_LOW_INCOME,230,228.37981005380004,299,228.0785136688492
42,WEAgent2,YOUNG_LOW_INCOME,477,486.76537942906265,638,486.6692030793419
42,WEAgent0,OLD_HIGH_INCOME,152,144.37464328332524,398,143.2800000000004
42,WEAgent3,FEMALE_YOUNG,280,258.89775196713526,719,258.84000000000475
42,WFAgent0,MALE_OLD_LOW_INCOME,225,239.08900051148618,664,239.04000000000403
42,WFAgent1,YOUNG_HIGH_INCOME,97,106.94012224413669,297,106.91999999999986
42,WFAgent2,YOUNG_LOW_INCOME,477,363.8576957192009,1010,363.6000000000087
42,WFAgent3,MALE_YOUNG_LOW_INCOME,230,200.88679287551642,558,200.88000000000258
43,WEAgent1,FEMALE_YOUNG_HIGH_INCOME,32,34.236879843359816,34,34.22535586972927
43,WEAgent2,YOUNG_HIGH_INCOME,97,97.64292704011004,197,94.84524021117588
43,WEAgent0,FEMALE_LOW_INCOME,548,499.3002034081141,547,498.3890716500718
43,WEAgent3,FEMALE_LOW_INCOME,548,543.5709527331168,689,543.4466223115897
43,WFAgent0,MALE_OLD,326,349.30083983644295,970,349.2000000000082
43,WFAgent1,MALE_HIGH_INCOME,166,175.69615551224078,488,175.68000000000163
43,WFAgent2,YOUNG_LOW_INCOME,477,496.814564254477,1380,496.80000000001377
43,WFAgent3,OLD_LOW_INCOME,525,486.0961755309589,835,300.60000000000633
44,WEAgent1,YOUNG_HIGH_INCOME,97,114.07713034940238,150,98.04804643621081
44,WEAgent2,FEMALE_YOUNG_HIGH_INCOME,32,33.863523745736124,0,0.0
44,WEAgent0,FEMALE_HIGH_INCOME,83,82.85051866023201,107,82.16019415439406
44,WEAgent3,OLD_LOW_INCOME,525,586.0926698351325,1249,585.8178443754744
44,WFAgent0,FEMALE_HIGH_INCOME,83,63.73173939079164,177,63.71999999999992
44,WFAgent1,MALE_OLD_LOW_INCOME,225,243.0600375850008,278,242.93826692972874
44,WFAgent2,MALE_OLD_LOW_INCOME,225,196.62269805463734,275,98.99999999999987
44,WFAgent3,FEMALE_OLD_HIGH_INCOME,51,46.73872864453872,129,46.43999999999995
45,WEAgent1,MALE_OLD_LOW_INCOME,225,220.36739000878018,612,220.32000000000332
45,WEAgent2,MALE_YOUNG,295,278.7703920447255,312,175.87690521865292
45,WEAgent0,FEMALE_OLD_LOW_INCOME,301,334.73321684069896,929,334.4400000000076
45,WEAgent3,YOUNG_HIGH_INCOME,97,89.96481969829593,96,89.0373473302724
45,WFAgent0,OLD_LOW_INCOME,525,494.0026443866626,1206,434.1600000000114
45,WFAgent1,YOUNG_HIGH_INCOME,97,90.74781130330793,97,89.96481969829607
45,WFAgent2,FEMALE_YOUNG_HIGH_INCOME,32,34.11835035600959,94,33.83999999999997
45,WFAgent3,MALE_LOW_INCOME,454,492.96437710343116,1369,492.8400000000136
46,WEAgent1,YOUNG_HIGH_INCOME,97,90.91879009051102,96,89.9814829761759
46,WEAgent2,MALE_LOW_INCOME,454,499.63597720336736,503,499.62534372828594
46,WEAgent0,MALE_LOW_INCOME,454,459.7916107636107,454,459.7916107636101
46,WEAgent3,FEMALE_YOUNG,280,323.67276723407076,899,323.6400000000072
46,WFAgent0,YOUNG_LOW_INCOME,477,492.62475510392574,1228,442.0800000000117
46,WFAgent1,MALE_HIGH_INCOME,166,200.1736184293989,386,200.15455411953027
46,WFAgent2,FEMALE_HIGH_INCOME,83,88.84556523867019,246,88.55999999999989
46,WFAgent3,MALE_OLD_HIGH_INCOME,101,98.22742237521581,272,97.91999999999987
47,WEAgent1,FEMALE_OLD,351,308.48162334333756,424,152.64000000000075
47,WEAgent2,MALE_YOUNG_LOW_INCOME,230,253.53879935684145,704,253.44000000000457
47,WEAgent0,FEMALE_LOW_INCOME,548,480.5593127847751,1334,480.24000000001314
47,WEAgent3,FEMALE_OLD_LOW_INCOME,301,296.6187688018543,823,296.28000000000617
47,WFAgent0,MALE_YOUNG,295,277.95998684842425,772,277.9200000000055
47,WFAgent1,YOUNG_HIGH_INCOME,97,86.15936692968387,239,86.03999999999989
47,WFAgent2,OLD_HIGH_INCOME,152,163.0569209376405,452,162.72000000000114
47,WFAgent3,OLD_LOW_INCOME,525,435.24666445166275,1209,435.24000000001143
48,WEAgent1,FEMALE_LOW_INCOME,548,548.6275937256421,1233,548.3866747760723
48,WEAgent2,FEMALE_YOUNG,280,213.08861353010857,235,212.1879035609534
48,WEAgent0,YOUNG_HIGH_INCOME,97,93.94553285801807,0,0.0
48,WEAgent3,MALE_HIGH_INCOME,166,143.27760976531667,172,142.92201910973486
48,WFAgent0,MALE_OLD_HIGH_INCOME,101,126.66458196178618,146,126.0152471429894
48,WFAgent1,MALE_YOUNG,295,327.8944811964887,910,327.60000000000736
48,WFAgent2,FEMALE_OLD,351,371.9040965396237,417,150.12000000000066
48,WFAgent3,MALE_YOUNG,295,327.49716576094096,865,311.40000000000674
49,WEAgent1,YOUNG_LOW_INCOME,477,454.50907354707175,567,439.90365294613645
49,WEAgent2,YOUNG_LOW_INCOME,477,419.44863976940053,477,419.44863976939683
49,WEAgent0,FEMALE_OLD_HIGH_INCOME,51,46.61676289775378,129,46.43999999999995
49,WEAgent3,MALE_YOUNG_LOW_INCOME,230,209.85432414392443,238,209.28464625810832
49,WFAgent0,YOUNG_HIGH_INCOME,97,84.60121646239097,235,84.5999999999999
49,WFAgent1,MALE_YOUNG_LOW_INCOME,230,230.32496120695814,261,229.5096330813709
49,WFAgent2,MALE_HIGH_INCOME,166,182.8409848257125,507,182.5200000000019
49,WFAgent3,MALE_YOUNG_LOW_INCOME,230,273.7587733590753,287,273.46772349687524
50,WEAgent1,YOUNG_LOW_INCOME,477,496.11996209508743,1378,496.08000000001374
50,WEAgent2,FEMALE_OLD_LOW_INCOME,301,231.86026400757493,644,231.84000000000376
50,WEAgent0,FEMALE_YOUNG_HIGH_INCOME,32,30.68036343042776,32,30.68036343042775
50,WEAgent3,FEMALE_HIGH_INCOME,83,85.14758752062015,166,84.90797700243638
50,WFAgent0,YOUNG_HIGH_INCOME,97,96.7002211540517,268,96.47999999999988
50,WFAgent1,MALE_HIGH_INCOME,166,139.52824429968447,61,21.959999999999987
50,WFAgent2,MALE_HIGH_INCOME,166,168.87923799104354,200,168.10631843335432
50,WFAgent3,MALE_OLD,326,329.1996334957404,914,329.0400000000074
51,WEAgent1,FEMALE_YOUNG,280,334.86362548431146,930,334.8000000000076
51,WEAgent2,FEMALE_OLD,351,413.2874692180609,424,152.64000000000075
51,WEAgent0,FEMALE_HIGH_INCOME,83,83.83079789782366,0,0.0
51,WEAgent3,MALE_YOUNG_HIGH_INCOME,65,65.57462033761169,182,65.51999999999992
51,WFAgent0,FEMALE_OLD_HIGH_INCOME,51,47.803327566683365,0,0.0
51,WFAgent1,MALE_OLD_HIGH_INCOME,101,109.11091014125543,303,109.07999999999986
51,WFAgent2,FEMALE_YOUNG_HIGH_INCOME,32,26.37737645162055,73,26.27999999999998
51,WFAgent3,YOUNG_LOW_INCOME,477,583.5684997356407,1621,583.560000000017
52,WEAgent1,YOUNG_LOW_INCOME,477,415.1613178134766,1153,415.08000000001067
52,WEAgent2,OLD_HIGH_INCOME,152,171.33777736516672,191,171.2625567119865
52,WEAgent0,MALE_HIGH_INCOME,166,179.5034747322042,340,179.28623566215128
52,WEAgent3,FEMALE_OLD,351,403.15419351048234,305,143.07308123635212
52,WFAgent0,MALE_OLD_HIGH_INCOME,101,104.8785383861049,116,104.0128616680125
52,WFAgent1,FEMALE_HIGH_INCOME,83,64.44679987134968,0,0.0
52,WFAgent2,OLD_LOW_INCOME,525,497.72808309807635,1382,497.5200000000138
52,WFAgent3,MALE_OLD,326,292.3120077911391,811,291.960000000006
53,WEAgent1,MALE_OLD,326,314.7233040729482,811,291.960000000006
53,WEAgent2,FEMALE_YOUNG_HIGH_INCOME,32,35.772787327986535,99,35.639999999999965
53,WEAgent0,MALE_YOUNG,295,237.01249521847055,548,197.28000000000245
53,WEAgent3,FEMALE_YOUNG_LOW_INCOME,248,304.6340675535096,846,304.5600000000065
53,WFAgent0,MALE_OLD_LOW_INCOME,225,258.48828564857547,267,257.76417848919465
53,WFAgent1,MALE_OLD_LOW_INCOME,225,251.57626822359626,698,251.2800000000045
53,WFAgent2,OLD_LOW_INCOME,525,485.55809142541466,853,307.0800000000066
53,WFAgent3,FEMALE_YOUNG_LOW_INCOME,248,224.25934043167047,622,223.92000000000345
54,WEAgent1,MALE_OLD_HIGH_INCOME,101,87.22998035558444,100,86.36631718374717
54,WEAgent2,FEMALE_OLD_HIGH_INCOME,51,57.52266447764618,62,57.00593684779104
54,WEAgent0,MALE_YOUNG,295,302.7136809363692,516,185.760000000002
54,WEAgent3,FEMALE_HIGH_INCOME,83,76.31439932849456,211,75.95999999999991
54,WFAgent0,FEMALE_HIGH_INCOME,83,85.98140299004224,238,85.6799999999999
54,WFAgent1,MALE_OLD_HIGH_INCOME,101,119.10333097432161,137,118.32185454173367
54,WFAgent2,OLD_LOW_INCOME,525,571.1914835186566,1586,570.9600000000165
54,WFAgent3,MALE_OLD_HIGH_INCOME,101,104.29038432435893,156,104.00800132455977
55,WEAgent1,FEMALE_OLD,351,382.3986504926853,428,154.0800000000008
55,WEAgent2,YOUNG_LOW_INCOME,477,459.4442187618114,1276,459.36000000001235
55,WEAgent0,MALE_OLD_LOW_INCOME,225,227.58773760353066,632,227.5200000000036
55,WEAgent3,FEMALE_OLD_HIGH_INCOME,51,51.55930366025022,0,0.0
55,WFAgent0,MALE_OLD,326,348.6096129918389,770,277.20000000000545
55,WFAgent1,FEMALE_OLD_LOW_INCOME,301,263.86463169686533,732,263.5200000000049
55,WFAgent2,FEMALE_YOUNG_HIGH_INCOME,32,26.8244029702779,74,26.63999999999998
55,WFAgent3,OLD_HIGH_INCOME,152,138.30141186919934,0,0.0
56,WEAgent1,FEMALE_OLD_HIGH_INCOME,51,47.61558037245662,0,0.0
56,WEAgent2,FEMALE_HIGH_INCOME,83,81.94356164457757,147,81.77450404398267
56,WEAgent0,FEMALE_OLD,351,351.07036661246826,270,126.6817758710257
56,WEAgent3,YOUNG_LOW_INCOME,477,384.8352902068133,477,384.8352902068132
56,WFAgent0,MALE_OLD,326,256.60442388996773,712,256.32000000000465
56,WFAgent1,FEMALE_OLD_HIGH_INCOME,51,51.986241595616136,52,51.33813500624134
56,WFAgent2,MALE_OLD_LOW_INCOME,225,176.8209068835807,491,176.76000000000167
56,WFAgent3,MALE_YOUNG_LOW_INCOME,230,256.94022487528935,713,256.68000000000467
57,WEAgent1,FEMALE_OLD_HIGH_INCOME,51,44.80677139373352,124,44.63999999999995
57,WEAgent2,MALE_HIGH_INCOME,166,171.57719226919684,172,171.13859947381565
57,WEAgent0,MALE_YOUNG_HIGH_INCOME,65,63.07199058664236,0,0.0
57,WEAgent3,FEMALE_YOUNG_LOW_INCOME,248,255.80843741452364,710,255.60000000000466
57,WFAgent0,MALE_YOUNG_HIGH_INCOME,65,63.48395454703817,176,63.35999999999992
57,WFAgent1,MALE_HIGH_INCOME,166,165.55965034411912,459,165.24000000000123
57,WFAgent2,FEMALE_OLD,351,343.34994868404794,953,343.08000000000794
57,WFAgent3,MALE_HIGH_INCOME,166,167.09377237028028,167,166.55699763534835
58,WEAgent1,FEMALE_LOW_INCOME,548,545.2334658560219,551,544.2548376042289
58,WEAgent2,YOUNG_HIGH_INCOME,97,102.6030319790339,263,94.67999999999988
58,WEAgent0,MALE_OLD_LOW_INCOME,225,269.83478065132545,749,269.64000000000516
58,WEAgent3,FEMALE_LOW_INCOME,548,541.2915626263422,584,541.0686377811777
58,WFAgent0,YOUNG_LOW_INCOME,477,493.441307154837,1370,493.20000000001363
58,WFAgent1,FEMALE_YOUNG_LOW_INCOME,248,241.61430736935893,671,241.56000000000412
58,WFAgent2,MALE_OLD_LOW_INCOME,225,239.8065518105003,666,239.76000000000406
58,WFAgent3,FEMALE_LOW_INCOME,548,586.1024456597064,1628,586.0800000000171
59,WEAgent1,FEMALE_HIGH_INCOME,83,84.25387713653798,190,84.23734335888587
59,WEAgent2,MALE_OLD,326,359.1422153508988,764,275.04000000000536
59,WEAgent0,FEMALE_YOUNG_HIGH_INCOME,32,27.868225402720963,31,26.997343358885946
59,WEAgent3,FEMALE_YOUNG_HIGH_INCOME,32,28.507297801346915,32,27.868225402720977
59,WFAgent0,FEMALE_OLD_HIGH_INCOME,51,57.77948031238669,160,57.59999999999993
59,WFAgent1,OLD_LOW_INCOME,525,504.01546175343975,1400,504.00000000001404
59,WFAgent2,MALE_OLD,326,292.83871179714646,477,171.72000000000148
59,WFAgent3,FEMALE_OLD_LOW_INCOME,301,273.626883449288,760,273.6000000000053
60,WEAgent1,FEMALE_OLD,351,324.5622210012467,369,166.15604284636478
60,WEAgent2,FEMALE_OLD_HIGH_INCOME,51,52.58063198129496,56,51.782006769429714
60,WEAgent0,MALE_YOUNG_HIGH_INCOME,65,64.48828158805132,64,63.4961541790044
60,WEAgent3,YOUNG_LOW_INCOME,477,486.44093377530487,1351,486.3600000000134
60,WFAgent0,FEMALE_OLD_HIGH_INCOME,51,44.30776294888219,0,0.0
60,WFAgent1,FEMALE_YOUNG_LOW_INCOME,248,227.08858151252844,630,226.80000000000356
60,WFAgent2,MALE_YOUNG_HIGH_INCOME,65,75.75462687471394,210,75.59999999999991
60,WFAgent3,MALE_LOW_INCOME,454,506.2544202148772,1406,506.1600000000141
61,WEAgent1,MALE_OLD,326,365.48016499657257,786,282.96000000000566
61,WEAgent2,FEMALE_LOW_INCOME,548,624.183056236381,1733,623.8800000000185
61,WEAgent0,MALE_YOUNG_HIGH_INCOME,65,56.993048429724425,0,0.0
61,WEAgent3,MALE_YOUNG_LOW_INCOME,230,237.6810070431144,660,237.60000000000397
61,WFAgent0,MALE_YOUNG,295,358.3513286793428,551,198.3600000000025
61,WFAgent1,MALE_YOUNG_LOW_INCOME,230,221.68712940758456,615,221.40000000000336
61,WFAgent2,MALE_OLD,326,333.06577661045645,925,333.00000000000756
61,WFAgent3,MALE_YOUNG,295,361.3568906997743,374,360.48254955841804
62,WEAgent1,FEMALE_OLD_HIGH_INCOME,51,51.85337693202995,56,51.638621061357554
62,WEAgent2,FEMALE_OLD,351,323.66349986672293,382,170.68497576107464
62,WEAgent0,MALE_LOW_INCOME,454,369.34113574801955,661,369.02922517881143
62,WEAgent3,MALE_OLD_LOW_INCOME,225,216.440845617032,266,216.3981103721885
62,WFAgent0,FEMALE_LOW_INCOME,548,574.0682633698507,1594,573.8400000000166
62,WFAgent1,MALE_YOUNG,295,342.736805220874,515,185.400000000002
62,WFAgent2,FEMALE_YOUNG_HIGH_INCOME,32,34.335329719167056,95,34.19999999999997
62,WFAgent3,MALE_YOUNG_LOW_INCOME,230,214.903090447292,596,214.5600000000031
63,WEAgent1,FEMALE_YOUNG,280,285.4189398982334,260,284.8192401312197
63,WEAgent2,FEMALE_YOUNG_LOW_INCOME,248,291.93970748949744,266,291.8822975704818
63,WEAgent0,OLD_LOW_INCOME,525,547.8761090516138,1521,547.5600000000156
63,WEAgent3,MALE_OLD_HIGH_INCOME,101,117.038466857342,325,116.99999999999984
63,WFAgent0,FEMALE_OLD,351,333.40763603896363,438,157.68000000000094
63,WFAgent1,FEMALE_OLD_LOW_INCOME,301,278.31552791187823,773,278.2800000000055
63,WFAgent2,YOUNG_HIGH_INCOME,97,96.42461261147078,267,96.11999999999988
63,WFAgent3,FEMALE_YOUNG_HIGH_INCOME,32,36.456714723831496,36,36.16406861360417
64,WEAgent1,YOUNG_HIGH_INCOME,97,100.75441900770194,257,92.51999999999988
64,WEAgent2,MALE_YOUNG_HIGH_INCOME,65,73.00772548249103,202,72.71999999999991
64,WEAgent0,YOUNG_LOW_INCOME,477,559.8761601268551,1555,559.8000000000161
64,WEAgent3,FEMALE_OLD_HIGH_INCOME,51,50.92520144780383,141,50.75999999999994
64,WFAgent0,FEMALE_OLD_HIGH_INCOME,51,48.41283321483576,134,48.239999999999945
64,WFAgent1,FEMALE_OLD_LOW_INCOME,301,244.7223181118839,679,244.44000000000423
64,WFAgent2,MALE_YOUNG_HIGH_INCOME,65,69.89164979906704,70,69.56781321767164
64,WFAgent3,MALE_YOUNG_HIGH_INCOME,65,64.59868370212361,179,64.43999999999993
65,WEAgent1,MALE_HIGH_INCOME,166,176.00652284932286,488,175.68000000000163
65,WEAgent2,FEMALE_YOUNG_LOW_INCOME,248,260.23406556062133,722,259.9200000000048
65,WEAgent0,MALE_YOUNG_LOW_INCOME,230,217.21262259110628,603,217.0800000000032
65,WEAgent3,OLD_HIGH_INCOME,152,161.24888795474817,447,160.92000000000107
65,WFAgent0,FEMALE_OLD,351,355.49137978838843,987,355.3200000000084
65,WFAgent1,MALE_OLD_LOW_INCOME,225,233.79393362099512,649,233.64000000000382
65,WFAgent2,MALE_OLD_HIGH_INCOME,101,118.39863352260636,116,117.48433064231625
65,WFAgent3,MALE_YOUNG_HIGH_INCOME,65,63.906033799515754,3,1.0800000000000005
66,WEAgent1,OLD_HIGH_INCOME,152,147.58312976544084,249,143.35966924792035
66,WEAgent2,FEMALE_HIGH_INCOME,83,91.12688177244539,111,90.92481441469313
66,WEAgent0,FEMALE_LOW_INCOME,548,528.2309213871058,1071,528.0863092105178
66,WEAgent3,FEMALE_YOUNG,280,257.4340295973892,307,256.6698594446724
66,WFAgent0,MALE_OLD_LOW_INCOME,225,206.29595626457188,573,206.2800000000028
66,WFAgent1,FEMALE_OLD_HIGH_INCOME,51,41.77626608242651,0,0.0
66,WFAgent2,FEMALE_OLD_HIGH_INCOME,51,49.33040510261711,60,49.148548332266444
66,WFAgent3,MALE_OLD_LOW_INCOME,225,196.90972267204296,546,196.56000000000242
67,WEAgent1,MALE_YOUNG,295,285.66070165216905,148,53.27999999999994
67,WEAgent2,FEMALE_HIGH_INCOME,83,76.09247751783064,211,75.95999999999991
67,WEAgent0,FEMALE_YOUNG_LOW_INCOME,248,263.7389224877423,732,263.5200000000049
67,WEAgent3,MALE_OLD_LOW_INCOME,225,222.0276152906935,616,221.76000000000337
67,WFAgent0,MALE_HIGH_INCOME,166,165.53043568056782,459,165.24000000000123
67,WFAgent1,FEMALE_LOW_INCOME,548,523.3107036206949,1268,456.48000000001224
67,WFAgent2,MALE_HIGH_INCOME,166,169.61386124171645,170,169.51912087768946
67,WFAgent3,MALE_HIGH_INCOME,166,165.7214066001883,171,165.5863728221046
68,WEAgent1,FEMALE_HIGH_INCOME,83,80.41855956174273,96,80.23434917052222
68,WEAgent2,YOUNG_HIGH_INCOME,97,81.0701236410483,110,80.99237893578574
68,WEAgent0,FEMALE_OLD_HIGH_INCOME,51,46.68530406231071,129,46.43999999999995
68,WEAgent3,MALE_OLD,326,340.4816693363229,809,291.240000000006
68,WFAgent0,FEMALE_LOW_INCOME,548,470.88982286189935,1308,470.8800000000128
68,WFAgent1,FEMALE_OLD_HIGH_INCOME,51,54.14136793566842,59,54.00848901326137
68,WFAgent2,MALE_HIGH_INCOME,166,172.5845689949294,0,0.0
68,WFAgent3,FEMALE_YOUNG_LOW_INCOME,248,219.5981283949329,609,219.24000000000328
69,WEAgent1,FEMALE_HIGH_INCOME,83,86.47287006553425,82,85.43102825751578
69,WEAgent2,YOUNG_HIGH_INCOME,97,112.38259730479471,212,112.14219996677119
69,WEAgent0,OLD_HIGH_INCOME,152,162.9584333699227,282,162.88576272166495
69,WEAgent3,MALE_OLD_LOW_INCOME,225,229.65111795356538,637,229.32000000000366
69,WFAgent0,MALE_YOUNG_HIGH_INCOME,65,62.05522513800239,68,61.95553227292995
69,WFAgent1,MALE_YOUNG,295,268.77767677226916,746,268.5600000000051
69,WFAgent2,OLD_HIGH_INCOME,152,160.1058297932443,444,159.84000000000103
69,WFAgent3,YOUNG_HIGH_INCOME,97,96.46516568461924,247,88.91999999999989
70,WEAgent1,MALE_OLD_LOW_INCOME,225,197.89422374935234,549,197.64000000000246
70,WEAgent2,MALE_YOUNG_LOW_INCOME,230,186.45975562308993,517,186.12000000000202
70,WEAgent0,FEMALE_YOUNG,280,289.800569553931,805,289.8000000000059
70,WEAgent3,FEMALE_OLD_LOW_INCOME,301,356.4737642908859,990,356.40000000000845
70,WFAgent0,FEMALE_HIGH_INCOME,83,93.34525925778765,259,93.23999999999988
70,WFAgent1,MALE_YOUNG_LOW_INCOME,230,204.2837810134355,251,203.48434200606786
70,WFAgent2,MALE_LOW_INCOME,454,377.2642926485425,1047,376.9200000000092
70,WFAgent3,OLD_LOW_INCOME,525,452.24016826278955,1256,452.1600000000121
71,WEAgent1,FEMALE_LOW_INCOME,548,565.1569665317811,559,565.0891165332519
71,WEAgent2,FEMALE_OLD,351,360.388567628745,417,150.12000000000066
71,WEAgent0,MALE_LOW_INCOME,454,436.6437471384133,1212,436.3200000000115
71,WEAgent3,FEMALE_HIGH_INCOME,83,99.6432535543725,247,88.91999999999989
71,WFAgent0,OLD_HIGH_INCOME,152,170.7405996407262,474,170.64000000000144
71,WFAgent1,YOUNG_LOW_INCOME,477,531.4637158999602,515,531.1237915398981
71,WFAgent2,MALE_YOUNG,295,323.04517045718165,183,65.87999999999992
71,WFAgent3,YOUNG_HIGH_INCOME,97,116.91970475141852,324,116.63999999999984
72,WEAgent1,MALE_OLD_HIGH_INCOME,101,99.97309963285292,277,99.71999999999987
72,WEAgent2,FEMALE_HIGH_INCOME,83,73.24229756498632,203,73.07999999999991
72,WEAgent0,FEMALE_OLD_HIGH_INCOME,51,49.023464561542376,69,48.88977612669991
72,WEAgent3,OLD_LOW_INCOME,525,632.0570721491921,592,631.8982259092717
72,WFAgent0,MALE_OLD_LOW_INCOME,225,269.21708765978934,747,268.92000000000513
72,WFAgent1,MALE_OLD_HIGH_INCOME,101,111.54906846990446,112,110.8612589988072
72,WFAgent2,FEMALE_OLD_HIGH_INCOME,51,56.18179649227092,58,55.75217538371489
72,WFAgent3,MALE_OLD,326,347.97098251085265,542,195.12000000000236
73,WEAgent1,MALE_OLD_HIGH_INCOME,101,98.512478471662,152,98.29816505960228
73,WEAgent2,MALE_OLD_HIGH_INCOME,101,90.82799207828958,102,90.27388959131842
73,WEAgent0,OLD_HIGH_INCOME,152,151.27290459656388,420,151.2000000000007
73,WEAgent3,OLD_LOW_INCOME,525,542.8764809379351,1507,542.5200000000154
73,WFAgent0,MALE_OLD,326,357.2575276472643,403,356.67036769903183
73,WFAgent1,FEMALE_OLD_LOW_INCOME,301,273.7429723744376,760,273.6000000000053
73,WFAgent2,MALE_OLD_HIGH_INCOME,101,89.3888514580703,132,47.519999999999946
73,WFAgent3,MALE_LOW_INCOME,454,428.30525976201204,1189,428.04000000001116
74,WEAgent1,MALE_YOUNG,295,254.54687376691396,367,254.31759432325356
74,WEAgent2,OLD_HIGH_INCOME,152,128.18528122528244,152,128.18528122528235
74,WEAgent0,OLD_HIGH_INCOME,152,175.28375676263204,243,164.32855075539518
74,WEAgent3,FEMALE_YOUNG_LOW_INCOME,248,251.8873159827792,699,251.6400000000045
74,WFAgent0,MALE_YOUNG,295,304.85227871382233,566,304.8370224649185
74,WFAgent1,FEMALE_YOUNG_HIGH_INCOME,32,29.30239646101014,81,29.159999999999975
74,WFAgent2,MALE_OLD_HIGH_INCOME,101,111.72795279620443,310,111.59999999999985
74,WFAgent3,FEMALE_YOUNG,280,283.64998152709506,787,283.3200000000057
75,WEAgent1,MALE_YOUNG_LOW_INCOME,230,242.2691839744479,672,241.92000000000414
75,WEAgent2,MALE_LOW_INCOME,454,489.57198985645505,1359,489.2400000000135
75,WEAgent0,OLD_HIGH_INCOME,152,169.04697888333922,388,168.95449866945336
75,WEAgent3,FEMALE_OLD_HIGH_INCOME,51,45.50544422076454,51,45.50544422076451
75,WFAgent0,MALE_OLD,326,340.19965562217715,481,173.16000000000153
75,WFAgent1,MALE_YOUNG,295,307.4668193571956,854,307.4400000000066
75,WFAgent2,YOUNG_HIGH_INCOME,97,74.65067704006012,197,70.91999999999992
75,WFAgent3,YOUNG_HIGH_INCOME,97,97.18974718650374,269,96.83999999999988
76,WEAgent1,YOUNG_LOW_INCOME,477,461.1978375805324,570,460.94413854212456
76,WEAgent2,YOUNG_HIGH_INCOME,97,98.47231997598497,260,93.59999999999988
76,WEAgent0,MALE_LOW_INCOME,454,451.8926028521803,1255,451.80000000001206
76,WEAgent3,YOUNG_LOW_INCOME,477,430.17329255210024,476,429.27146175010733
76,WFAgent0,FEMALE_OLD_HIGH_INCOME,51,43.66695038136247,0,0.0
76,WFAgent1,FEMALE_OLD,351,384.92365069642733,438,157.68000000000094
76,WFAgent2,FEMALE_YOUNG_LOW_INCOME,248,295.73620547288175,821,295.56000000000614
76,WFAgent3,FEMALE_OLD_LOW_INCOME,301,300.5461526130189,834,300.2400000000063
77,WEAgent1,MALE_LOW_INCOME,454,416.13887416245905,454,416.13887416245836
77,WEAgent2,MALE_YOUNG,295,290.9006773172458,567,204.1200000000027
77,WEAgent0,MALE_YOUNG_LOW_INCOME,230,228.65840423490792,635,228.60000000000363
77,WEAgent3,MALE_OLD_LOW_INCOME,225,229.86098093346237,250,229.15136242426127
77,WFAgent0,MALE_OLD_LOW_INCOME,225,215.12721263276458,597,214.9200000000031
77,WFAgent1,YOUNG_HIGH_INCOME,97,94.68560712475143,0,0.0
77,WFAgent2,FEMALE_LOW_INCOME,548,555.0280198503887,1165,419.40000000001083
77,WFAgent3,FEMALE_YOUNG,280,313.78629554495154,871,313.5600000000068
78,WEAgent1,MALE_OLD,326,318.2386525836706,853,307.0800000000066
78,WEAgent2,MALE_LOW_INCOME,454,475.3117167473586,1320,475.20000000001295
78,WEAgent0,YOUNG_LOW_INCOME,477,435.20309710054806,1208,434.8800000000114
78,WEAgent3,FEMALE_HIGH_INCOME,83,63.62246859922377,176,63.35999999999992
78,WFAgent0,FEMALE_YOUNG_LOW_INCOME,248,209.039902126411,580,208.80000000000288
78,WFAgent1,FEMALE_OLD,351,384.2198540333425,414,149.04000000000062
78,WFAgent2,FEMALE_OLD,351,339.723187889151,943,339.4800000000078
78,WFAgent3,MALE_YOUNG_HIGH_INCOME,65,71.9305453264799,199,71.63999999999992
79,WEAgent1,OLD_HIGH_INCOME,152,148.53986696129914,375,135.00000000000009
79,WEAgent2,FEMALE_LOW_INCOME,548,510.02846287962257,1416,509.76000000001426
79,WEAgent0,MALE_OLD_HIGH_INCOME,101,106.51306799920712,295,106.19999999999986
79,WEAgent3,MALE_OLD_LOW_INCOME,225,225.19207750520457,625,225.0000000000035
79,WFAgent0,YOUNG_LOW_INCOME,477,444.6104973493787,1235,444.6000000000118
79,WFAgent1,MALE_OLD_LOW_INCOME,225,185.8480414771401,516,185.760000000002
79,WFAgent2,MALE_YOUNG_HIGH_INCOME,65,66.59976227684342,184,66.23999999999992
79,WFAgent3,OLD_HIGH_INCOME,152,147.83003241565842,0,0.0
80,WEAgent1,FEMALE_OLD_HIGH_INCOME,51,53.96482295502906,149,53.63999999999994
80,WEAgent2,MALE_YOUNG_HIGH_INCOME,65,74.37722176359121,206,74.15999999999991
80,WEAgent0,MALE_HIGH_INCOME,166,174.00650526297267,206,173.61927516423296
80,WEAgent3,MALE_OLD,326,274.75671700747665,492,274.6480271027955
80,WFAgent0,MALE_YOUNG_LOW_INCOME,230,225.45321528194,626,225.3600000000035
80,WFAgent1,MALE_LOW_INCOME,454,431.39834494716825,1198,431.2800000000113
80,WFAgent2,FEMALE_OLD_LOW_INCOME,301,354.6499528126046,985,354.6000000000084
80,WFAgent3,FEMALE_YOUNG_LOW_INCOME,248,216.68610195177763,601,216.36000000000317
81,WEAgent1,MALE_YOUNG_LOW_INCOME,230,220.7882161801876,613,220.68000000000333
81,WEAgent2,FEMALE_OLD_HIGH_INCOME,51,37.95376475857431,50,37.20957329271994
81,WEAgent0,FEMALE_OLD_LOW_INCOME,301,356.098646653577,989,356.04000000000843
81,WEAgent3,OLD_HIGH_INCOME,152,180.12019519796334,303,143.6572319268964
81,WFAgent0,MALE_OLD_HIGH_INCOME,101,86.94817251777121,241,86.75999999999989
81,WFAgent1,FEMALE_YOUNG_HIGH_INCOME,32,36.2290981385608,100,35.999999999999964
81,WFAgent2,FEMALE_OLD_HIGH_INCOME,51,57.06266520563521,76,56.55855140493432
81,WFAgent3,MALE_LOW_INCOME,454,412.23261052734176,1145,412.20000000001056
82,WEAgent1,FEMALE_OLD_LOW_INCOME,301,270.36805173615477,751,270.3600000000052
82,WEAgent2,FEMALE_YOUNG_LOW_INCOME,248,192.2239251816703,248,192.22392518166967
82,WEAgent0,FEMALE_YOUNG,280,278.76339801935507,410,278.35538883962136
82,WEAgent3,FEMALE_LOW_INCOME,548,587.0454790391392,1204,587.0256948275023
82,WFAgent0,FEMALE_OLD_LOW_INCOME,301,330.9663466390781,368,330.5496446475239
82,WFAgent1,YOUNG_HIGH_INCOME,97,89.52306327263042,248,89.27999999999989
82,WFAgent2,MALE_LOW_INCOME,454,392.74389202920224,615,221.40000000000336
82,WFAgent3,MALE_LOW_INCOME,454,426.19546188495633,1183,425.8800000000111
83,WEAgent1,FEMALE_LOW_INCOME,548,544.7437657073644,1513,544.6800000000155
83,WEAgent2,FEMALE_YOUNG_HIGH_INCOME,32,32.25615609561386,89,32.03999999999997
83,WEAgent0,MALE_YOUNG_HIGH_INCOME,65,64.15723800047857,178,64.07999999999993
83,WEAgent3,MALE_OLD,326,265.92417668529833,325,265.1084583519092
83,WFAgent0,FEMALE_OLD_HIGH_INCOME,51,51.154086909126306,142,51.11999999999994
83,WFAgent1,MALE_OLD,326,354.0285954180079,462,310.78271168478744
83,WFAgent2,MALE_LOW_INCOME,454,464.51914315259256,1290,464.40000000001254
83,WFAgent3,YOUNG_LOW_INCOME,477,481.6213018919692,1337,481.3200000000132
84,WEAgent1,MALE_LOW_INCOME,454,454.1134475351778,1261,453.96000000001214
84,WEAgent2,FEMALE_OLD_HIGH_INCOME,51,56.6736830451175,157,56.51999999999993
84,WEAgent0,YOUNG_HIGH_INCOME,97,106.26406060762595,295,106.19999999999986
84,WEAgent3,FEMALE_YOUNG_HIGH_INCOME,32,34.139024188206676,94,33.83999999999997
84,WFAgent0,MALE_YOUNG,295,286.0756627778204,794,285.8400000000058
84,WFAgent1,OLD_HIGH_INCOME,152,146.54948511794797,407,146.52000000000052
84,WFAgent2,FEMALE_HIGH_INCOME,83,70.16164682070726,194,69.83999999999992
84,WFAgent3,YOUNG_HIGH_INCOME,97,110.80352130202058,114,110.55127307346261
85,WEAgent1,FEMALE_OLD,351,356.5664896416883,877,356.3832545805896
85,WEAgent2,MALE_YOUNG_LOW_INCOME,230,210.61384813114498,230,210.61384813114407
85,WEAgent0,FEMALE_OLD,351,407.72636587197,348,168.56669035997695
85,WEAgent3,FEMALE_YOUNG_LOW_INCOME,248,254.9654531513539,708,254.88000000000463
85,WFAgent0,FEMALE_YOUNG_HIGH_INCOME,32,32.073964000756554,89,32.03999999999997
85,WFAgent1,FEMALE_YOUNG_HIGH_INCOME,32,30.44072791965744,84,30.239999999999974
85,WFAgent2,YOUNG_LOW_INCOME,477,521.0445440311262,1050,520.8180824769847
85,WFAgent3,MALE_OLD_LOW_INCOME,225,232.99214086190784,647,232.9200000000038
86,WEAgent1,MALE_HIGH_INCOME,166,159.89769815897654,169,159.24527430381835
86,WEAgent2,FEMALE_LOW_INCOME,548,433.5357914735058,1204,433.44000000001137
86,WEAgent0,MALE_YOUNG_HIGH_INCOME,65,61.248182424545526,64,60.3059026949372
86,WEAgent3,MALE_HIGH_INCOME,166,159.33600946667073,211,159.22600133400084
86,WFAgent0,MALE_LOW_INCOME,454,472.11207726851484,1311,471.9600000000128
86,WFAgent1,FEMALE_OLD_LOW_INCOME,301,281.55895584759094,782,281.5200000000056
86,WFAgent2,FEMALE_OLD_LOW_INCOME,301,299.67082729674183,378,299.04476127186945
86,WFAgent3,FEMALE_OLD_LOW_INCOME,301,349.0135281714761,373,348.908606415785
87,WEAgent1,OLD_HIGH_INCOME,152,170.59699715663615,326,170.45276214521536
87,WEAgent2,FEMALE_YOUNG_LOW_INCOME,248,222.62511987582855,247,221.72743794084602
87,WEAgent0,FEMALE_OLD,351,335.6423742364989,313,157.68243648499265
87,WEAgent3,YOUNG_HIGH_INCOME,97,92.7733515668339,257,92.51999999999988
87,WFAgent0,FEMALE_LOW_INCOME,548,555.725575639452,1185,555.6436643959765
87,WFAgent1,MALE_YOUNG,295,281.0323854307125,780,280.8000000000056
87,WFAgent2,MALE_OLD_HIGH_INCOME,101,108.59833243035484,125,108.20566922049389
87,WFAgent3,OLD_HIGH_INCOME,152,131.5780937721203,0,0.0
88,WEAgent1,MALE_YOUNG_HIGH_INCOME,65,71.88060499200732,68,71.08760711672741
88,WEAgent2,MALE_HIGH_INCOME,166,173.53739384377585,365,173.20976520765416
88,WEAgent0,FEMALE_YOUNG_HIGH_INCOME,32,29.49939930429334,32,29.499399304293327
88,WEAgent3,OLD_HIGH_INCOME,152,156.47213314871328,414,149.04000000000062
88,WFAgent0,YOUNG_HIGH_INCOME,97,112.66939232715195,233,100.17383061951571
88,WFAgent1,MALE_YOUNG_LOW_INCOME,230,255.25051584229976,709,255.24000000000464
88,WFAgent2,OLD_LOW_INCOME,525,530.0898768944139,1472,529.920000000015
88,WFAgent3,YOUNG_LOW_INCOME,477,404.75609607688665,1124,404.6400000000103
89,WEAgent1,OLD_LOW_INCOME,525,475.0597994064208,938,474.9887037150905
89,WEAgent2,MALE_OLD_HIGH_INCOME,101,103.12394741184647,286,102.95999999999987
89,WEAgent0,YOUNG_LOW_INCOME,477,480.4527140760289,1334,480.24000000001314
89,WEAgent3,FEMALE_YOUNG,280,323.7743408999266,899,323.6400000000072
89,WFAgent0,MALE_OLD_LOW_INCOME,225,242.09488996733546,267,241.6018408409787
89,WFAgent1,MALE_OLD_LOW_INCOME,225,257.99139877285006,285,257.8896053920558
89,WFAgent2,FEMALE_YOUNG_HIGH_INCOME,32,28.78394238157312,0,0.0
89,WFAgent3,MALE_YOUNG,295,328.0096087297091,509,183.2400000000019
90,WEAgent1,MALE_OLD_LOW_INCOME,225,219.92308273000768,240,219.07117019306094
90,WEAgent2,MALE_YOUNG_LOW_INCOME,230,192.68746975342162,535,192.60000000000227
90,WEAgent0,YOUNG_HIGH_INCOME,97,87.25810477760696,242,87.11999999999989
90,WEAgent3,FEMALE_OLD_HIGH_INCOME,51,56.45452666598938,156,56.15999999999993
90,WFAgent0,MALE_OLD_HIGH_INCOME,101,106.71954072843559,296,106.55999999999986
90,WFAgent1,MALE_YOUNG_HIGH_INCOME,65,69.21267683739133,192,69.11999999999992
90,WFAgent2,MALE_OLD_LOW_INCOME,225,212.02017233628754,588,211.680000000003
90,WFAgent3,MALE_OLD,326,297.5716728455758,826,297.3600000000062
91,WEAgent1,MALE_YOUNG,295,287.93340564693557,259,182.34488941659356
91,WEAgent2,MALE_HIGH_INCOME,166,160.21764370133232,192,160.12073812758388
91,WEAgent0,OLD_LOW_INCOME,525,536.3289569342886,1489,536.0400000000152
91,WEAgent3,FEMALE_YOUNG_LOW_INCOME,248,253.95211311901994,705,253.8000000000046
91,WFAgent0,MALE_OLD,326,271.8716699457941,312,112.31999999999985
91,WFAgent1,MALE_YOUNG_HIGH_INCOME,65,71.15310924601233,85,70.88678510856602
91,WFAgent2,OLD_HIGH_INCOME,152,136.25767995767268,378,136.08000000000013
91,WFAgent3,FEMALE_HIGH_INCOME,83,67.83700761793528,45,16.199999999999996
92,WEAgent1,FEMALE_YOUNG_LOW_INCOME,248,203.15538757602317,564,203.04000000000266
92,WEAgent2,FEMALE_OLD,351,328.63818078273795,400,144.00000000000043
92,WEAgent0,OLD_LOW_INCOME,525,553.7018811503685,1101,553.3554764571221
92,WEAgent3,MALE_YOUNG,295,276.2885736532365,508,182.8800000000019
92,WFAgent0,MALE_YOUNG_LOW_INCOME,230,214.58391620680734,596,214.5600000000031
92,WFAgent1,MALE_OLD,326,363.6021479332109,784,282.24000000000564
92,WFAgent2,FEMALE_YOUNG_LOW_INCOME,248,256.53990402166664,313,256.4017593197399
92,WFAgent3,MALE_OLD_LOW_INCOME,225,242.70276319420717,230,242.57415745635106
93,WEAgent1,MALE_YOUNG,295,283.084876176507,449,161.6400000000011
93,WEAgent2,FEMALE_OLD_HIGH_INCOME,51,50.53273975940401,50,49.541901724905905
93,WEAgent0,MALE_OLD_LOW_INCOME,225,236.65409836043082,657,236.52000000000393
93,WEAgent3,FEMALE_OLD,351,394.04811713065806,326,158.99531027687686
93,WFAgent0,MALE_OLD_HIGH_INCOME,101,104.32243273141373,289,104.03999999999986
93,WFAgent1,FEMALE_YOUNG,280,287.5745242333874,798,287.2800000000058
93,WFAgent2,MALE_YOUNG_HIGH_INCOME,65,72.99234151526876,76,72.93034098106608
93,WFAgent3,YOUNG_HIGH_INCOME,97,99.30007895566402,252,90.71999999999989
94,WEAgent1,MALE_LOW_INCOME,454,485.895924280295,1349,485.64000000001334
94,WEAgent2,FEMALE_OLD_HIGH_INCOME,51,48.70018722712358,135,48.599999999999945
94,WEAgent0,FEMALE_YOUNG,280,272.9403688814338,302,272.8681374690828
94,WEAgent3,MALE_OLD_HIGH_INCOME,101,86.22388014990852,239,86.03999999999989
94,WFAgent0,MALE_YOUNG_LOW_INCOME,230,228.7666310916121,635,228.60000000000363
94,WFAgent1,MALE_HIGH_INCOME,166,188.22930542758726,509,183.2400000000019
94,WFAgent2,FEMALE_YOUNG_LOW_INCOME,248,282.02053281504277,783,281.8800000000056
94,WFAgent3,MALE_HIGH_INCOME,166,163.84402881546225,0,0.0
95,WEAgent1,MALE_OLD,326,337.25440273277997,838,301.6800000000064
95,WEAgent2,FEMALE_OLD,351,324.82237985580815,365,131.39999999999995
95,WEAgent0,MALE_YOUNG,295,300.8608729813563,566,203.7600000000027
95,WEAgent3,OLD_LOW_INCOME,525,539.245135205908,1495,538.2000000000153
95,WFAgent0,YOUNG_LOW_INCOME,477,523.8397231997801,1455,523.8000000000147
95,WFAgent1,MALE_OLD_LOW_INCOME,225,216.65251371456264,0,0.0
95,WFAgent2,FEMALE_YOUNG_LOW_INCOME,248,194.52817342484366,462,166.32000000000127
95,WFAgent3,MALE_OLD_LOW_INCOME,225,248.9971235065303,258,248.42821572603253
96,WEAgent1,MALE_OLD,326,381.65984094607086,661,286.4554854637534
96,WEAgent2,MALE_LOW_INCOME,454,413.7181257972319,1149,413.6400000000106
96,WEAgent0,FEMALE_YOUNG_LOW_INCOME,248,255.81416861877267,710,255.60000000000466
96,WEAgent3,MALE_OLD_HIGH_INCOME,101,105.30284009185662,134,105.24346536966819
96,WFAgent0,FEMALE_OLD_LOW_INCOME,301,332.45021951669537,923,332.28000000000753
96,WFAgent1,FEMALE_OLD_HIGH_INCOME,51,44.24680411994516,122,43.91999999999995
96,WFAgent2,MALE_YOUNG,295,263.45793004492515,490,176.40000000000165
96,WFAgent3,MALE_LOW_INCOME,454,356.5711438643976,990,356.40000000000845
97,WEAgent1,FEMALE_HIGH_INCOME,83,79.29697515136634,220,79.1999999999999
97,WEAgent2,MALE_OLD_LOW_INCOME,225,284.8050736371852,265,284.38086510944413
97,WEAgent0,MALE_LOW_INCOME,454,487.2034443761798,852,487.14324102902435
97,WEAgent3,MALE_YOUNG_HIGH_INCOME,65,67.55726121718713,187,67.31999999999992
97,WFAgent0,FEMALE_YOUNG_HIGH_INCOME,32,35.34243410203831,98,35.279999999999966
97,WFAgent1,FEMALE_YOUNG,280,238.85524470037862,663,238.68000000000401
97,WFAgent2,FEMALE_LOW_INCOME,548,547.6047940340496,1521,547.5600000000156
97,WFAgent3,MALE_OLD,326,313.1878666203098,729,262.4400000000049
98,WEAgent1,MALE_YOUNG_HIGH_INCOME,65,56.82652081164043,157,56.51999999999993
98,WEAgent2,FEMALE_YOUNG_HIGH_INCOME,32,31.04701198348486,60,30.753286867258506
98,WEAgent0,MALE_OLD_HIGH_INCOME,101,92.45378575836489,101,92.45378575836473
98,WEAgent3,MALE_OLD_HIGH_INCOME,101,103.91600567041691,140,103.71686567131695
98,WFAgent0,FEMALE_YOUNG_LOW_INCOME,248,311.3458728184288,864,311.0400000000067
98,WFAgent1,FEMALE_YOUNG_HIGH_INCOME,32,35.71643910621632,36,34.92788848142046
98,WFAgent2,MALE_YOUNG_LOW_INCOME,230,227.92208007837235,633,227.8800000000036
98,WFAgent3,MALE_OLD,326,359.1351363383428,997,358.92000000000854
99,WEAgent1,MALE_YOUNG_LOW_INCOME,230,264.5314850467126,274,263.75097786842207
99,WEAgent2,YOUNG_LOW_INCOME,477,459.1577242453927,476,458.19512943565746
99,WEAgent0,FEMALE_LOW_INCOME,548,574.037069791654,853,574.029500714283
99,WEAgent3,FEMALE_OLD_LOW_INCOME,301,307.529633396651,854,307.4400000000066
99,WFAgent0,MALE_LOW_INCOME,454,504.9883637394215,1402,504.72000000001407
99,WFAgent1,YOUNG_LOW_INCOME,477,522.5247058084676,1451,522.3600000000147
99,WFAgent2,FEMALE_YOUNG_HIGH_INCOME,32,33.71188021467162,93,33.47999999999997
99,WFAgent3,MALE_OLD,326,331.9019199194182,401,144.36000000000044

