0,WEAgent1,FEMALE_YOUNG_HIGH_INCOME,32,26.882429916985817,0,0.0
0,WEAgent2,MALE_OLD_HIGH_INCOME,101,110.66007269097888,109,110.09000000000022
0,WEAgent0,YOUNG_LOW_INCOME,477,394.4406269231456,0,0.0
0,WEAgent5,FEMALE_HIGH_INCOME,83,79.00342786970295,0,0.0
0,WEAgent6,MALE_HIGH_INCOME,166,201.68791423541597,199,200.98999999999964
0,WEAgent3,MALE_YOUNG,295,285.09481542745715,0,0.0
0,WEAgent4,MALE_OLD_HIGH_INCOME,101,91.11234373669977,0,0.0
0,WEAgent7,FEMALE_LOW_INCOME,548,511.85516376550726,0,0.0
1,WEAgent1,YOUNG_HIGH_INCOME,97,102.33716675380974,99,101.61354038250121
1,WEAgent2,MALE_YOUNG,295,302.78782235189703,297,301.82313195174237
1,WEAgent0,FEMALE_HIGH_INCOME,83,82.4501153003956,0,0.0
1,WEAgent5,FEMALE_YOUNG_LOW_INCOME,248,250.34690901603886,0,0.0
1,WEAgent6,MALE_YOUNG_HIGH_INCOME,65,57.66456978890058,0,0.0
1,WEAgent3,OLD_HIGH_INCOME,152,126.45321377747086,0,0.0
1,WEAgent4,OLD_HIGH_INCOME,152,146.6813549302339,0,0.0
1,WEAgent7,MALE_OLD,326,356.48317039657445,352,355.5199999999983
2,WEAgent1,YOUNG_HIGH_INCOME,97,99.94080509120995,97,99.6766765738314
2,WEAgent2,OLD_HIGH_INCOME,152,117.65961513096082,0,0.0
2,WEAgent0,FEMALE_OLD_HIGH_INCOME,51,59.22152267405367,53,58.45000037334037
2,WEAgent5,MALE_OLD_HIGH_INCOME,101,102.01993393948204,101,102.01000000000018
2,WEAgent6,MALE_OLD,326,321.93800546178727,0,0.0
2,WEAgent3,FEMALE_OLD_HIGH_INCOME,51,56.84872380936934,50,55.73404295036212
2,WEAgent4,MALE_YOUNG_HIGH_INCOME,65,73.73661106776898,73,73.73000000000003
2,WEAgent7,YOUNG_HIGH_INCOME,97,102.78555768245167,99,102.00144024772979
3,WEAgent1,FEMALE_OLD_HIGH_INCOME,51,48.131581033363155,0,0.0
3,WEAgent2,OLD_LOW_INCOME,525,457.7614006931343,0,0.0
3,WEAgent0,MALE_OLD_HIGH_INCOME,101,95.56467051341099,0,0.0
3,WEAgent5,MALE_OLD_LOW_INCOME,225,231.40397253763248,225,231.40397253763183
3,WEAgent6,MALE_YOUNG_HIGH_INCOME,65,69.57684086315355,68,68.68
3,WEAgent3,FEMALE_YOUNG_HIGH_INCOME,32,35.34738425122631,34,34.34000000000004
3,WEAgent4,MALE_LOW_INCOME,454,529.1475808214676,519,528.5285935393017
3,WEAgent7,MALE_LOW_INCOME,454,456.95657306519206,0,0.0
4,WEAgent1,FEMALE_LOW_INCOME,548,514.5153318455068,0,0.0
4,WEAgent2,MALE_HIGH_INCOME,166,151.93000773875548,0,0.0
4,WEAgent0,MALE_OLD_HIGH_INCOME,101,96.14913747761298,0,0.0
4,WEAgent5,MALE_HIGH_INCOME,166,160.87302786341192,0,0.0
4,WEAgent6,MALE_OLD,326,283.2001586588936,0,0.0
4,WEAgent3,MALE_OLD_LOW_INCOME,225,263.2386645489352,260,262.5999999999991
4,WEAgent4,MALE_OLD_LOW_INCOME,225,213.32964419113173,0,0.0
4,WEAgent7,MALE_YOUNG_HIGH_INCOME,65,65.36209688553343,0,0.0
5,WEAgent1,MALE_YOUNG,295,285.3439692242654,0,0.0
5,WEAgent2,MALE_YOUNG_HIGH_INCOME,65,69.23703847654713,68,68.68
5,WEAgent0,FEMALE_HIGH_INCOME,83,91.74877531848252,89,90.8281485246355
5,WEAgent5,MALE_OLD,326,316.4058896470922,0,0.0
5,WEAgent6,FEMALE_LOW_INCOME,548,508.0490103866719,0,0.0
5,WEAgent3,YOUNG_HIGH_INCOME,97,106.52301460961633,100,106.51852073314953
5,WEAgent4,YOUNG_HIGH_INCOME,97,106.21089488936026,100,106.18740948916059
5,WEAgent7,OLD_LOW_INCOME,525,561.9573026194169,556,561.5599999999964
6,WEAgent1,FEMALE_OLD_LOW_INCOME,301,261.72503165989343,0,0.0
6,WEAgent2,FEMALE_OLD,351,358.89951202524935,355,358.54999999999825
6,WEAgent0,MALE_HIGH_INCOME,166,168.66518005923714,166,168.6651800592367
6,WEAgent5,OLD_LOW_INCOME,525,397.44185886227154,0,0.0
6,WEAgent6,FEMALE_YOUNG,280,283.82488843986937,281,283.8099999999989
6,WEAgent3,MALE_OLD_LOW_INCOME,225,238.92228955351655,236,238.3599999999993
6,WEAgent4,MALE_HIGH_INCOME,166,188.60756410587095,185,187.75223993268807
6,WEAgent7,FEMALE_OLD_LOW_INCOME,301,314.5493708930285,311,314.10999999999865
7,WEAgent1,MALE_OLD_HIGH_INCOME,101,102.77325268720939,101,102.01000000000018
7,WEAgent2,OLD_LOW_INCOME,525,565.0014903988933,559,564.5899999999964
7,WEAgent0,YOUNG_LOW_INCOME,477,447.8355592692094,0,0.0
7,WEAgent5,MALE_OLD_HIGH_INCOME,101,91.47943958555035,0,0.0
7,WEAgent6,MALE_OLD_HIGH_INCOME,101,101.37035064955168,0,0.0
7,WEAgent3,MALE_OLD_HIGH_INCOME,101,92.00996384444005,0,0.0
7,WEAgent4,OLD_HIGH_INCOME,152,168.9523674609214,167,168.66999999999993
7,WEAgent7,MALE_HIGH_INCOME,166,150.47623290677035,0,0.0
8,WEAgent1,MALE_LOW_INCOME,454,430.2927342049705,0,0.0
8,WEAgent2,MALE_OLD_HIGH_INCOME,101,105.99851392097705,101,105.99851392097683
8,WEAgent0,FEMALE_OLD,351,275.81671970736056,0,0.0
8,WEAgent5,MALE_YOUNG,295,342.58485167482,339,342.3899999999984
8,WEAgent6,MALE_OLD,326,271.8990077990225,0,0.0
8,WEAgent3,FEMALE_HIGH_INCOME,83,83.03008082790103,0,0.0
8,WEAgent4,MALE_OLD,326,342.14484594331265,334,341.60494557886443
8,WEAgent7,MALE_OLD_LOW_INCOME,225,180.25002672205116,0,0.0
9,WEAgent1,YOUNG_HIGH_INCOME,97,104.60493023143562,102,104.39138025570595
9,WEAgent2,FEMALE_YOUNG_LOW_INCOME,248,263.33514506934245,260,262.5999999999991
9,WEAgent0,FEMALE_YOUNG_HIGH_INCOME,32,33.64982327826017,31,32.59826630081456
9,WEAgent5,FEMALE_YOUNG,280,253.31847700000884,0,0.0
9,WEAgent6,MALE_YOUNG_HIGH_INCOME,65,80.72391730102426,79,79.79000000000006
9,WEAgent3,MALE_YOUNG_HIGH_INCOME,65,60.630080899951366,0,0.0
9,WEAgent4,MALE_LOW_INCOME,454,475.4393818518123,470,474.6999999999972
9,WEAgent7,MALE_YOUNG_HIGH_INCOME,65,60.40468979352521,0,0.0
10,WEAgent1,FEMALE_YOUNG_HIGH_INCOME,32,30.311909203858576,0,0.0
10,WEAgent2,FEMALE_YOUNG,280,316.08001051234135,312,315.11999999999864
10,WEAgent0,FEMALE_LOW_INCOME,548,476.2618553453126,0,0.0
10,WEAgent5,YOUNG_LOW_INCOME,477,470.3219692523963,0,0.0
10,WEAgent6,FEMALE_OLD,351,347.28538927045213,0,0.0
10,WEAgent3,YOUNG_HIGH_INCOME,97,91.50479878000844,0,0.0
10,WEAgent4,FEMALE_OLD_HIGH_INCOME,51,46.83461882739395,0,0.0
10,WEAgent7,FEMALE_HIGH_INCOME,83,80.55371992280062,0,0.0
11,WEAgent1,MALE_YOUNG,295,322.33929005869163,319,322.23059533716264
11,WEAgent2,MALE_YOUNG_LOW_INCOME,230,202.8026955475754,0,0.0
11,WEAgent0,MALE_LOW_INCOME,454,456.97390854906695,0,0.0
11,WEAgent5,FEMALE_OLD_HIGH_INCOME,51,48.29862143125557,0,0.0
11,WEAgent6,MALE_OLD_HIGH_INCOME,101,105.80233040113337,104,105.04000000000019
11,WEAgent3,FEMALE_HIGH_INCOME,83,97.92288228148666,96,97.10989047568285
11,WEAgent4,MALE_YOUNG,295,298.41060094090034,295,298.0030862101364
11,WEAgent7,YOUNG_HIGH_INCOME,97,100.85909727988454,99,100.14457455304795
12,WEAgent1,MALE_OLD,326,312.60377505332065,0,0.0
12,WEAgent2,OLD_LOW_INCOME,525,555.250125877031,549,554.4899999999965
12,WEAgent0,MALE_OLD_HIGH_INCOME,101,79.40481347233933,0,0.0
12,WEAgent5,FEMALE_OLD_LOW_INCOME,301,309.84290948053575,306,309.0599999999987
12,WEAgent6,FEMALE_YOUNG_LOW_INCOME,248,255.6579391470006,253,255.52999999999915
12,WEAgent3,YOUNG_LOW_INCOME,477,501.3681526899496,496,500.95999999999697
12,WEAgent4,FEMALE_HIGH_INCOME,83,95.39941338803017,94,94.94000000000014
12,WEAgent7,MALE_YOUNG,295,340.4760833491627,337,340.3699999999984
13,WEAgent1,MALE_HIGH_INCOME,166,181.15272192994465,179,180.78999999999982
13,WEAgent2,FEMALE_OLD_LOW_INCOME,301,314.6400513921362,311,314.10999999999865
13,WEAgent0,MALE_YOUNG_HIGH_INCOME,65,56.95130865966712,0,0.0
13,WEAgent5,MALE_YOUNG_HIGH_INCOME,65,63.51790769027515,0,0.0
13,WEAgent6,FEMALE_LOW_INCOME,548,479.4197494240484,0,0.0
13,WEAgent3,MALE_OLD,326,303.6916382448033,0,0.0
13,WEAgent4,OLD_LOW_INCOME,525,586.5138990701531,580,585.7999999999962
13,WEAgent7,FEMALE_YOUNG_HIGH_INCOME,32,28.92909477438275,0,0.0
14,WEAgent1,FEMALE_YOUNG_LOW_INCOME,248,210.2049768861185,0,0.0
14,WEAgent2,FEMALE_OLD_HIGH_INCOME,51,50.314234723279654,0,0.0
14,WEAgent0,MALE_LOW_INCOME,454,386.60946307147714,0,0.0
14,WEAgent5,FEMALE_OLD_LOW_INCOME,301,332.120871801694,328,331.2799999999985
14,WEAgent6,FEMALE_YOUNG_HIGH_INCOME,32,38.35563889425438,37,37.37000000000003
14,WEAgent3,FEMALE_OLD,351,300.2533754202449,0,0.0
14,WEAgent4,FEMALE_OLD_HIGH_INCOME,51,44.52627635325902,0,0.0
14,WEAgent7,YOUNG_LOW_INCOME,477,567.8225281036551,562,567.6199999999964
15,WEAgent1,FEMALE_OLD_LOW_INCOME,301,319.1549963378697,300,318.0946807354188
15,WEAgent2,FEMALE_YOUNG,280,308.9958723102324,305,308.0499999999987
15,WEAgent0,MALE_HIGH_INCOME,166,187.22290208605966,185,186.84999999999977
15,WEAgent5,YOUNG_HIGH_INCOME,97,94.9937372859419,0,0.0
15,WEAgent6,FEMALE_YOUNG_HIGH_INCOME,32,30.225196515870472,0,0.0
15,WEAgent3,OLD_HIGH_INCOME,152,158.84071885057745,157,158.57000000000002
15,WEAgent4,FEMALE_OLD_LOW_INCOME,301,323.05256424276257,306,322.5948970594252
15,WEAgent7,MALE_YOUNG_LOW_INCOME,230,222.47847363138067,0,0.0
16,WEAgent1,FEMALE_YOUNG_LOW_INCOME,248,262.8726200177339,260,262.5999999999991
16,WEAgent2,FEMALE_OLD_LOW_INCOME,301,292.59419815271553,0,0.0
16,WEAgent0,OLD_LOW_INCOME,525,539.4533266322308,534,539.3399999999966
16,WEAgent5,OLD_LOW_INCOME,525,505.58591678708655,0,0.0
16,WEAgent6,FEMALE_HIGH_INCOME,83,83.40155586623494,0,0.0
16,WEAgent3,YOUNG_HIGH_INCOME,97,82.08664801805136,0,0.0
16,WEAgent4,MALE_YOUNG,295,248.09633361585165,0,0.0
16,WEAgent7,FEMALE_OLD,351,289.29445165654096,0,0.0
17,WEAgent1,FEMALE_OLD,351,314.88443186826464,0,0.0
17,WEAgent2,OLD_LOW_INCOME,525,473.71064876931496,0,0.0
17,WEAgent0,YOUNG_HIGH_INCOME,97,100.4428655296044,98,99.56634955856612
17,WEAgent5,MALE_OLD_LOW_INCOME,225,246.40369540191108,243,245.42999999999924
17,WEAgent6,FEMALE_YOUNG_LOW_INCOME,248,272.8673207225774,270,272.699999999999
17,WEAgent3,FEMALE_LOW_INCOME,548,521.7746385299769,0,0.0
17,WEAgent4,MALE_OLD,326,321.34372949873665,0,0.0
17,WEAgent7,FEMALE_YOUNG_HIGH_INCOME,32,37.867493000945366,36,37.2777645264511
18,WEAgent1,MALE_YOUNG_LOW_INCOME,230,229.3927819900028,0,0.0
18,WEAgent2,MALE_HIGH_INCOME,166,168.75668885331098,167,168.66999999999993
18,WEAgent0,MALE_OLD_LOW_INCOME,225,201.0490689115866,0,0.0
18,WEAgent5,OLD_LOW_INCOME,525,472.05188683858296,0,0.0
18,WEAgent6,MALE_OLD_HIGH_INCOME,101,107.953493532407,106,107.0600000000002
18,WEAgent3,MALE_OLD,326,328.52186770715946,0,0.0
18,WEAgent4,YOUNG_HIGH_INCOME,97,112.69268101098588,111,112.11000000000023
18,WEAgent7,MALE_YOUNG_LOW_INCOME,230,238.10657834235965,235,237.3499999999993
19,WEAgent1,MALE_HIGH_INCOME,166,169.91286500700792,167,169.19477961678743
19,WEAgent2,MALE_YOUNG,295,299.2700924190505,288,291.40163722387143
19,WEAgent0,FEMALE_HIGH_INCOME,83,87.80813590702182,86,86.92913264412773
19,WEAgent5,YOUNG_HIGH_INCOME,97,101.55773675706334,100,101.31423929148964
19,WEAgent6,MALE_YOUNG_LOW_INCOME,230,247.2450616712815,244,247.2067438712337
19,WEAgent3,FEMALE_YOUNG_LOW_INCOME,248,251.2593134428938,248,250.4799999999992
19,WEAgent4,FEMALE_OLD_LOW_INCOME,301,320.41888950625025,317,320.1699999999986
19,WEAgent7,YOUNG_LOW_INCOME,477,488.84419199345024,483,488.5590351562528
20,WEAgent1,YOUNG_LOW_INCOME,477,508.82034146694946,477,508.48008559944446
20,WEAgent2,FEMALE_YOUNG_LOW_INCOME,248,242.62579296091778,0,0.0
20,WEAgent0,FEMALE_OLD_LOW_INCOME,301,344.4233078259518,341,344.4099999999984
20,WEAgent5,YOUNG_HIGH_INCOME,97,93.56101266809908,0,0.0
20,WEAgent6,YOUNG_HIGH_INCOME,97,100.9338611124614,99,99.99000000000017
20,WEAgent3,YOUNG_LOW_INCOME,477,513.3887745109594,481,513.0871787119593
20,WEAgent4,FEMALE_OLD,351,319.0586834896647,0,0.0
20,WEAgent7,MALE_OLD,326,355.8948436230345,352,355.5199999999983
21,WEAgent1,MALE_HIGH_INCOME,166,214.73370242917076,207,213.8002408751187
21,WEAgent2,FEMALE_OLD,351,474.0065836860719,395,408.93643243522877
21,WEAgent0,FEMALE_OLD,351,440.00360450649026,427,439.06428872993393
21,WEAgent5,OLD_LOW_INCOME,525,510.52258224441937,0,0.0
21,WEAgent6,OLD_HIGH_INCOME,152,151.49577603514803,0,0.0
21,WEAgent3,MALE_YOUNG,295,304.69116453217435,297,303.90044169333424
21,WEAgent4,FEMALE_OLD,351,315.2630532023361,0,0.0
21,WEAgent7,FEMALE_OLD_HIGH_INCOME,51,49.19703102918639,0,0.0
22,WEAgent1,FEMALE_OLD,351,378.8219343563622,358,361.91409958121216
22,WEAgent2,FEMALE_HIGH_INCOME,83,86.48994349695714,85,85.8500000000001
22,WEAgent0,MALE_YOUNG,295,310.1382604943861,307,310.0699999999987
22,WEAgent5,FEMALE_YOUNG_LOW_INCOME,248,267.2265907166623,264,266.6399999999991
22,WEAgent6,MALE_LOW_INCOME,454,466.740638367212,462,466.6199999999973
22,WEAgent3,FEMALE_OLD,351,358.2928694518099,354,357.92798661044037
22,WEAgent4,FEMALE_OLD_LOW_INCOME,301,267.8405056891778,0,0.0
22,WEAgent7,FEMALE_LOW_INCOME,548,551.7579007895669,0,0.0
23,WEAgent1,YOUNG_HIGH_INCOME,97,116.37629145756085,108,115.85307277536539
23,WEAgent2,FEMALE_YOUNG_LOW_INCOME,248,276.25456050686904,272,275.4816933985012
23,WEAgent0,MALE_OLD_LOW_INCOME,225,255.60319570055574,253,255.52999999999915
23,WEAgent5,FEMALE_YOUNG_LOW_INCOME,248,251.21217039855844,247,250.19921809856518
23,WEAgent6,FEMALE_YOUNG,280,257.16131574895627,0,0.0
23,WEAgent3,OLD_HIGH_INCOME,152,154.58446766026,153,154.53000000000006
23,WEAgent4,MALE_YOUNG,295,316.4505228586366,305,315.45020914345315
23,WEAgent7,OLD_HIGH_INCOME,152,133.06662180093943,0,0.0
24,WEAgent1,MALE_OLD_LOW_INCOME,225,263.29354449830515,260,262.5999999999991
24,WEAgent2,MALE_HIGH_INCOME,166,132.27488424280824,0,0.0
24,WEAgent0,FEMALE_OLD_LOW_INCOME,301,282.3242936259987,0,0.0
24,WEAgent5,MALE_YOUNG_LOW_INCOME,230,214.51977025787875,0,0.0
24,WEAgent6,FEMALE_YOUNG_LOW_INCOME,248,243.43749878916609,0,0.0
24,WEAgent3,MALE_OLD_HIGH_INCOME,101,90.86385850332229,0,0.0
24,WEAgent4,FEMALE_OLD,351,339.6460671617993,0,0.0
24,WEAgent7,FEMALE_OLD_LOW_INCOME,301,316.34943952031256,313,316.12999999999863
25,WEAgent1,FEMALE_HIGH_INCOME,83,87.7308773287763,86,87.7165493351764
25,WEAgent2,FEMALE_HIGH_INCOME,83,79.10940724833272,0,0.0
25,WEAgent0,FEMALE_HIGH_INCOME,83,101.15721818229052,99,100.88638883913814
25,WEAgent5,MALE_LOW_INCOME,454,394.58291061809564,0,0.0
25,WEAgent6,FEMALE_YOUNG_HIGH_INCOME,32,32.63871603169353,31,31.618756155703117
25,WEAgent3,MALE_YOUNG_HIGH_INCOME,65,71.36896426952669,70,70.70000000000002
25,WEAgent4,MALE_OLD_LOW_INCOME,225,263.7859379107783,261,263.6099999999991
25,WEAgent7,FEMALE_YOUNG_LOW_INCOME,248,253.4798220989173,250,252.49999999999918
26,WEAgent1,MALE_YOUNG_HIGH_INCOME,65,57.8882497862395,0,0.0
26,WEAgent2,FEMALE_YOUNG,280,292.0020491364555,287,291.4432453976652
26,WEAgent0,FEMALE_LOW_INCOME,548,734.4739539876284,722,734.196423599977
26,WEAgent5,FEMALE_YOUNG,280,250.9563197843249,0,0.0
26,WEAgent6,MALE_YOUNG,295,305.7418192942905,302,305.01999999999873
26,WEAgent3,FEMALE_OLD_LOW_INCOME,301,306.5023519194587,303,306.0299999999987
26,WEAgent4,FEMALE_YOUNG_LOW_INCOME,248,256.171250525673,251,255.5883399727061
26,WEAgent7,FEMALE_LOW_INCOME,548,604.0124218213577,593,603.8401816884976
27,WEAgent1,MALE_LOW_INCOME,454,500.4742149715893,470,500.209210732859
27,WEAgent2,MALE_LOW_INCOME,454,484.2759592727052,453,483.2092721377449
27,WEAgent0,OLD_HIGH_INCOME,152,167.47755565477013,165,166.64999999999995
27,WEAgent5,OLD_HIGH_INCOME,152,138.3676206465938,0,0.0
27,WEAgent6,YOUNG_HIGH_INCOME,97,90.64600187819667,0,0.0
27,WEAgent3,YOUNG_HIGH_INCOME,97,79.60132997664228,0,0.0
27,WEAgent4,MALE_OLD_HIGH_INCOME,101,103.76428330559725,102,103.02000000000018
27,WEAgent7,MALE_YOUNG_LOW_INCOME,230,193.20229325133906,0,0.0
28,WEAgent1,MALE_YOUNG,295,324.2908850282173,317,323.3216089474966
28,WEAgent2,FEMALE_LOW_INCOME,548,589.6155799359254,583,588.8299999999962
28,WEAgent0,FEMALE_HIGH_INCOME,83,91.4222728271561,88,90.57664107460216
28,WEAgent5,MALE_OLD_LOW_INCOME,225,203.85342054410108,0,0.0
28,WEAgent6,FEMALE_OLD,351,327.0064829145362,0,0.0
28,WEAgent3,MALE_YOUNG_HIGH_INCOME,65,68.41830515658614,65,68.41830515658614
28,WEAgent4,FEMALE_YOUNG_HIGH_INCOME,32,33.8281253996463,32,33.8281253996463
28,WEAgent7,MALE_YOUNG_LOW_INCOME,230,207.97069283434567,0,0.0
29,WEAgent1,FEMALE_OLD_HIGH_INCOME,51,50.2002383471857,0,0.0
29,WEAgent2,FEMALE_YOUNG,280,238.01356113391392,0,0.0
29,WEAgent0,MALE_YOUNG_HIGH_INCOME,65,59.66488605643006,0,0.0
29,WEAgent5,FEMALE_YOUNG_LOW_INCOME,248,255.63090867115355,253,255.52999999999915
29,WEAgent6,FEMALE_OLD_HIGH_INCOME,51,44.39378840425036,0,0.0
29,WEAgent3,MALE_YOUNG_HIGH_INCOME,65,59.90174702801462,0,0.0
29,WEAgent4,YOUNG_HIGH_INCOME,97,117.00069185723002,114,116.09451945021542
29,WEAgent7,YOUNG_HIGH_INCOME,97,98.78936625372485,97,98.78936625372474
30,WEAgent1,FEMALE_OLD,351,351.62600080958464,0,0.0
30,WEAgent2,MALE_OLD_LOW_INCOME,225,205.93281748103578,0,0.0
30,WEAgent0,FEMALE_OLD_LOW_INCOME,301,285.43733180240366,0,0.0
30,WEAgent5,MALE_YOUNG_HIGH_INCOME,65,70.57871384709372,69,69.69000000000001
30,WEAgent6,MALE_YOUNG_LOW_INCOME,230,275.14498094744005,272,274.719999999999
30,WEAgent3,OLD_LOW_INCOME,525,527.7654893364494,0,0.0
30,WEAgent4,MALE_OLD,326,367.9608009273219,364,367.63999999999817
30,WEAgent7,MALE_OLD_LOW_INCOME,225,209.19138961351172,0,0.0
31,WEAgent1,FEMALE_HIGH_INCOME,83,76.22301480195073,0,0.0
31,WEAgent2,MALE_OLD_HIGH_INCOME,101,95.56278129676559,0,0.0
31,WEAgent0,FEMALE_YOUNG,280,262.1710160351494,0,0.0
31,WEAgent5,MALE_OLD_LOW_INCOME,225,206.22758691807184,0,0.0
31,WEAgent6,MALE_OLD,326,269.1688912709008,0,0.0
31,WEAgent3,YOUNG_LOW_INCOME,477,499.1874291671566,494,498.939999999997
31,WEAgent4,MALE_OLD,326,349.63440590815264,346,349.45999999999833
31,WEAgent7,FEMALE_HIGH_INCOME,83,100.54203551875385,99,99.99000000000017
32,WEAgent1,FEMALE_YOUNG,280,245.966798725563,0,0.0
32,WEAgent2,MALE_OLD_LOW_INCOME,225,173.30340516464318,0,0.0
32,WEAgent0,MALE_YOUNG,295,236.1212050889359,0,0.0
32,WEAgent5,FEMALE_YOUNG,280,251.6369362270189,0,0.0
32,WEAgent6,FEMALE_YOUNG,280,264.85163549688446,0,0.0
32,WEAgent3,MALE_OLD_HIGH_INCOME,101,91.66073460431349,0,0.0
32,WEAgent4,FEMALE_YOUNG,280,300.2904279970049,297,299.9699999999988
32,WEAgent7,FEMALE_OLD_HIGH_INCOME,51,52.41613048726282,51,51.510000000000005
33,WEAgent1,MALE_YOUNG,295,290.1642194015988,0,0.0
33,WEAgent2,YOUNG_HIGH_INCOME,97,94.67750604466944,0,0.0
33,WEAgent0,YOUNG_LOW_INCOME,477,482.69923900848244,476,481.6872909183195
33,WEAgent5,MALE_OLD,326,306.28616999351976,0,0.0
33,WEAgent6,FEMALE_YOUNG,280,277.38119977444245,0,0.0
33,WEAgent3,FEMALE_LOW_INCOME,548,615.4931252419365,608,614.9566405740401
33,WEAgent4,MALE_YOUNG_LOW_INCOME,230,238.928298349031,236,238.3599999999993
33,WEAgent7,YOUNG_LOW_INCOME,477,428.4719278961803,0,0.0
34,WEAgent1,FEMALE_OLD_LOW_INCOME,301,330.05242996982895,326,329.2599999999985
34,WEAgent2,MALE_OLD_HIGH_INCOME,101,92.25470174906447,0,0.0
34,WEAgent0,MALE_OLD_LOW_INCOME,225,219.13292798772042,0,0.0
34,WEAgent5,MALE_OLD_LOW_INCOME,225,219.00838823055577,0,0.0
34,WEAgent6,MALE_OLD,326,314.8677799843414,0,0.0
34,WEAgent3,FEMALE_YOUNG_LOW_INCOME,248,234.8241719450764,0,0.0
34,WEAgent4,MALE_LOW_INCOME,454,400.1757209519249,0,0.0
34,WEAgent7,OLD_HIGH_INCOME,152,122.4603834970784,0,0.0
35,WEAgent1,MALE_YOUNG_LOW_INCOME,230,178.80454663234983,0,0.0
35,WEAgent2,OLD_LOW_INCOME,525,525.3718271611685,0,0.0
35,WEAgent0,MALE_OLD,326,348.8181167441404,345,348.44999999999834
35,WEAgent5,YOUNG_LOW_INCOME,477,409.68834454622606,0,0.0
35,WEAgent6,MALE_YOUNG_HIGH_INCOME,65,72.72762959504706,72,72.72000000000003
35,WEAgent3,MALE_OLD_LOW_INCOME,225,224.68574963144744,0,0.0
35,WEAgent4,MALE_LOW_INCOME,454,450.1836326439707,0,0.0
35,WEAgent7,FEMALE_YOUNG_LOW_INCOME,248,215.22352565942276,0,0.0
36,WEAgent1,OLD_LOW_INCOME,525,569.4101930181222,563,568.6299999999964
36,WEAgent2,FEMALE_OLD_HIGH_INCOME,51,48.846710110752234,0,0.0
36,WEAgent0,FEMALE_OLD,351,383.777547027266,372,377.2621050302912
36,WEAgent5,YOUNG_LOW_INCOME,477,420.88130241187434,0,0.0
36,WEAgent6,FEMALE_OLD,351,380.28518407775636,374,380.0898743318734
36,WEAgent3,OLD_HIGH_INCOME,152,148.40995121844466,0,0.0
36,WEAgent4,MALE_OLD_HIGH_INCOME,101,98.7953752419626,0,0.0
36,WEAgent7,FEMALE_YOUNG,280,312.1198533023313,309,312.08999999999867
37,WEAgent1,FEMALE_OLD_HIGH_INCOME,51,53.88938435711531,51,53.889384357115254
37,WEAgent2,FEMALE_YOUNG,280,270.27568191579655,0,0.0
37,WEAgent0,FEMALE_YOUNG,280,300.37822827386407,297,299.9699999999988
37,WEAgent5,OLD_HIGH_INCOME,152,173.66364532547902,169,172.74280219045227
37,WEAgent6,FEMALE_YOUNG,280,258.320987848368,0,0.0
37,WEAgent3,MALE_LOW_INCOME,454,413.8616201132826,0,0.0
37,WEAgent4,OLD_HIGH_INCOME,152,126.37021549595892,0,0.0
37,WEAgent7,YOUNG_LOW_INCOME,477,512.8641480595488,507,512.0699999999969
38,WEAgent1,FEMALE_YOUNG,280,286.7496511855378,283,285.8299999999989
38,WEAgent2,MALE_OLD_HIGH_INCOME,101,109.38041753801964,108,109.08000000000021
38,WEAgent0,FEMALE_OLD_HIGH_INCOME,51,58.204846048020556,56,57.34993023710751
38,WEAgent5,FEMALE_OLD_LOW_INCOME,301,319.306053836506,316,319.1599999999986
38,WEAgent6,FEMALE_HIGH_INCOME,83,90.42778871172511,88,89.75456561965485
38,WEAgent3,YOUNG_LOW_INCOME,477,456.9120594396432,0,0.0
38,WEAgent4,OLD_LOW_INCOME,525,548.2012133968889,542,547.4199999999965
38,WEAgent7,MALE_YOUNG_LOW_INCOME,230,234.71961274979333,232,234.31999999999934
39,WEAgent1,YOUNG_HIGH_INCOME,97,107.07663378831418,98,106.1150945145555
39,WEAgent2,MALE_YOUNG_LOW_INCOME,230,254.5629449296397,252,254.51999999999916
39,WEAgent0,OLD_HIGH_INCOME,152,130.1129663410841,0,0.0
39,WEAgent5,FEMALE_HIGH_INCOME,83,100.0737388321888,99,99.99000000000017
39,WEAgent6,FEMALE_YOUNG,280,327.39973971431345,324,327.23999999999853
39,WEAgent3,FEMALE_OLD_LOW_INCOME,301,307.4813914354709,304,307.0399999999987
39,WEAgent4,MALE_OLD_LOW_INCOME,225,225.14703036110484,0,0.0
39,WEAgent7,MALE_YOUNG_HIGH_INCOME,65,72.49879649843923,65,71.75238346639605
40,WEAgent1,MALE_OLD_HIGH_INCOME,101,93.1198623838141,0,0.0
40,WEAgent2,FEMALE_YOUNG_HIGH_INCOME,32,30.566001695950906,0,0.0
40,WEAgent0,MALE_OLD,326,235.56459708688791,0,0.0
40,WEAgent5,FEMALE_YOUNG,280,293.1983272122118,253,293.09031160950366
40,WEAgent6,MALE_YOUNG,295,255.92235302268904,0,0.0
40,WEAgent3,FEMALE_HIGH_INCOME,83,88.29346376141484,87,87.8700000000001
40,WEAgent4,MALE_HIGH_INCOME,166,148.9789769261738,0,0.0
40,WEAgent7,FEMALE_LOW_INCOME,548,655.8832376219311,614,655.8316393901214
41,WEAgent1,MALE_YOUNG,295,302.28440787334813,296,301.9383716112571
41,WEAgent2,FEMALE_YOUNG,280,279.6027845025965,0,0.0
41,WEAgent0,FEMALE_OLD,351,405.9897202652967,397,400.96999999999787
41,WEAgent5,MALE_HIGH_INCOME,166,178.13916532263517,173,177.1490529988153
41,WEAgent6,MALE_HIGH_INCOME,166,169.98117224163795,167,169.10347192464317
41,WEAgent3,MALE_YOUNG,295,292.3362124863145,0,0.0
41,WEAgent4,MALE_YOUNG_LOW_INCOME,230,213.30057196753376,0,0.0
41,WEAgent7,MALE_YOUNG,295,266.8282456649432,0,0.0
42,WEAgent1,OLD_HIGH_INCOME,152,142.0099128668802,0,0.0
42,WEAgent2,MALE_OLD,326,347.6235801392643,333,347.5011696005433
42,WEAgent0,FEMALE_HIGH_INCOME,83,94.05508403870259,93,93.93000000000013
42,WEAgent5,YOUNG_LOW_INCOME,477,513.0344291002522,496,512.9156467320009
42,WEAgent6,FEMALE_OLD,351,313.535577994407,0,0.0
42,WEAgent3,MALE_OLD,326,343.00264637652043,326,343.00264637651776
42,WEAgent4,MALE_YOUNG_LOW_INCOME,230,244.4136508738349,229,243.3509828265584
42,WEAgent7,FEMALE_HIGH_INCOME,83,82.12330381707262,0,0.0
43,WEAgent1,FEMALE_YOUNG,280,275.5457121983426,0,0.0
43,WEAgent2,FEMALE_YOUNG_LOW_INCOME,248,228.52194848866606,0,0.0
43,WEAgent0,FEMALE_YOUNG,280,241.81286542787015,0,0.0
43,WEAgent5,FEMALE_HIGH_INCOME,83,83.33821636659684,0,0.0
43,WEAgent6,MALE_YOUNG_LOW_INCOME,230,261.3595220257811,258,260.57999999999913
43,WEAgent3,FEMALE_OLD_HIGH_INCOME,51,55.03517769116819,53,54.0718309558238
43,WEAgent4,FEMALE_OLD,351,358.09835217913474,353,357.15361676047473
43,WEAgent7,OLD_HIGH_INCOME,152,146.04764224981636,0,0.0
44,WEAgent1,MALE_YOUNG_LOW_INCOME,230,210.40244624415206,0,0.0
44,WEAgent2,YOUNG_HIGH_INCOME,97,96.22452716700188,0,0.0
44,WEAgent0,MALE_YOUNG_LOW_INCOME,230,202.09886552108537,0,0.0
44,WEAgent5,MALE_LOW_INCOME,454,428.7019591472745,0,0.0
44,WEAgent6,MALE_OLD_LOW_INCOME,225,259.90024615470037,257,259.56999999999914
44,WEAgent3,YOUNG_LOW_INCOME,477,482.73485903071884,477,481.76999999999714
44,WEAgent4,FEMALE_HIGH_INCOME,83,75.07929598240155,0,0.0
44,WEAgent7,FEMALE_OLD_HIGH_INCOME,51,62.56340428282162,61,61.609999999999985
45,WEAgent1,OLD_HIGH_INCOME,152,150.75761798624094,0,0.0
45,WEAgent2,FEMALE_OLD_HIGH_INCOME,51,48.246434291577174,0,0.0
45,WEAgent0,MALE_OLD,326,336.8748516035203,333,336.32999999999845
45,WEAgent5,OLD_LOW_INCOME,525,493.0605741869322,0,0.0
45,WEAgent6,MALE_YOUNG_HIGH_INCOME,65,58.51771414459665,0,0.0
45,WEAgent3,FEMALE_YOUNG_LOW_INCOME,248,234.7776498601414,0,0.0
45,WEAgent4,FEMALE_LOW_INCOME,548,567.874013538231,562,567.6199999999964
45,WEAgent7,FEMALE_LOW_INCOME,548,539.7095472744372,0,0.0
46,WEAgent1,FEMALE_LOW_INCOME,548,582.2468550434992,576,581.7599999999962
46,WEAgent2,FEMALE_YOUNG_HIGH_INCOME,32,31.285810500539966,0,0.0
46,WEAgent0,YOUNG_LOW_INCOME,477,435.39999206952007,0,0.0
46,WEAgent5,MALE_YOUNG_HIGH_INCOME,65,70.54697068126127,69,69.69000000000001
46,WEAgent6,FEMALE_OLD,351,339.9666477878147,0,0.0
46,WEAgent3,FEMALE_OLD_HIGH_INCOME,51,53.064748122505485,51,53.06474812250542
46,WEAgent4,MALE_YOUNG_HIGH_INCOME,65,63.72793677499413,0,0.0
46,WEAgent7,OLD_HIGH_INCOME,152,162.79212870935785,159,162.05329235059332
47,WEAgent1,MALE_YOUNG_LOW_INCOME,230,228.71432866656684,0,0.0
47,WEAgent2,YOUNG_HIGH_INCOME,97,93.40845981704379,0,0.0
47,WEAgent0,MALE_HIGH_INCOME,166,188.52838387958232,182,187.53310734799143
47,WEAgent5,MALE_YOUNG,295,303.9684981739423,297,303.86672254651745
47,WEAgent6,FEMALE_OLD_LOW_INCOME,301,323.4375639743186,320,323.19999999999857
47,WEAgent3,FEMALE_LOW_INCOME,548,560.3858578774343,554,559.5399999999964
47,WEAgent4,MALE_OLD_LOW_INCOME,225,238.02282525997344,235,237.3499999999993
47,WEAgent7,FEMALE_OLD,351,320.62232056863047,0,0.0
48,WEAgent1,FEMALE_YOUNG_LOW_INCOME,248,233.2230304507803,0,0.0
48,WEAgent2,FEMALE_OLD_LOW_INCOME,301,254.40679011740943,0,0.0
48,WEAgent0,OLD_HIGH_INCOME,152,159.1166281800044,157,158.57000000000002
48,WEAgent5,FEMALE_LOW_INCOME,548,499.3826121749028,0,0.0
48,WEAgent6,MALE_OLD_LOW_INCOME,225,224.62112667352304,0,0.0
48,WEAgent3,FEMALE_YOUNG_LOW_INCOME,248,218.76490088090893,0,0.0
48,WEAgent4,MALE_YOUNG,295,266.30507146738694,0,0.0
48,WEAgent7,FEMALE_OLD_HIGH_INCOME,51,45.76972079443001,0,0.0
49,WEAgent1,FEMALE_YOUNG_HIGH_INCOME,32,31.00283432252394,0,0.0
49,WEAgent2,FEMALE_OLD_HIGH_INCOME,51,50.77136258128201,0,0.0
49,WEAgent0,MALE_HIGH_INCOME,166,168.54879027467058,166,168.54879027467047
49,WEAgent5,FEMALE_YOUNG_LOW_INCOME,248,230.7933444647262,0,0.0
49,WEAgent6,MALE_OLD_HIGH_INCOME,101,82.99745492957642,0,0.0
49,WEAgent3,FEMALE_YOUNG,280,326.0064504571411,322,325.21999999999855
49,WEAgent4,FEMALE_OLD_HIGH_INCOME,51,53.91031340845013,53,53.53
49,WEAgent7,MALE_YOUNG,295,304.05575027354627,300,303.90485274951277
50,WEAgent1,MALE_OLD,326,260.2194850629238,0,0.0
50,WEAgent2,MALE_YOUNG_LOW_INCOME,230,254.47183038342814,251,253.50999999999917
50,WEAgent0,MALE_YOUNG,295,296.0607813499599,0,0.0
50,WEAgent5,YOUNG_LOW_INCOME,477,469.37640655518067,0,0.0
50,WEAgent6,FEMALE_OLD_LOW_INCOME,301,264.81102884539564,0,0.0
50,WEAgent3,FEMALE_OLD_HIGH_INCOME,51,59.41155424764012,57,59.15864668806802
50,WEAgent4,OLD_HIGH_INCOME,152,128.2816899134373,0,0.0
50,WEAgent7,FEMALE_OLD,351,364.29271907915563,352,357.44309862239635
51,WEAgent1,FEMALE_LOW_INCOME,548,581.1516859326263,575,580.7499999999962
51,WEAgent2,MALE_YOUNG_HIGH_INCOME,65,69.04571823719729,68,68.68
51,WEAgent0,MALE_YOUNG_LOW_INCOME,230,230.0694389908767,0,0.0
51,WEAgent5,OLD_HIGH_INCOME,152,165.17428689718562,161,164.69525537992914
51,WEAgent6,OLD_LOW_INCOME,525,509.5246933296521,0,0.0
51,WEAgent3,FEMALE_HIGH_INCOME,83,86.04892559659136,82,85.01219155325894
51,WEAgent4,FEMALE_HIGH_INCOME,83,88.4784717928411,85,88.12239368325623
51,WEAgent7,MALE_OLD_HIGH_INCOME,101,99.68204965954452,0,0.0
52,WEAgent1,FEMALE_YOUNG,280,282.7160428953374,0,0.0
52,WEAgent2,OLD_HIGH_INCOME,152,147.75067120702073,0,0.0
52,WEAgent0,MALE_OLD_LOW_INCOME,225,247.2397308751497,244,246.43999999999923
52,WEAgent5,OLD_LOW_INCOME,525,489.3051450565901,0,0.0
52,WEAgent6,MALE_YOUNG_HIGH_INCOME,65,59.84715436057953,0,0.0
52,WEAgent3,FEMALE_YOUNG_HIGH_INCOME,32,35.031799905704105,31,33.93705615865087
52,WEAgent4,FEMALE_LOW_INCOME,548,540.1634114338704,0,0.0
52,WEAgent7,YOUNG_HIGH_INCOME,97,112.22266083673765,108,111.70705615865106
53,WEAgent1,MALE_OLD_LOW_INCOME,225,234.36720785089966,224,233.32557581600776
53,WEAgent2,MALE_OLD_HIGH_INCOME,101,84.83138761147785,0,0.0
53,WEAgent0,FEMALE_HIGH_INCOME,83,84.59663802384665,83,83.83000000000008
53,WEAgent5,MALE_YOUNG,295,310.51452495867215,307,310.0699999999987
53,WEAgent6,FEMALE_OLD,351,324.77566330105327,0,0.0
53,WEAgent3,MALE_LOW_INCOME,454,486.3590807690505,474,485.7939437811126
53,WEAgent4,FEMALE_OLD_HIGH_INCOME,51,52.14970147129272,51,51.510000000000005
53,WEAgent7,FEMALE_YOUNG_LOW_INCOME,248,282.4381276480717,279,281.78999999999894
54,WEAgent1,MALE_OLD,326,308.0204183923406,0,0.0
54,WEAgent2,MALE_LOW_INCOME,454,463.11366125094617,458,462.5799999999973
54,WEAgent0,MALE_OLD_HIGH_INCOME,101,109.48756794272099,107,109.14793337852717
54,WEAgent5,FEMALE_OLD_LOW_INCOME,301,297.39616905106004,0,0.0
54,WEAgent6,MALE_OLD,326,376.6705038498527,371,375.7778592348005
54,WEAgent3,FEMALE_OLD_LOW_INCOME,301,317.4522056697273,314,317.1399999999986
54,WEAgent4,FEMALE_YOUNG_LOW_INCOME,248,225.4452261718,0,0.0
54,WEAgent7,FEMALE_HIGH_INCOME,83,77.00289214916715,0,0.0
55,WEAgent1,YOUNG_HIGH_INCOME,97,98.18643568356619,97,98.05032664544738
55,WEAgent2,FEMALE_YOUNG_LOW_INCOME,248,265.559578603064,262,264.6199999999991
55,WEAgent0,YOUNG_HIGH_INCOME,97,91.1522961304522,0,0.0
55,WEAgent5,FEMALE_YOUNG_LOW_INCOME,248,249.951925697362,0,0.0
55,WEAgent6,FEMALE_YOUNG_HIGH_INCOME,32,34.67976043045538,34,34.41586405403353
55,WEAgent3,MALE_OLD_LOW_INCOME,225,245.1937391974657,242,244.41999999999925
55,WEAgent4,OLD_LOW_INCOME,525,427.2163000107624,0,0.0
55,WEAgent7,MALE_YOUNG_HIGH_INCOME,65,68.67143349015777,67,67.67
56,WEAgent1,FEMALE_YOUNG_HIGH_INCOME,32,30.400239189877503,0,0.0
56,WEAgent2,OLD_LOW_INCOME,525,644.8869775601202,638,644.3799999999957
56,WEAgent0,YOUNG_LOW_INCOME,477,472.38031856150593,0,0.0
56,WEAgent5,FEMALE_YOUNG_HIGH_INCOME,32,31.433763578998565,0,0.0
56,WEAgent6,FEMALE_OLD_HIGH_INCOME,51,51.926767937416706,51,51.510000000000005
56,WEAgent3,MALE_OLD_HIGH_INCOME,101,94.18171435847017,0,0.0
56,WEAgent4,FEMALE_YOUNG,280,258.59701849221017,0,0.0
56,WEAgent7,FEMALE_LOW_INCOME,548,584.8776111189741,579,584.7899999999962
57,WEAgent1,MALE_OLD_LOW_INCOME,225,180.1094511652522,0,0.0
57,WEAgent2,MALE_YOUNG_HIGH_INCOME,65,62.30400348923155,0,0.0
57,WEAgent0,MALE_HIGH_INCOME,166,190.5677542803894,178,189.7791825135009
57,WEAgent5,FEMALE_OLD_LOW_INCOME,301,298.48740723180504,0,0.0
57,WEAgent6,FEMALE_OLD_LOW_INCOME,301,331.9719824760914,328,331.2799999999985
57,WEAgent3,YOUNG_HIGH_INCOME,97,73.95322444278139,0,0.0
57,WEAgent4,MALE_OLD,326,347.573109547198,333,346.61005842680015
57,WEAgent7,FEMALE_OLD,351,325.25881545150713,0,0.0
58,WEAgent1,MALE_YOUNG_HIGH_INCOME,65,73.21913353107689,72,72.72000000000003
58,WEAgent2,FEMALE_OLD_LOW_INCOME,301,282.6654350525613,0,0.0
58,WEAgent0,FEMALE_OLD_LOW_INCOME,301,297.2119360995529,0,0.0
58,WEAgent5,FEMALE_YOUNG_HIGH_INCOME,32,35.177696802857014,34,34.34000000000004
58,WEAgent6,MALE_OLD_HIGH_INCOME,101,115.61944179350698,114,115.14000000000024
58,WEAgent3,FEMALE_OLD,351,366.7012318214428,363,366.6299999999982
58,WEAgent4,MALE_YOUNG,295,267.06859518104494,0,0.0
58,WEAgent7,YOUNG_HIGH_INCOME,97,96.48261469843605,0,0.0
59,WEAgent1,YOUNG_LOW_INCOME,477,449.0741714317869,0,0.0
59,WEAgent2,MALE_YOUNG_HIGH_INCOME,65,63.886605059318015,0,0.0
59,WEAgent0,FEMALE_LOW_INCOME,548,524.5894403507509,0,0.0
59,WEAgent5,OLD_LOW_INCOME,525,450.69973756873793,0,0.0
59,WEAgent6,YOUNG_LOW_INCOME,477,444.0642542944611,0,0.0
59,WEAgent3,MALE_YOUNG_LOW_INCOME,230,256.3721137676421,253,255.52999999999915
59,WEAgent4,OLD_LOW_INCOME,525,494.4782331950138,0,0.0
59,WEAgent7,MALE_OLD_HIGH_INCOME,101,108.69010747695346,107,108.0700000000002
60,WEAgent1,MALE_LOW_INCOME,454,377.22998231065446,0,0.0
60,WEAgent2,MALE_OLD_HIGH_INCOME,101,96.131335629835,0,0.0
60,WEAgent0,MALE_OLD_LOW_INCOME,225,196.49882287938658,0,0.0
60,WEAgent5,MALE_OLD_LOW_INCOME,225,239.79327706348556,225,239.79327706348474
60,WEAgent6,FEMALE_OLD,351,361.0646738186008,357,360.56999999999823
60,WEAgent3,OLD_LOW_INCOME,525,447.65649876453296,0,0.0
60,WEAgent4,MALE_LOW_INCOME,454,514.5554378453228,483,513.9757641901128
60,WEAgent7,MALE_LOW_INCOME,454,509.195073634325,477,508.3617473745926
61,WEAgent1,MALE_LOW_INCOME,454,460.58771675659324,454,460.5877167565891
61,WEAgent2,FEMALE_HIGH_INCOME,83,93.94730761826831,88,93.12742382365907
61,WEAgent0,FEMALE_HIGH_INCOME,83,88.53048236484935,83,88.53048236484926
61,WEAgent5,OLD_LOW_INCOME,525,455.2450227482176,0,0.0
61,WEAgent6,MALE_HIGH_INCOME,166,162.24701221618156,0,0.0
61,WEAgent3,MALE_YOUNG,295,292.8028569720451,0,0.0
61,WEAgent4,YOUNG_LOW_INCOME,477,563.1857041313201,555,562.6112479245833
61,WEAgent7,FEMALE_OLD,351,305.1810721914918,0,0.0
62,WEAgent1,MALE_OLD_HIGH_INCOME,101,93.96450663947738,0,0.0
62,WEAgent2,MALE_LOW_INCOME,454,397.79472666571417,0,0.0
62,WEAgent0,FEMALE_YOUNG_LOW_INCOME,248,289.51337936626703,247,288.3459867075321
62,WEAgent5,OLD_LOW_INCOME,525,455.8857221767329,0,0.0
62,WEAgent6,FEMALE_LOW_INCOME,548,667.2158963560332,622,666.7812013900588
62,WEAgent3,FEMALE_YOUNG,280,266.42927201000117,0,0.0
62,WEAgent4,MALE_HIGH_INCOME,166,162.91506984484747,0,0.0
62,WEAgent7,FEMALE_YOUNG_HIGH_INCOME,32,30.60648108054504,0,0.0
63,WEAgent1,FEMALE_YOUNG_LOW_INCOME,248,272.46535923402354,269,271.68999999999903
63,WEAgent2,FEMALE_YOUNG_HIGH_INCOME,32,30.91664160082492,0,0.0
63,WEAgent0,FEMALE_YOUNG_HIGH_INCOME,32,32.57800437954232,32,32.32000000000004
63,WEAgent5,MALE_YOUNG_HIGH_INCOME,65,68.97552947260255,68,68.68
63,WEAgent6,MALE_LOW_INCOME,454,411.97941339469594,0,0.0
63,WEAgent3,MALE_OLD_LOW_INCOME,225,236.94867918661657,234,236.33999999999932
63,WEAgent4,YOUNG_LOW_INCOME,477,459.8279980295224,0,0.0
63,WEAgent7,MALE_OLD_LOW_INCOME,225,205.2405257576433,0,0.0
64,WEAgent1,FEMALE_YOUNG_HIGH_INCOME,32,32.87102761620244,32,32.32000000000004
64,WEAgent2,FEMALE_LOW_INCOME,548,582.3482989042276,576,581.7599999999962
64,WEAgent0,OLD_HIGH_INCOME,152,123.23702218984806,0,0.0
64,WEAgent5,OLD_LOW_INCOME,525,535.7124902113231,525,535.6604664950304
64,WEAgent6,OLD_LOW_INCOME,525,546.4789868450595,535,545.9165376439249
64,WEAgent3,FEMALE_OLD_LOW_INCOME,301,300.01622204801765,0,0.0
64,WEAgent4,MALE_YOUNG_HIGH_INCOME,65,64.31661789767621,0,0.0
64,WEAgent7,YOUNG_LOW_INCOME,477,399.941944240779,0,0.0
65,WEAgent1,MALE_OLD_LOW_INCOME,225,240.92743424860097,238,240.37999999999928
65,WEAgent2,MALE_YOUNG_HIGH_INCOME,65,62.34430492335382,0,0.0
65,WEAgent0,FEMALE_YOUNG,280,237.16025807497238,0,0.0
65,WEAgent5,FEMALE_YOUNG_HIGH_INCOME,32,34.05474493047265,33,33.33000000000004
65,WEAgent6,FEMALE_HIGH_INCOME,83,80.04940813207075,0,0.0
65,WEAgent3,FEMALE_LOW_INCOME,548,583.2702575888213,577,582.7699999999962
65,WEAgent4,FEMALE_YOUNG_LOW_INCOME,248,225.3420916048914,0,0.0
65,WEAgent7,MALE_YOUNG_LOW_INCOME,230,231.57412824484027,0,0.0
66,WEAgent1,FEMALE_LOW_INCOME,548,562.6292050950296,552,561.927646250158
66,WEAgent2,FEMALE_YOUNG,280,288.5264594221333,281,288.5014719556633
66,WEAgent0,MALE_OLD_HIGH_INCOME,101,92.56755341662999,0,0.0
66,WEAgent5,OLD_HIGH_INCOME,152,151.2752155769017,0,0.0
66,WEAgent6,FEMALE_OLD,351,357.55815957322744,354,357.53999999999826
66,WEAgent3,FEMALE_YOUNG_HIGH_INCOME,32,28.264591725214636,0,0.0
66,WEAgent4,FEMALE_YOUNG,280,301.98507247401835,295,301.35590846603276
66,WEAgent7,MALE_OLD_LOW_INCOME,225,253.68533316525543,251,253.50999999999917
67,WEAgent1,FEMALE_YOUNG_HIGH_INCOME,32,32.59965626790645,32,32.32000000000004
67,WEAgent2,FEMALE_YOUNG_HIGH_INCOME,32,28.27660740753834,0,0.0
67,WEAgent0,MALE_OLD_LOW_INCOME,225,234.08369309847185,231,233.30999999999935
67,WEAgent5,MALE_HIGH_INCOME,166,156.75591471257863,0,0.0
67,WEAgent6,MALE_OLD,326,348.05863384063025,344,347.43999999999835
67,WEAgent3,FEMALE_YOUNG_HIGH_INCOME,32,29.334176265610758,0,0.0
67,WEAgent4,YOUNG_LOW_INCOME,477,505.51944953653566,500,504.99999999999693
67,WEAgent7,FEMALE_OLD_LOW_INCOME,301,322.50012751719794,319,322.1899999999986
68,WEAgent1,FEMALE_OLD_LOW_INCOME,301,296.16182681780896,0,0.0
68,WEAgent2,MALE_YOUNG_LOW_INCOME,230,236.37060545492218,234,236.33999999999932
68,WEAgent0,OLD_LOW_INCOME,525,573.4477860404227,537,572.8117679672027
68,WEAgent5,OLD_LOW_INCOME,525,560.0115049958636,525,559.5579963483124
68,WEAgent6,FEMALE_LOW_INCOME,548,575.6521556142443,569,574.6899999999963
68,WEAgent3,MALE_YOUNG_HIGH_INCOME,65,60.63333336532318,0,0.0
68,WEAgent4,OLD_HIGH_INCOME,152,151.63626572589163,0,0.0
68,WEAgent7,MALE_OLD_LOW_INCOME,225,252.8491847683541,237,252.80519368384833
69,WEAgent1,FEMALE_OLD_HIGH_INCOME,51,49.07417870526731,0,0.0
69,WEAgent2,MALE_YOUNG_LOW_INCOME,230,198.53668753183874,0,0.0
69,WEAgent0,MALE_YOUNG,295,302.8937786359728,299,301.98999999999876
69,WEAgent5,MALE_HIGH_INCOME,166,149.83250861812118,0,0.0
69,WEAgent6,YOUNG_LOW_INCOME,477,542.4121825303579,537,542.3699999999966
69,WEAgent3,FEMALE_OLD_HIGH_INCOME,51,47.29707027616645,0,0.0
69,WEAgent4,FEMALE_HIGH_INCOME,83,95.51534610995125,94,94.94000000000014
69,WEAgent7,MALE_OLD_LOW_INCOME,225,230.57651430360767,228,230.27999999999938
70,WEAgent1,FEMALE_HIGH_INCOME,83,84.92090519733273,83,84.31630713616045
70,WEAgent2,MALE_OLD_LOW_INCOME,225,241.25587124555278,238,240.37999999999928
70,WEAgent0,MALE_YOUNG_LOW_INCOME,230,231.00281346972136,0,0.0
70,WEAgent5,FEMALE_YOUNG,280,273.6945010959353,0,0.0
70,WEAgent6,MALE_HIGH_INCOME,166,149.86744039230885,0,0.0
70,WEAgent3,FEMALE_OLD_LOW_INCOME,301,317.2363685044861,314,317.1399999999986
70,WEAgent4,MALE_LOW_INCOME,454,452.5526901958406,0,0.0
70,WEAgent7,FEMALE_OLD,351,361.8919173744722,357,361.1483111889456
71,WEAgent1,YOUNG_HIGH_INCOME,97,79.01696903407667,0,0.0
71,WEAgent2,FEMALE_OLD_HIGH_INCOME,51,46.31069727301586,0,0.0
71,WEAgent0,MALE_OLD,326,307.1926365336858,0,0.0
71,WEAgent5,OLD_HIGH_INCOME,152,157.45597051396425,154,157.09367257130168
71,WEAgent6,MALE_OLD_LOW_INCOME,225,239.95157278156398,237,239.3699999999993
71,WEAgent3,FEMALE_LOW_INCOME,548,559.284599022997,553,558.5299999999964
71,WEAgent4,FEMALE_OLD_HIGH_INCOME,51,53.283081616508824,51,52.830621685606395
71,WEAgent7,FEMALE_OLD_HIGH_INCOME,51,46.8921273848156,0,0.0
72,WEAgent1,MALE_YOUNG,295,328.99828010162696,319,328.12978332942146
72,WEAgent2,FEMALE_YOUNG_HIGH_INCOME,32,33.98437473889469,32,33.77632789653284
72,WEAgent0,OLD_LOW_INCOME,525,554.718611964198,549,554.4899999999965
72,WEAgent5,MALE_OLD_LOW_INCOME,225,187.79562172318637,0,0.0
72,WEAgent6,MALE_YOUNG_HIGH_INCOME,65,70.19218725191165,64,69.1123074480361
72,WEAgent3,MALE_YOUNG_HIGH_INCOME,65,63.94061528834002,0,0.0
72,WEAgent4,MALE_YOUNG_LOW_INCOME,230,210.88800461992577,0,0.0
72,WEAgent7,FEMALE_YOUNG_HIGH_INCOME,32,34.02608597198864,32,33.98437473889467
73,WEAgent1,FEMALE_OLD_HIGH_INCOME,51,46.785520099813674,0,0.0
73,WEAgent2,FEMALE_OLD,351,399.72198578432165,367,371.90840816176296
73,WEAgent0,MALE_YOUNG,295,273.23762781189384,0,0.0
73,WEAgent5,YOUNG_HIGH_INCOME,97,90.38127225684367,0,0.0
73,WEAgent6,OLD_HIGH_INCOME,152,143.18868961480717,0,0.0
73,WEAgent3,OLD_HIGH_INCOME,152,159.79460135294224,157,159.76712788970607
73,WEAgent4,MALE_OLD_HIGH_INCOME,101,84.73590553757552,0,0.0
73,WEAgent7,MALE_OLD_LOW_INCOME,225,227.36693189858056,225,227.2499999999994
74,WEAgent1,FEMALE_YOUNG_HIGH_INCOME,32,29.90905222289372,0,0.0
74,WEAgent2,MALE_HIGH_INCOME,166,170.35536474114267,165,169.32912760414806
74,WEAgent0,MALE_YOUNG,295,308.93485819879055,303,308.3519105902602
74,WEAgent5,MALE_OLD,326,285.2796143341645,0,0.0
74,WEAgent6,YOUNG_HIGH_INCOME,97,100.57126831403664,98,99.5482997948194
74,WEAgent3,MALE_YOUNG_LOW_INCOME,230,230.26208740141124,0,0.0
74,WEAgent4,FEMALE_OLD,351,359.05791115617194,354,358.38220576965966
74,WEAgent7,FEMALE_OLD_HIGH_INCOME,51,54.446448196045964,53,54.21672162757007
75,WEAgent1,MALE_OLD_HIGH_INCOME,101,104.15544770623079,103,104.03000000000019
75,WEAgent2,MALE_YOUNG,295,262.4608976761434,0,0.0
75,WEAgent0,MALE_YOUNG_LOW_INCOME,230,243.92879962825245,241,243.40999999999926
75,WEAgent5,FEMALE_YOUNG,280,292.6322047688739,289,291.88999999999885
75,WEAgent6,MALE_OLD_LOW_INCOME,225,250.36772163596265,247,249.4699999999992
75,WEAgent3,FEMALE_OLD,351,386.95491113309055,381,386.6856395196926
75,WEAgent4,FEMALE_HIGH_INCOME,83,65.78304083701232,0,0.0
75,WEAgent7,FEMALE_OLD,351,372.30322895710316,367,372.14009583975877
76,WEAgent1,MALE_LOW_INCOME,454,460.3312001885575,454,460.3312001885554
76,WEAgent2,OLD_HIGH_INCOME,152,169.5047603859055,167,168.66999999999993
76,WEAgent0,MALE_YOUNG_HIGH_INCOME,65,58.02121083731827,0,0.0
76,WEAgent5,FEMALE_HIGH_INCOME,83,75.44294576105248,0,0.0
76,WEAgent6,FEMALE_OLD_LOW_INCOME,301,285.8558799726825,0,0.0
76,WEAgent3,FEMALE_LOW_INCOME,548,496.4225301135932,0,0.0
76,WEAgent4,FEMALE_YOUNG_LOW_INCOME,248,218.36719096128857,0,0.0
76,WEAgent7,MALE_LOW_INCOME,454,461.99968195075473,455,461.2938556901795
77,WEAgent1,YOUNG_HIGH_INCOME,97,89.61883720571014,0,0.0
77,WEAgent2,MALE_OLD_LOW_INCOME,225,203.55148095976585,0,0.0
77,WEAgent0,FEMALE_OLD_LOW_INCOME,301,276.8348876324528,0,0.0
77,WEAgent5,FEMALE_OLD_LOW_INCOME,301,336.70828563451096,333,336.32999999999845
77,WEAgent6,FEMALE_OLD,351,315.5471054231795,0,0.0
77,WEAgent3,MALE_LOW_INCOME,454,462.2978062415838,453,461.2795291353282
77,WEAgent4,YOUNG_HIGH_INCOME,97,103.81585079913484,102,103.02000000000018
77,WEAgent7,YOUNG_LOW_INCOME,477,512.9510902632155,504,512.5908785851113
78,WEAgent1,MALE_YOUNG_HIGH_INCOME,65,62.00764255514339,0,0.0
78,WEAgent2,MALE_OLD_HIGH_INCOME,101,101.52844166534557,0,0.0
78,WEAgent0,MALE_YOUNG_LOW_INCOME,230,257.0367365475782,254,256.53999999999917
78,WEAgent5,MALE_HIGH_INCOME,166,169.23179804446733,167,168.66999999999993
78,WEAgent6,MALE_HIGH_INCOME,166,156.61739977428468,0,0.0
78,WEAgent3,FEMALE_LOW_INCOME,548,565.9771812783379,560,565.5999999999964
78,WEAgent4,MALE_OLD_LOW_INCOME,225,203.1551526700656,0,0.0
78,WEAgent7,FEMALE_OLD_LOW_INCOME,301,347.0495199871839,343,346.42999999999836
79,WEAgent1,MALE_OLD_HIGH_INCOME,101,102.89606960328506,101,102.89606960328483
79,WEAgent2,FEMALE_OLD_LOW_INCOME,301,268.66773839694986,0,0.0
79,WEAgent0,YOUNG_HIGH_INCOME,97,92.06973613171876,0,0.0
79,WEAgent5,MALE_YOUNG,295,324.57521256450224,320,323.7473424720414
79,WEAgent6,MALE_OLD,326,347.2737906454962,343,347.08797247768507
79,WEAgent3,YOUNG_LOW_INCOME,477,484.6078517300484,479,483.7899999999971
79,WEAgent4,FEMALE_OLD_LOW_INCOME,301,312.17281316031375,309,312.08999999999867
79,WEAgent7,YOUNG_HIGH_INCOME,97,109.98894744185972,108,109.72253246718091
80,WEAgent1,MALE_YOUNG_HIGH_INCOME,65,66.47805963549011,65,65.64999999999999
80,WEAgent2,MALE_OLD_HIGH_INCOME,101,108.52633483129867,107,108.0700000000002
80,WEAgent0,MALE_YOUNG,295,274.36474008669416,0,0.0
80,WEAgent5,FEMALE_LOW_INCOME,548,617.1900315721729,571,616.9965875126443
80,WEAgent6,FEMALE_YOUNG_LOW_INCOME,248,217.13870476826807,0,0.0
80,WEAgent3,FEMALE_YOUNG_HIGH_INCOME,32,32.21268925657174,0,0.0
80,WEAgent4,FEMALE_LOW_INCOME,548,592.1438353010996,548,591.7910630812021
80,WEAgent7,FEMALE_OLD_HIGH_INCOME,51,43.3359550942836,0,0.0
81,WEAgent1,MALE_OLD_HIGH_INCOME,101,98.73294149492493,0,0.0
81,WEAgent2,OLD_LOW_INCOME,525,503.7958752092686,0,0.0
81,WEAgent0,MALE_LOW_INCOME,454,428.3187450165562,0,0.0
81,WEAgent5,FEMALE_HIGH_INCOME,83,91.34296989187065,90,90.90000000000012
81,WEAgent6,MALE_LOW_INCOME,454,515.2916833334265,483,514.6622542786888
81,WEAgent3,MALE_OLD,326,292.85703226774547,0,0.0
81,WEAgent4,MALE_OLD,326,327.46347714153444,0,0.0
81,WEAgent7,OLD_LOW_INCOME,525,559.4154937811775,527,559.0467009572004
82,WEAgent1,FEMALE_YOUNG_HIGH_INCOME,32,30.774682005594308,0,0.0
82,WEAgent2,FEMALE_OLD_LOW_INCOME,301,289.44444528583296,0,0.0
82,WEAgent0,MALE_YOUNG,295,289.9860447556851,0,0.0
82,WEAgent5,MALE_HIGH_INCOME,166,181.36229637865227,166,181.36229637865193
82,WEAgent6,FEMALE_LOW_INCOME,548,515.3547901604,0,0.0
82,WEAgent3,FEMALE_OLD_HIGH_INCOME,51,55.27284454310719,54,54.54
82,WEAgent4,MALE_OLD_LOW_INCOME,225,218.7757172950642,0,0.0
82,WEAgent7,MALE_YOUNG,295,324.01025500155214,307,323.85484033273895
83,WEAgent1,MALE_OLD_LOW_INCOME,225,244.9544460767973,242,244.41999999999925
83,WEAgent2,FEMALE_YOUNG,280,236.22562166709488,0,0.0
83,WEAgent0,FEMALE_YOUNG,280,286.3419405589795,255,285.96461787343856
83,WEAgent5,FEMALE_LOW_INCOME,548,628.3415893973292,595,627.8619217358979
83,WEAgent6,MALE_OLD_HIGH_INCOME,101,95.45041926684047,0,0.0
83,WEAgent3,YOUNG_HIGH_INCOME,97,86.54731823118685,0,0.0
83,WEAgent4,MALE_YOUNG,295,303.3211748234525,297,302.8103500761294
83,WEAgent7,MALE_HIGH_INCOME,166,183.06622723021806,178,183.020912266354
84,WEAgent1,MALE_LOW_INCOME,454,405.0222472858243,0,0.0
84,WEAgent2,MALE_OLD_HIGH_INCOME,101,99.88037110184295,0,0.0
84,WEAgent0,FEMALE_YOUNG_LOW_INCOME,248,241.85033836550696,0,0.0
84,WEAgent5,OLD_LOW_INCOME,525,546.2019452642643,539,545.8167354108125
84,WEAgent6,FEMALE_YOUNG_LOW_INCOME,248,225.84712100934323,0,0.0
84,WEAgent3,FEMALE_OLD_LOW_INCOME,301,361.6899054416775,358,361.5799999999982
84,WEAgent4,MALE_OLD_LOW_INCOME,225,228.7859591743235,225,228.7859591743229
84,WEAgent7,FEMALE_OLD,351,412.5646794202126,408,412.07999999999777
85,WEAgent1,YOUNG_LOW_INCOME,477,463.32420592782097,0,0.0
85,WEAgent2,FEMALE_LOW_INCOME,548,520.3699597672066,0,0.0
85,WEAgent0,YOUNG_LOW_INCOME,477,498.6304164549827,493,497.929999999997
85,WEAgent5,YOUNG_HIGH_INCOME,97,100.43693143152774,99,99.99000000000017
85,WEAgent6,FEMALE_YOUNG,280,279.5292738429398,0,0.0
85,WEAgent3,MALE_OLD,326,343.66803497151204,340,343.3999999999984
85,WEAgent4,YOUNG_HIGH_INCOME,97,79.06967543537036,0,0.0
85,WEAgent7,MALE_YOUNG_HIGH_INCOME,65,67.4715382230418,66,66.66
86,WEAgent1,FEMALE_HIGH_INCOME,83,84.95450172056006,83,84.95450172055997
86,WEAgent2,YOUNG_LOW_INCOME,477,539.804107486233,534,539.3399999999966
86,WEAgent0,OLD_HIGH_INCOME,152,149.11141552677603,0,0.0
86,WEAgent5,FEMALE_OLD,351,368.6247872014122,364,368.58837494504877
86,WEAgent6,FEMALE_OLD_LOW_INCOME,301,256.655462250576,0,0.0
86,WEAgent3,FEMALE_HIGH_INCOME,83,75.27661572818073,0,0.0
86,WEAgent4,YOUNG_HIGH_INCOME,97,100.33716329520155,98,99.54902496703055
86,WEAgent7,MALE_LOW_INCOME,454,456.57785072118673,0,0.0
87,WEAgent1,MALE_YOUNG,295,220.94379491323292,0,0.0
87,WEAgent2,FEMALE_OLD,351,405.44244168328794,381,384.809999999998
87,WEAgent0,MALE_LOW_INCOME,454,438.2188553563647,0,0.0
87,WEAgent5,YOUNG_HIGH_INCOME,97,102.85642757603063,101,102.01000000000018
87,WEAgent6,MALE_OLD_HIGH_INCOME,101,91.21603464986421,0,0.0
87,WEAgent3,MALE_HIGH_INCOME,166,163.08718878681,0,0.0
87,WEAgent4,FEMALE_YOUNG_HIGH_INCOME,32,30.37405438578448,0,0.0
87,WEAgent7,FEMALE_YOUNG_LOW_INCOME,248,268.0786991593022,265,267.64999999999907
88,WEAgent1,YOUNG_LOW_INCOME,477,511.5116339363947,502,510.5974185741078
88,WEAgent2,MALE_YOUNG_HIGH_INCOME,65,63.22141667317967,0,0.0
88,WEAgent0,MALE_LOW_INCOME,454,493.7280101078564,467,493.06182993340656
88,WEAgent5,FEMALE_LOW_INCOME,548,572.5110371325602,562,571.610745819721
88,WEAgent6,MALE_OLD_LOW_INCOME,225,278.23729162844154,255,277.31419069934475
88,WEAgent3,FEMALE_YOUNG_HIGH_INCOME,32,33.14838682540617,31,32.11249973711224
88,WEAgent4,YOUNG_HIGH_INCOME,97,102.17302396688504,100,101.93193517858208
88,WEAgent7,FEMALE_LOW_INCOME,548,557.3852298378756,548,557.38522983787
89,WEAgent1,OLD_HIGH_INCOME,152,127.33804319868588,0,0.0
89,WEAgent2,MALE_YOUNG_LOW_INCOME,230,265.97901035404027,263,265.6299999999991
89,WEAgent0,FEMALE_OLD,351,345.3997131807769,0,0.0
89,WEAgent5,MALE_YOUNG_HIGH_INCOME,65,64.26373768658239,0,0.0
89,WEAgent6,FEMALE_LOW_INCOME,548,584.3634965621743,578,583.7799999999962
89,WEAgent3,MALE_OLD,326,330.39117928965214,327,330.2699999999985
89,WEAgent4,FEMALE_OLD_HIGH_INCOME,51,59.390177305087605,58,58.57999999999999
89,WEAgent7,FEMALE_YOUNG_HIGH_INCOME,32,32.28922651523902,0,0.0
90,WEAgent1,FEMALE_HIGH_INCOME,83,86.19087557864799,85,85.8500000000001
90,WEAgent2,FEMALE_YOUNG_HIGH_INCOME,32,28.68840463527354,0,0.0
90,WEAgent0,MALE_OLD_LOW_INCOME,225,219.69057965809353,0,0.0
90,WEAgent5,MALE_OLD_LOW_INCOME,225,241.94888841691935,239,241.38999999999928
90,WEAgent6,FEMALE_HIGH_INCOME,83,77.98624511008167,0,0.0
90,WEAgent3,FEMALE_OLD_LOW_INCOME,301,306.6351165439948,303,306.0299999999987
90,WEAgent4,YOUNG_HIGH_INCOME,97,83.39962876172984,0,0.0
90,WEAgent7,MALE_YOUNG_LOW_INCOME,230,213.55242853636872,0,0.0
91,WEAgent1,MALE_LOW_INCOME,454,383.87300100154414,0,0.0
91,WEAgent2,OLD_HIGH_INCOME,152,150.89594348505025,0,0.0
91,WEAgent0,FEMALE_YOUNG_HIGH_INCOME,32,28.13299969208509,0,0.0
91,WEAgent5,YOUNG_LOW_INCOME,477,413.35174518161415,0,0.0
91,WEAgent6,MALE_OLD,326,313.5989676867857,0,0.0
91,WEAgent3,YOUNG_HIGH_INCOME,97,90.24945273851432,0,0.0
91,WEAgent4,MALE_OLD,326,372.3586976945227,368,371.67999999999813
91,WEAgent7,YOUNG_HIGH_INCOME,97,98.33738302634343,97,97.97000000000016
92,WEAgent1,FEMALE_LOW_INCOME,548,615.0359757974171,608,614.079999999996
92,WEAgent2,FEMALE_OLD_HIGH_INCOME,51,57.95808108063611,57,57.56999999999999
92,WEAgent0,FEMALE_OLD,351,333.2053968154287,0,0.0
92,WEAgent5,MALE_YOUNG,295,315.64173937066107,310,314.6406671920175
92,WEAgent6,FEMALE_LOW_INCOME,548,536.3463742832085,0,0.0
92,WEAgent3,YOUNG_HIGH_INCOME,97,99.64915413062745,97,99.64915413062735
92,WEAgent4,MALE_YOUNG_HIGH_INCOME,65,64.64486651514804,0,0.0
92,WEAgent7,OLD_LOW_INCOME,525,480.82539483147974,0,0.0
93,WEAgent1,MALE_YOUNG_LOW_INCOME,230,268.72184430467445,266,268.65999999999906
93,WEAgent2,FEMALE_OLD,351,345.12030524212355,0,0.0
93,WEAgent0,FEMALE_YOUNG,280,266.7316326888739,0,0.0
93,WEAgent5,MALE_OLD_LOW_INCOME,225,213.84250966329105,0,0.0
93,WEAgent6,YOUNG_HIGH_INCOME,97,83.74624986651966,0,0.0
93,WEAgent3,FEMALE_YOUNG,280,266.75207379858506,0,0.0
93,WEAgent4,FEMALE_HIGH_INCOME,83,89.70104403778804,88,88.88000000000011
93,WEAgent7,FEMALE_LOW_INCOME,548,466.8562849222576,0,0.0
94,WEAgent1,FEMALE_HIGH_INCOME,83,68.80395006481675,0,0.0
94,WEAgent2,FEMALE_YOUNG_HIGH_INCOME,32,34.9223396123373,33,34.613908413303896
94,WEAgent0,FEMALE_OLD,351,376.3097683879009,372,375.7199999999981
94,WEAgent5,YOUNG_HIGH_INCOME,97,101.74391260880238,99,101.27390841330403
94,WEAgent6,FEMALE_LOW_INCOME,548,469.1367955617868,0,0.0
94,WEAgent3,MALE_HIGH_INCOME,166,136.0037983047643,0,0.0
94,WEAgent4,MALE_HIGH_INCOME,166,163.2040048662104,0,0.0
94,WEAgent7,MALE_OLD_LOW_INCOME,225,220.31787483075908,0,0.0
95,WEAgent1,FEMALE_LOW_INCOME,548,563.7501120289797,558,563.5799999999964
95,WEAgent2,YOUNG_HIGH_INCOME,97,111.02612777943754,109,110.09000000000022
95,WEAgent0,MALE_OLD_LOW_INCOME,225,203.22920097676763,0,0.0
95,WEAgent5,YOUNG_LOW_INCOME,477,429.3719137530613,0,0.0
95,WEAgent6,FEMALE_YOUNG_LOW_INCOME,248,232.79244582924719,0,0.0
95,WEAgent3,FEMALE_OLD_HIGH_INCOME,51,49.84405719546762,0,0.0
95,WEAgent4,MALE_OLD,326,321.2879899000792,0,0.0
95,WEAgent7,FEMALE_YOUNG_HIGH_INCOME,32,27.07592633542022,0,0.0
96,WEAgent1,YOUNG_LOW_INCOME,477,448.963476325034,0,0.0
96,WEAgent2,FEMALE_OLD_HIGH_INCOME,51,56.04709630460734,0,0.0
96,WEAgent0,FEMALE_OLD,351,370.3009049860093,364,369.34034886304073
96,WEAgent5,FEMALE_OLD,351,339.78520841403247,0,0.0
96,WEAgent6,MALE_LOW_INCOME,454,456.793118105122,0,0.0
96,WEAgent3,FEMALE_HIGH_INCOME,83,86.77018657567788,84,86.04441377798857
96,WEAgent4,MALE_YOUNG_LOW_INCOME,230,193.89898847467305,0,0.0
96,WEAgent7,MALE_YOUNG,295,326.625393025078,323,326.22999999999854
97,WEAgent1,FEMALE_OLD,351,307.47595612079147,0,0.0
97,WEAgent2,MALE_HIGH_INCOME,166,178.4804108398025,176,177.75999999999985
97,WEAgent0,MALE_LOW_INCOME,454,554.615411089836,549,554.4899999999965
97,WEAgent5,YOUNG_HIGH_INCOME,97,96.82569140039529,0,0.0
97,WEAgent6,FEMALE_YOUNG_HIGH_INCOME,32,35.61736699607394,35,35.35000000000004
97,WEAgent3,YOUNG_LOW_INCOME,477,492.5135054354112,487,491.86999999999705
97,WEAgent4,MALE_OLD_HIGH_INCOME,101,105.18559813321478,104,105.04000000000019
97,WEAgent7,FEMALE_OLD,351,419.4081328402269,403,407.0299999999978
98,WEAgent1,MALE_LOW_INCOME,454,463.8653411242589,459,463.5899999999973
98,WEAgent2,MALE_OLD_HIGH_INCOME,101,101.56944772484269,0,0.0
98,WEAgent0,FEMALE_HIGH_INCOME,83,63.38298169024732,0,0.0
98,WEAgent5,OLD_HIGH_INCOME,152,163.6147330949842,151,162.53832037725445
98,WEAgent6,YOUNG_HIGH_INCOME,97,86.21496541519599,0,0.0
98,WEAgent3,FEMALE_LOW_INCOME,548,512.6264730182645,0,0.0
98,WEAgent4,OLD_HIGH_INCOME,152,164.21832029850324,154,164.1072405871906
98,WEAgent7,FEMALE_OLD,351,348.3021020171791,0,0.0
99,WEAgent1,FEMALE_YOUNG,280,273.4727089062335,0,0.0
99,WEAgent2,FEMALE_HIGH_INCOME,83,89.71435227681795,88,88.88000000000011
99,WEAgent0,OLD_LOW_INCOME,525,459.732541732582,0,0.0
99,WEAgent5,YOUNG_LOW_INCOME,477,421.8783940632443,0,0.0
99,WEAgent6,MALE_LOW_INCOME,454,380.5735069306441,0,0.0
99,WEAgent3,YOUNG_LOW_INCOME,477,478.42370860438047,0,0.0
99,WEAgent4,FEMALE_HIGH_INCOME,83,82.61126310982179,0,0.0
99,WEAgent7,MALE_YOUNG_HIGH_INCOME,65,64.99298093836664,0,0.0

