0,WFAgent6,MALE_YOUNG,92,2353.0,404,2140.384615384618
0,WFAgent7,FEMALE_OLD,110,2808.0,110,2801.8023255813987
0,WFAgent8,MALE_HIGH_INCOME,52,1325.0,0,0.0
0,WFAgent9,MALE_LOW_INCOME,143,3631.0,0,0.0
0,SIAgent3,MALE_OLD_HIGH_INCOME,31,808.0,31,791.1078431372546
0,SIAgent1,FEMALE_OLD,110,2808.0,143,2806.9294926004222
0,SIAgent2,MALE_OLD,102,2603.0,2521,1301.4999999999993
0,SIAgent0,FEMALE_LOW_INCOME,172,4381.0,3874,4024.4069767441924
0,WFAgent14,FEMALE_YOUNG_HIGH_INCOME,10,256.0,262,0.0
0,WFAgent13,FEMALE_HIGH_INCOME,26,663.0,0,0.0
0,WFAgent12,MALE_YOUNG_LOW_INCOME,72,1836.0,1844,0.0
0,WFAgent11,FEMALE_OLD_LOW_INCOME,94,2401.0,94,2399.5636363636345
0,WFAgent0,MALE_YOUNG,92,2353.0,92,2344.2307692307704
0,WFAgent10,MALE_YOUNG_HIGH_INCOME,20,517.0,20,509.6153846153846
0,WFAgent1,OLD_LOW_INCOME,165,4196.0,0,0.0
0,WFAgent2,FEMALE_LOW_INCOME,172,4381.0,0,0.0
0,WFAgent3,MALE_LOW_INCOME,143,3631.0,0,0.0
0,WFAgent4,OLD_HIGH_INCOME,47,1215.0,47,1199.4215686274504
0,WFAgent5,FEMALE_LOW_INCOME,172,4381.0,171,4355.529069767449
1,WFAgent6,FEMALE_LOW_INCOME,172,4381.0,2121,4228.174418604658
1,WFAgent7,MALE_LOW_INCOME,143,3631.0,0,0.0
1,WFAgent8,FEMALE_YOUNG_HIGH_INCOME,10,256.0,10,255.0
1,WFAgent9,MALE_YOUNG,92,2353.0,92,2352.999999999998
1,SIAgent3,YOUNG_HIGH_INCOME,30,773.0,30,768.4260869565219
1,SIAgent1,FEMALE_HIGH_INCOME,26,663.0,617,306.0
1,SIAgent2,MALE_YOUNG_HIGH_INCOME,20,517.0,20,515.3333333333331
1,SIAgent0,MALE_OLD_LOW_INCOME,70,1795.0,70,1786.3725490196068
1,WFAgent14,MALE_YOUNG,92,2353.0,0,0.0
1,WFAgent13,YOUNG_HIGH_INCOME,30,773.0,30,767.2826086956524
1,WFAgent12,MALE_OLD_HIGH_INCOME,31,808.0,791,0.0
1,WFAgent11,YOUNG_HIGH_INCOME,30,773.0,30,767.1333333333332
1,WFAgent0,MALE_OLD,102,2603.0,102,2597.8800219388418
1,WFAgent10,FEMALE_LOW_INCOME,172,4381.0,171,4355.529069767449
1,WFAgent1,MALE_LOW_INCOME,143,3631.0,1538,0.0
1,WFAgent2,FEMALE_OLD_LOW_INCOME,94,2401.0,94,2394.2674418604674
1,WFAgent3,MALE_OLD,102,2603.0,0,0.0
1,WFAgent4,MALE_OLD_LOW_INCOME,70,1795.0,70,1786.3725490196068
1,WFAgent5,MALE_YOUNG,92,2353.0,388,2352.999999999998
2,WFAgent6,FEMALE_YOUNG_HIGH_INCOME,10,256.0,247,0.0
2,WFAgent7,FEMALE_HIGH_INCOME,26,663.0,0,0.0
2,WFAgent8,YOUNG_LOW_INCOME,150,3816.0,2016,0.0
2,WFAgent9,MALE_HIGH_INCOME,52,1325.0,457,1299.5192307692323
2,SIAgent3,FEMALE_OLD_HIGH_INCOME,16,407.0,411,0.0
2,SIAgent1,MALE_OLD,102,2603.0,102,2602.9999999999986
2,SIAgent2,MALE_OLD,102,2603.0,102,2602.9999999999986
2,SIAgent0,MALE_OLD,102,2603.0,102,2602.9999999999986
2,WFAgent14,FEMALE_LOW_INCOME,172,4381.0,172,4380.7968639887295
2,WFAgent13,OLD_HIGH_INCOME,47,1215.0,644,918.7058823529408
2,WFAgent12,FEMALE_OLD,110,2808.0,110,2801.8023255813987
2,WFAgent11,MALE_HIGH_INCOME,52,1325.0,0,0.0
2,WFAgent0,OLD_LOW_INCOME,165,4196.0,0,0.0
2,WFAgent10,MALE_OLD_LOW_INCOME,70,1795.0,1563,1607.7352941176462
2,WFAgent1,MALE_HIGH_INCOME,52,1325.0,51,1299.5192307692323
2,WFAgent2,FEMALE_LOW_INCOME,172,4381.0,171,4355.529069767449
2,WFAgent3,MALE_YOUNG,92,2353.0,1794,0.0
2,WFAgent4,OLD_LOW_INCOME,165,4196.0,1988,0.0
2,WFAgent5,MALE_OLD_LOW_INCOME,70,1795.0,70,1786.3725490196068
3,WFAgent6,MALE_OLD,102,2603.0,796,0.0
3,WFAgent7,MALE_YOUNG_LOW_INCOME,72,1836.0,0,0.0
3,WFAgent8,FEMALE_YOUNG_HIGH_INCOME,10,256.0,10,255.99999999999997
3,WFAgent9,MALE_YOUNG_LOW_INCOME,72,1836.0,72,1836.0
3,SIAgent3,FEMALE_OLD_HIGH_INCOME,16,407.0,380,0.0
3,SIAgent1,FEMALE_YOUNG_LOW_INCOME,78,1980.0,77,1954.615384615387
3,SIAgent2,MALE_OLD_LOW_INCOME,70,1795.0,70,1794.9999999999986
3,SIAgent0,OLD_LOW_INCOME,165,4196.0,3896,0.0
3,WFAgent14,MALE_YOUNG,92,2353.0,471,0.0
3,WFAgent13,MALE_OLD_LOW_INCOME,70,1795.0,70,1794.7874458874446
3,WFAgent12,FEMALE_LOW_INCOME,172,4381.0,172,4366.153846153837
3,WFAgent11,FEMALE_HIGH_INCOME,26,663.0,256,0.0
3,WFAgent0,FEMALE_OLD_LOW_INCOME,94,2401.0,94,2400.7754996776252
3,WFAgent10,MALE_YOUNG_LOW_INCOME,72,1836.0,1716,1351.5
3,WFAgent1,FEMALE_YOUNG_LOW_INCOME,78,1980.0,1746,1954.615384615387
3,WFAgent2,FEMALE_YOUNG,88,2236.0,0,0.0
3,WFAgent3,MALE_OLD_LOW_INCOME,70,1795.0,70,1794.9999999999986
3,WFAgent4,FEMALE_OLD_LOW_INCOME,94,2401.0,94,2400.9999999999977
3,WFAgent5,FEMALE_YOUNG_HIGH_INCOME,10,256.0,10,255.99999999999997
4,WFAgent6,MALE_YOUNG_HIGH_INCOME,20,517.0,472,412.2666666666665
4,WFAgent7,FEMALE_OLD_HIGH_INCOME,16,407.0,16,407.0
4,WFAgent8,YOUNG_HIGH_INCOME,30,773.0,30,772.9999999999997
4,WFAgent9,FEMALE_OLD_HIGH_INCOME,16,407.0,191,381.5625
4,SIAgent3,FEMALE_YOUNG,88,2236.0,2159,1016.363636363636
4,SIAgent1,MALE_OLD_HIGH_INCOME,31,808.0,762,0.0
4,SIAgent2,MALE_YOUNG,92,2353.0,92,2346.0
4,SIAgent0,FEMALE_OLD,110,2808.0,1327,2798.125
4,WFAgent14,OLD_HIGH_INCOME,47,1215.0,46,1189.1489361702131
4,WFAgent13,MALE_YOUNG_LOW_INCOME,72,1836.0,0,0.0
4,WFAgent12,MALE_YOUNG_HIGH_INCOME,20,517.0,20,515.3333333333331
4,WFAgent11,OLD_LOW_INCOME,165,4196.0,1164,0.0
4,WFAgent0,YOUNG_HIGH_INCOME,30,773.0,30,772.9999999999997
4,WFAgent10,OLD_HIGH_INCOME,47,1215.0,47,1209.4955512572528
4,WFAgent1,MALE_OLD,102,2603.0,0,0.0
4,WFAgent2,YOUNG_HIGH_INCOME,30,773.0,30,762.2727272727273
4,WFAgent3,MALE_YOUNG_LOW_INCOME,72,1836.0,1783,0.0
4,WFAgent4,MALE_YOUNG_HIGH_INCOME,20,517.0,20,515.3333333333331
4,WFAgent5,MALE_OLD_LOW_INCOME,70,1795.0,1811,0.0
5,WFAgent6,MALE_YOUNG_HIGH_INCOME,20,517.0,20,509.6153846153846
5,WFAgent7,FEMALE_LOW_INCOME,172,4381.0,0,0.0
5,WFAgent8,FEMALE_OLD,110,2808.0,2120,0.0
5,WFAgent9,FEMALE_HIGH_INCOME,26,663.0,0,0.0
5,SIAgent3,MALE_HIGH_INCOME,52,1325.0,1259,637.019230769231
5,SIAgent1,OLD_HIGH_INCOME,47,1215.0,47,1200.928805237317
5,SIAgent2,MALE_OLD_HIGH_INCOME,31,808.0,31,801.382978723404
5,SIAgent0,FEMALE_YOUNG_LOW_INCOME,78,1980.0,1979,0.0
5,WFAgent14,OLD_HIGH_INCOME,47,1215.0,349,827.2340425531912
5,WFAgent13,MALE_YOUNG_HIGH_INCOME,20,517.0,20,509.6153846153846
5,WFAgent12,OLD_HIGH_INCOME,47,1215.0,46,1189.1489361702131
5,WFAgent11,FEMALE_OLD_LOW_INCOME,94,2401.0,94,2400.9999999999977
5,WFAgent0,FEMALE_OLD_LOW_INCOME,94,2401.0,94,2400.9999999999977
5,WFAgent10,FEMALE_HIGH_INCOME,26,663.0,26,660.6363636363637
5,WFAgent1,MALE_OLD_LOW_INCOME,70,1795.0,1700,0.0
5,WFAgent2,FEMALE_YOUNG,88,2236.0,0,0.0
5,WFAgent3,FEMALE_YOUNG,88,2236.0,241,0.0
5,WFAgent4,MALE_OLD,102,2603.0,0,0.0
5,WFAgent5,FEMALE_OLD_LOW_INCOME,94,2401.0,94,2400.140524492824
6,WFAgent6,FEMALE_YOUNG_LOW_INCOME,78,1980.0,1914,0.0
6,WFAgent7,MALE_LOW_INCOME,143,3631.0,0,0.0
6,WFAgent8,FEMALE_YOUNG_HIGH_INCOME,10,256.0,10,254.0909090909091
6,WFAgent9,FEMALE_YOUNG_LOW_INCOME,78,1980.0,0,0.0
6,SIAgent3,OLD_LOW_INCOME,165,4196.0,3803,1856.4121212121224
6,SIAgent1,FEMALE_LOW_INCOME,172,4381.0,172,4371.505366726293
6,SIAgent2,YOUNG_HIGH_INCOME,30,773.0,82,765.0
6,SIAgent0,MALE_OLD,102,2603.0,138,2593.890909090912
6,WFAgent14,FEMALE_YOUNG,88,2236.0,87,2210.5909090909126
6,WFAgent13,MALE_HIGH_INCOME,52,1325.0,454,0.0
6,WFAgent12,OLD_HIGH_INCOME,47,1215.0,411,0.0
6,WFAgent11,FEMALE_YOUNG,88,2236.0,79,2007.3181818181847
6,WFAgent0,YOUNG_LOW_INCOME,150,3816.0,1659,0.0
6,WFAgent10,MALE_YOUNG,92,2353.0,92,2336.0279720279686
6,WFAgent1,FEMALE_YOUNG,88,2236.0,74,1880.2727272727298
6,WFAgent2,FEMALE_LOW_INCOME,172,4381.0,172,4376.77477096547
6,WFAgent3,MALE_OLD,102,2603.0,102,2593.890909090912
6,WFAgent4,MALE_LOW_INCOME,143,3631.0,0,0.0
6,WFAgent5,FEMALE_HIGH_INCOME,26,663.0,0,0.0
7,WFAgent6,FEMALE_OLD_HIGH_INCOME,16,407.0,0,0.0
7,WFAgent7,FEMALE_OLD,110,2808.0,93,2374.036363636362
7,WFAgent8,OLD_LOW_INCOME,165,4196.0,2410,0.0
7,WFAgent9,FEMALE_OLD,110,2808.0,102,2603.781818181816
7,SIAgent3,MALE_HIGH_INCOME,52,1325.0,220,1299.5192307692323
7,SIAgent1,OLD_HIGH_INCOME,47,1215.0,47,1198.3867132867138
7,SIAgent2,MALE_OLD_LOW_INCOME,70,1795.0,70,1786.3725490196068
7,SIAgent0,MALE_LOW_INCOME,143,3631.0,2958,3427.867132867126
7,WFAgent14,YOUNG_LOW_INCOME,150,3816.0,150,3808.741258741251
7,WFAgent13,YOUNG_LOW_INCOME,150,3816.0,1944,0.0
7,WFAgent12,MALE_YOUNG,92,2353.0,92,2336.0279720279686
7,WFAgent11,FEMALE_YOUNG_HIGH_INCOME,10,256.0,274,0.0
7,WFAgent0,FEMALE_YOUNG,88,2236.0,0,0.0
7,WFAgent10,YOUNG_LOW_INCOME,150,3816.0,150,3808.741258741251
7,WFAgent1,MALE_HIGH_INCOME,52,1325.0,448,1299.5192307692323
7,WFAgent2,MALE_OLD,102,2603.0,102,2593.890909090912
7,WFAgent3,FEMALE_OLD,110,2808.0,110,2807.9999999999977
7,WFAgent4,MALE_OLD,102,2603.0,102,2589.944055944052
7,WFAgent5,FEMALE_OLD,110,2808.0,103,2629.309090909089
8,WFAgent6,YOUNG_LOW_INCOME,150,3816.0,0,0.0
8,WFAgent7,FEMALE_OLD_LOW_INCOME,94,2401.0,94,2394.2674418604674
8,WFAgent8,MALE_OLD_HIGH_INCOME,31,808.0,761,775.5319148936168
8,WFAgent9,MALE_OLD,102,2603.0,102,2602.9999999999986
8,SIAgent3,FEMALE_OLD_HIGH_INCOME,16,407.0,16,407.0
8,SIAgent1,MALE_YOUNG_LOW_INCOME,72,1836.0,1813,0.0
8,SIAgent2,FEMALE_LOW_INCOME,172,4381.0,4239,2929.1569767441897
8,SIAgent0,OLD_HIGH_INCOME,47,1215.0,47,1203.8337765957447
8,WFAgent14,MALE_OLD,102,2603.0,102,2602.553475935828
8,WFAgent13,FEMALE_YOUNG,88,2236.0,0,0.0
8,WFAgent12,MALE_OLD_LOW_INCOME,70,1795.0,70,1786.3725490196068
8,WFAgent11,MALE_OLD_HIGH_INCOME,31,808.0,31,801.382978723404
8,WFAgent0,MALE_HIGH_INCOME,52,1325.0,0,0.0
8,WFAgent10,YOUNG_LOW_INCOME,150,3816.0,0,0.0
8,WFAgent1,OLD_LOW_INCOME,165,4196.0,0,0.0
8,WFAgent2,MALE_YOUNG_HIGH_INCOME,20,517.0,548,0.0
8,WFAgent3,OLD_HIGH_INCOME,47,1215.0,345,788.5625
8,WFAgent4,YOUNG_HIGH_INCOME,30,773.0,222,0.0
8,WFAgent5,MALE_OLD,102,2603.0,1610,0.0
9,WFAgent6,FEMALE_YOUNG_LOW_INCOME,78,1980.0,77,1954.615384615387
9,WFAgent7,MALE_OLD_HIGH_INCOME,31,808.0,762,599.4838709677422
9,WFAgent8,FEMALE_OLD_LOW_INCOME,94,2401.0,94,2400.9999999999977
9,WFAgent9,MALE_YOUNG_LOW_INCOME,72,1836.0,1653,1836.0
9,SIAgent3,FEMALE_YOUNG_LOW_INCOME,78,1980.0,77,1954.615384615387
9,SIAgent1,FEMALE_OLD_LOW_INCOME,94,2401.0,94,2400.9999999999977
9,SIAgent2,YOUNG_HIGH_INCOME,30,773.0,735,541.0999999999998
9,SIAgent0,YOUNG_LOW_INCOME,150,3816.0,150,3807.692307692301
9,WFAgent14,MALE_YOUNG_LOW_INCOME,72,1836.0,72,1836.0
9,WFAgent13,FEMALE_OLD_LOW_INCOME,94,2401.0,94,2400.9999999999977
9,WFAgent12,FEMALE_OLD_LOW_INCOME,94,2401.0,2183,2349.914893617019
9,WFAgent11,FEMALE_YOUNG_LOW_INCOME,78,1980.0,1676,1853.0769230769251
9,WFAgent0,MALE_OLD_LOW_INCOME,70,1795.0,1812,0.0
9,WFAgent10,FEMALE_OLD,110,2808.0,399,0.0
9,WFAgent1,MALE_YOUNG_LOW_INCOME,72,1836.0,72,1836.0
9,WFAgent2,FEMALE_LOW_INCOME,172,4381.0,0,0.0
9,WFAgent3,FEMALE_YOUNG,88,2236.0,0,0.0
9,WFAgent4,MALE_YOUNG_HIGH_INCOME,20,517.0,20,515.3333333333331
9,WFAgent5,MALE_OLD_HIGH_INCOME,31,808.0,30,781.9354838709684
10,WFAgent6,MALE_OLD_LOW_INCOME,70,1795.0,70,1786.3725490196068
10,WFAgent7,MALE_YOUNG,92,2353.0,1754,1500.960000000002
10,WFAgent8,FEMALE_YOUNG_LOW_INCOME,78,1980.0,0,0.0
10,WFAgent9,MALE_LOW_INCOME,143,3631.0,0,0.0
10,SIAgent3,FEMALE_YOUNG,88,2236.0,2081,0.0
10,SIAgent1,YOUNG_LOW_INCOME,150,3816.0,150,3815.660000000007
10,SIAgent2,MALE_OLD,102,2603.0,2433,1429.0980392156855
10,SIAgent0,YOUNG_LOW_INCOME,150,3816.0,149,3790.5600000000068
10,WFAgent14,FEMALE_YOUNG_LOW_INCOME,78,1980.0,0,0.0
10,WFAgent13,FEMALE_YOUNG,88,2236.0,0,0.0
10,WFAgent12,FEMALE_OLD_HIGH_INCOME,16,407.0,390,0.0
10,WFAgent11,FEMALE_OLD_HIGH_INCOME,16,407.0,0,0.0
10,WFAgent0,MALE_HIGH_INCOME,52,1325.0,0,0.0
10,WFAgent10,MALE_OLD_LOW_INCOME,70,1795.0,70,1786.3725490196068
10,WFAgent1,MALE_YOUNG,92,2353.0,526,0.0
10,WFAgent2,FEMALE_LOW_INCOME,172,4381.0,2283,2292.3837209302346
10,WFAgent3,FEMALE_OLD_LOW_INCOME,94,2401.0,94,2394.2674418604674
10,WFAgent4,FEMALE_YOUNG_LOW_INCOME,78,1980.0,0,0.0
10,WFAgent5,FEMALE_LOW_INCOME,172,4381.0,0,0.0
11,WFAgent6,MALE_YOUNG_HIGH_INCOME,20,517.0,490,0.0
11,WFAgent7,FEMALE_LOW_INCOME,172,4381.0,1923,0.0
11,WFAgent8,MALE_YOUNG_LOW_INCOME,72,1836.0,1747,0.0
11,WFAgent9,FEMALE_HIGH_INCOME,26,663.0,26,663.0
11,SIAgent3,MALE_YOUNG,92,2353.0,92,2346.0
11,SIAgent1,MALE_YOUNG_LOW_INCOME,72,1836.0,72,1828.1958041958023
11,SIAgent2,MALE_OLD_LOW_INCOME,70,1795.0,70,1780.1212121212131
11,SIAgent0,OLD_LOW_INCOME,165,4196.0,3964,1729.260606060607
11,WFAgent14,MALE_YOUNG_HIGH_INCOME,20,517.0,20,515.3333333333331
11,WFAgent13,MALE_LOW_INCOME,143,3631.0,0,0.0
11,WFAgent12,YOUNG_HIGH_INCOME,30,773.0,195,561.0
11,WFAgent11,MALE_OLD_LOW_INCOME,70,1795.0,70,1780.1212121212131
11,WFAgent0,OLD_HIGH_INCOME,47,1215.0,0,0.0
11,WFAgent10,FEMALE_HIGH_INCOME,26,663.0,26,663.0
11,WFAgent1,MALE_OLD_HIGH_INCOME,31,808.0,795,0.0
11,WFAgent2,FEMALE_OLD_LOW_INCOME,94,2401.0,94,2390.448484848487
11,WFAgent3,MALE_LOW_INCOME,143,3631.0,0,0.0
11,WFAgent4,FEMALE_YOUNG_LOW_INCOME,78,1980.0,0,0.0
11,WFAgent5,FEMALE_YOUNG_LOW_INCOME,78,1980.0,0,0.0
12,WFAgent6,FEMALE_HIGH_INCOME,26,663.0,0,0.0
12,WFAgent7,FEMALE_YOUNG_LOW_INCOME,78,1980.0,0,0.0
12,WFAgent8,OLD_HIGH_INCOME,47,1215.0,47,1197.5961538461552
12,WFAgent9,OLD_HIGH_INCOME,47,1215.0,411,0.0
12,SIAgent3,MALE_LOW_INCOME,143,3631.0,3357,0.0
12,SIAgent1,YOUNG_LOW_INCOME,150,3816.0,149,3790.5600000000068
12,SIAgent2,FEMALE_YOUNG_HIGH_INCOME,10,256.0,10,255.0
12,SIAgent0,MALE_HIGH_INCOME,52,1325.0,1311,968.2692307692316
12,WFAgent14,MALE_OLD_LOW_INCOME,70,1795.0,70,1777.4125874125857
12,WFAgent13,FEMALE_OLD_LOW_INCOME,94,2401.0,94,2394.2674418604674
12,WFAgent12,FEMALE_YOUNG,88,2236.0,0,0.0
12,WFAgent11,FEMALE_LOW_INCOME,172,4381.0,2216,0.0
12,WFAgent0,MALE_YOUNG,92,2353.0,92,2339.366993006994
12,WFAgent10,YOUNG_LOW_INCOME,150,3816.0,1928,1551.8400000000022
12,WFAgent1,FEMALE_HIGH_INCOME,26,663.0,26,663.0
12,WFAgent2,FEMALE_OLD_LOW_INCOME,94,2401.0,94,2393.9830514446817
12,WFAgent3,FEMALE_HIGH_INCOME,26,663.0,26,663.0
12,WFAgent4,OLD_LOW_INCOME,165,4196.0,0,0.0
12,WFAgent5,FEMALE_HIGH_INCOME,26,663.0,169,612.0
13,WFAgent6,YOUNG_LOW_INCOME,150,3816.0,1716,0.0
13,WFAgent7,MALE_YOUNG_HIGH_INCOME,20,517.0,20,509.6153846153846
13,WFAgent8,FEMALE_OLD_LOW_INCOME,94,2401.0,2329,0.0
13,WFAgent9,MALE_OLD_HIGH_INCOME,31,808.0,816,775.5319148936168
13,SIAgent3,FEMALE_YOUNG_HIGH_INCOME,10,256.0,10,255.0
13,SIAgent1,FEMALE_HIGH_INCOME,26,663.0,593,0.0
13,SIAgent2,OLD_HIGH_INCOME,47,1215.0,47,1206.9255319148936
13,SIAgent0,YOUNG_LOW_INCOME,150,3816.0,324,3808.741258741251
13,WFAgent14,FEMALE_YOUNG,88,2236.0,0,0.0
13,WFAgent13,MALE_OLD,102,2603.0,102,2602.9999999999986
13,WFAgent12,MALE_OLD,102,2603.0,102,2602.9999999999986
13,WFAgent11,YOUNG_HIGH_INCOME,30,773.0,30,768.0000000000003
13,WFAgent0,MALE_HIGH_INCOME,52,1325.0,0,0.0
13,WFAgent10,MALE_OLD,102,2603.0,1568,2424.362745098038
13,WFAgent1,FEMALE_OLD_HIGH_INCOME,16,407.0,0,0.0
13,WFAgent2,FEMALE_OLD_HIGH_INCOME,16,407.0,0,0.0
13,WFAgent3,MALE_OLD_LOW_INCOME,70,1795.0,70,1786.3725490196068
13,WFAgent4,MALE_LOW_INCOME,143,3631.0,0,0.0
13,WFAgent5,YOUNG_HIGH_INCOME,30,773.0,517,0.0
14,WFAgent6,MALE_OLD_HIGH_INCOME,31,808.0,30,781.9354838709684
14,WFAgent7,MALE_YOUNG,92,2353.0,520,0.0
14,WFAgent8,FEMALE_HIGH_INCOME,26,663.0,26,663.0
14,WFAgent9,OLD_HIGH_INCOME,47,1215.0,46,1189.1489361702131
14,SIAgent3,FEMALE_OLD,110,2808.0,110,2797.3333333333367
14,SIAgent1,MALE_YOUNG_LOW_INCOME,72,1836.0,1815,0.0
14,SIAgent2,FEMALE_YOUNG,88,2236.0,2116,2134.3636363636397
14,SIAgent0,OLD_LOW_INCOME,165,4196.0,3887,0.0
14,WFAgent14,YOUNG_HIGH_INCOME,30,773.0,30,763.8181818181816
14,WFAgent13,OLD_HIGH_INCOME,47,1215.0,221,1163.2978723404258
14,WFAgent12,MALE_OLD_LOW_INCOME,70,1795.0,70,1794.9999999999986
14,WFAgent11,FEMALE_YOUNG,88,2236.0,0,0.0
14,WFAgent0,FEMALE_HIGH_INCOME,26,663.0,0,0.0
14,WFAgent10,OLD_HIGH_INCOME,47,1215.0,46,1189.1489361702131
14,WFAgent1,MALE_OLD_LOW_INCOME,70,1795.0,70,1794.9999999999986
14,WFAgent2,MALE_OLD_HIGH_INCOME,31,808.0,810,338.8387096774194
14,WFAgent3,MALE_OLD_LOW_INCOME,70,1795.0,70,1794.3623376623366
14,WFAgent4,FEMALE_YOUNG,88,2236.0,87,2210.5909090909126
14,WFAgent5,OLD_HIGH_INCOME,47,1215.0,46,1189.1489361702131
15,WFAgent6,MALE_YOUNG,92,2353.0,358,1783.6538461538487
15,WFAgent7,MALE_OLD_HIGH_INCOME,31,808.0,31,789.9038461538466
15,WFAgent8,FEMALE_YOUNG_HIGH_INCOME,10,256.0,10,254.0909090909091
15,WFAgent9,MALE_YOUNG,92,2353.0,92,2344.2307692307704
15,SIAgent3,FEMALE_OLD,110,2808.0,2633,0.0
15,SIAgent1,MALE_YOUNG_LOW_INCOME,72,1836.0,1844,0.0
15,SIAgent2,MALE_HIGH_INCOME,52,1325.0,374,1299.5192307692323
15,SIAgent0,FEMALE_OLD_LOW_INCOME,94,2401.0,94,2400.954158607348
15,WFAgent14,FEMALE_OLD_HIGH_INCOME,16,407.0,0,0.0
15,WFAgent13,FEMALE_YOUNG_LOW_INCOME,78,1980.0,1028,0.0
15,WFAgent12,MALE_LOW_INCOME,143,3631.0,0,0.0
15,WFAgent11,FEMALE_HIGH_INCOME,26,663.0,261,0.0
15,WFAgent0,MALE_OLD_LOW_INCOME,70,1795.0,70,1777.4125874125857
15,WFAgent10,MALE_OLD,102,2603.0,1726,0.0
15,WFAgent1,FEMALE_OLD_LOW_INCOME,94,2401.0,94,2400.9999999999977
15,WFAgent2,FEMALE_YOUNG,88,2236.0,0,0.0
15,WFAgent3,MALE_HIGH_INCOME,52,1325.0,0,0.0
15,WFAgent4,FEMALE_YOUNG_LOW_INCOME,78,1980.0,887,0.0
15,WFAgent5,FEMALE_OLD_HIGH_INCOME,16,407.0,0,0.0
16,WFAgent6,FEMALE_YOUNG_HIGH_INCOME,10,256.0,10,254.0909090909091
16,WFAgent7,FEMALE_YOUNG_LOW_INCOME,78,1980.0,1590,0.0
16,WFAgent8,MALE_LOW_INCOME,143,3631.0,1551,3402.475524475518
16,WFAgent9,FEMALE_OLD,110,2808.0,383,0.0
16,SIAgent3,MALE_OLD,102,2603.0,102,2602.9999999999986
16,SIAgent1,FEMALE_YOUNG,88,2236.0,281,2210.5909090909126
16,SIAgent2,FEMALE_OLD,110,2808.0,144,2807.9999999999977
16,SIAgent0,FEMALE_YOUNG,88,2236.0,87,2210.5909090909126
16,WFAgent14,FEMALE_YOUNG,88,2236.0,147,2032.7272727272757
16,WFAgent13,MALE_OLD_LOW_INCOME,70,1795.0,70,1784.9645550527887
16,WFAgent12,MALE_YOUNG_HIGH_INCOME,20,517.0,482,0.0
16,WFAgent11,MALE_YOUNG_HIGH_INCOME,20,517.0,20,515.3333333333331
16,WFAgent0,MALE_LOW_INCOME,143,3631.0,143,3630.9999999999927
16,WFAgent10,FEMALE_YOUNG,88,2236.0,87,2210.5909090909126
16,WFAgent1,OLD_HIGH_INCOME,47,1215.0,768,637.9901960784312
16,WFAgent2,YOUNG_HIGH_INCOME,30,773.0,0,0.0
16,WFAgent3,YOUNG_LOW_INCOME,150,3816.0,1836,0.0
16,WFAgent4,YOUNG_HIGH_INCOME,30,773.0,0,0.0
16,WFAgent5,FEMALE_OLD_LOW_INCOME,94,2401.0,2299,2195.345454545453
17,WFAgent6,FEMALE_HIGH_INCOME,26,663.0,234,535.5
17,WFAgent7,FEMALE_OLD,110,2808.0,2199,0.0
17,WFAgent8,MALE_HIGH_INCOME,52,1325.0,0,0.0
17,WFAgent9,OLD_HIGH_INCOME,47,1215.0,47,1197.5961538461552
17,SIAgent3,MALE_YOUNG_LOW_INCOME,72,1836.0,1824,0.0
17,SIAgent1,FEMALE_HIGH_INCOME,26,663.0,26,662.625
17,SIAgent2,MALE_HIGH_INCOME,52,1325.0,203,1299.5192307692323
17,SIAgent0,FEMALE_HIGH_INCOME,26,663.0,26,663.0
17,WFAgent14,OLD_LOW_INCOME,165,4196.0,0,0.0
17,WFAgent13,MALE_YOUNG,92,2353.0,488,1528.8461538461559
17,WFAgent12,FEMALE_OLD_HIGH_INCOME,16,407.0,16,407.0
17,WFAgent11,OLD_HIGH_INCOME,47,1215.0,47,1198.5
17,WFAgent0,FEMALE_OLD_LOW_INCOME,94,2401.0,94,2399.5636363636345
17,WFAgent10,FEMALE_OLD_HIGH_INCOME,16,407.0,297,356.125
17,WFAgent1,MALE_YOUNG_HIGH_INCOME,20,517.0,20,509.6153846153846
17,WFAgent2,MALE_LOW_INCOME,143,3631.0,143,3630.9999999999927
17,WFAgent3,FEMALE_OLD_LOW_INCOME,94,2401.0,94,2390.448484848487
17,WFAgent4,MALE_LOW_INCOME,143,3631.0,1550,3275.5174825174763
17,WFAgent5,MALE_OLD,102,2603.0,102,2589.944055944052
18,WFAgent6,FEMALE_HIGH_INCOME,26,663.0,26,663.0
18,WFAgent7,MALE_YOUNG_HIGH_INCOME,20,517.0,20,516.6666666666667
18,WFAgent8,YOUNG_HIGH_INCOME,30,773.0,30,767.2826086956524
18,WFAgent9,MALE_YOUNG,92,2353.0,1779,1371.1468531468527
18,SIAgent3,MALE_LOW_INCOME,143,3631.0,143,3630.9999999999927
18,SIAgent1,FEMALE_HIGH_INCOME,26,663.0,478,612.0
18,SIAgent2,FEMALE_YOUNG_HIGH_INCOME,10,256.0,10,255.0
18,SIAgent0,YOUNG_HIGH_INCOME,30,773.0,30,767.6652173913045
18,WFAgent14,MALE_OLD_LOW_INCOME,70,1795.0,1750,1625.0629370629358
18,WFAgent13,MALE_YOUNG,92,2353.0,92,2347.1856187290978
18,WFAgent12,MALE_OLD_HIGH_INCOME,31,808.0,31,789.9038461538466
18,WFAgent11,MALE_YOUNG_HIGH_INCOME,20,517.0,19,491.1500000000002
18,WFAgent0,MALE_HIGH_INCOME,52,1325.0,51,1299.5192307692323
18,WFAgent10,FEMALE_OLD_LOW_INCOME,94,2401.0,94,2394.2674418604674
18,WFAgent1,FEMALE_LOW_INCOME,172,4381.0,0,0.0
18,WFAgent2,MALE_HIGH_INCOME,52,1325.0,325,1019.2307692307702
18,WFAgent3,FEMALE_OLD,110,2808.0,2320,0.0
18,WFAgent4,OLD_HIGH_INCOME,47,1215.0,803,0.0
18,WFAgent5,FEMALE_OLD,110,2808.0,110,2805.0
19,WFAgent6,FEMALE_HIGH_INCOME,26,663.0,251,0.0
19,WFAgent7,MALE_YOUNG,92,2353.0,0,0.0
19,WFAgent8,OLD_HIGH_INCOME,47,1215.0,47,1195.5625
19,WFAgent9,MALE_YOUNG,92,2353.0,438,767.2826086956524
19,SIAgent3,FEMALE_YOUNG_HIGH_INCOME,10,256.0,10,255.0
19,SIAgent1,FEMALE_OLD_LOW_INCOME,94,2401.0,2404,0.0
19,SIAgent2,FEMALE_OLD_HIGH_INCOME,16,407.0,365,0.0
19,SIAgent0,MALE_OLD_HIGH_INCOME,31,808.0,30,781.9354838709684
19,WFAgent14,YOUNG_LOW_INCOME,150,3816.0,2000,0.0
19,WFAgent13,MALE_YOUNG_HIGH_INCOME,20,517.0,20,516.2499999999999
19,WFAgent12,MALE_LOW_INCOME,143,3631.0,0,0.0
19,WFAgent11,MALE_YOUNG_HIGH_INCOME,20,517.0,20,511.5217391304349
19,WFAgent0,MALE_OLD_HIGH_INCOME,31,808.0,805,755.870967741936
19,WFAgent10,FEMALE_YOUNG_LOW_INCOME,78,1980.0,0,0.0
19,WFAgent1,FEMALE_HIGH_INCOME,26,663.0,0,0.0
19,WFAgent2,MALE_OLD_LOW_INCOME,70,1795.0,1764,0.0
19,WFAgent3,MALE_YOUNG_HIGH_INCOME,20,517.0,19,491.1500000000002
19,WFAgent4,YOUNG_HIGH_INCOME,30,773.0,30,767.2826086956524
19,WFAgent5,MALE_OLD,102,2603.0,0,0.0
20,WFAgent6,OLD_LOW_INCOME,165,4196.0,2407,0.0
20,WFAgent7,MALE_OLD,102,2603.0,0,0.0
20,WFAgent8,MALE_LOW_INCOME,143,3631.0,143,3630.9999999999927
20,WFAgent9,MALE_YOUNG_LOW_INCOME,72,1836.0,72,1836.0
20,SIAgent3,MALE_LOW_INCOME,143,3631.0,145,3630.9999999999927
20,SIAgent1,FEMALE_YOUNG,88,2236.0,2208,406.5454545454547
20,SIAgent2,FEMALE_OLD_HIGH_INCOME,16,407.0,410,407.0
20,SIAgent0,MALE_OLD_HIGH_INCOME,31,808.0,815,0.0
20,WFAgent14,MALE_YOUNG_LOW_INCOME,72,1836.0,72,1836.0
20,WFAgent13,MALE_YOUNG_LOW_INCOME,72,1836.0,72,1836.0
20,WFAgent12,MALE_YOUNG_LOW_INCOME,72,1836.0,72,1836.0
20,WFAgent11,FEMALE_OLD_HIGH_INCOME,16,407.0,16,407.0
20,WFAgent0,FEMALE_YOUNG_LOW_INCOME,78,1980.0,0,0.0
20,WFAgent10,FEMALE_OLD_HIGH_INCOME,16,407.0,16,407.0
20,WFAgent1,MALE_YOUNG_LOW_INCOME,72,1836.0,72,1835.8916083916083
20,WFAgent2,MALE_YOUNG_LOW_INCOME,72,1836.0,1457,152.34965034965035
20,WFAgent3,FEMALE_YOUNG_HIGH_INCOME,10,256.0,10,254.0909090909091
20,WFAgent4,MALE_OLD,102,2603.0,0,0.0
20,WFAgent5,MALE_OLD_LOW_INCOME,70,1795.0,70,1777.4125874125857
21,WFAgent6,FEMALE_OLD_HIGH_INCOME,16,407.0,0,0.0
21,WFAgent7,MALE_YOUNG_HIGH_INCOME,20,517.0,20,509.6153846153846
21,WFAgent8,FEMALE_YOUNG_LOW_INCOME,78,1980.0,0,0.0
21,WFAgent9,MALE_OLD_LOW_INCOME,70,1795.0,70,1794.5748917748906
21,SIAgent3,OLD_LOW_INCOME,165,4196.0,563,4189.615384615376
21,SIAgent1,OLD_HIGH_INCOME,47,1215.0,100,1189.1489361702131
21,SIAgent2,FEMALE_YOUNG_LOW_INCOME,78,1980.0,1743,0.0
21,SIAgent0,YOUNG_LOW_INCOME,150,3816.0,149,3790.5600000000068
21,WFAgent14,MALE_OLD_LOW_INCOME,70,1795.0,70,1794.9999999999986
21,WFAgent13,MALE_YOUNG_LOW_INCOME,72,1836.0,1664,1551.8400000000022
21,WFAgent12,OLD_HIGH_INCOME,47,1215.0,47,1202.1795212765956
21,WFAgent11,MALE_HIGH_INCOME,52,1325.0,0,0.0
21,WFAgent0,MALE_LOW_INCOME,143,3631.0,0,0.0
21,WFAgent10,MALE_LOW_INCOME,143,3631.0,1545,0.0
21,WFAgent1,YOUNG_LOW_INCOME,150,3816.0,150,3811.4584615384556
21,WFAgent2,FEMALE_YOUNG_HIGH_INCOME,10,256.0,253,0.0
21,WFAgent3,OLD_HIGH_INCOME,47,1215.0,260,0.0
21,WFAgent4,MALE_OLD_HIGH_INCOME,31,808.0,31,801.382978723404
21,WFAgent5,YOUNG_HIGH_INCOME,30,773.0,530,0.0
22,WFAgent6,MALE_YOUNG,92,2353.0,92,2352.999999999998
22,WFAgent7,MALE_OLD,102,2603.0,1633,1607.7352941176462
22,WFAgent8,YOUNG_HIGH_INCOME,30,773.0,30,768.9999999999998
22,WFAgent9,MALE_YOUNG,92,2353.0,367,2301.847826086955
22,SIAgent3,MALE_YOUNG_HIGH_INCOME,20,517.0,20,515.3333333333331
22,SIAgent1,YOUNG_HIGH_INCOME,30,773.0,30,772.428260869565
22,SIAgent2,OLD_HIGH_INCOME,47,1215.0,286,1212.8936170212764
22,SIAgent0,FEMALE_HIGH_INCOME,26,663.0,539,0.0
22,WFAgent14,MALE_YOUNG_HIGH_INCOME,20,517.0,20,515.3333333333331
22,WFAgent13,MALE_YOUNG_LOW_INCOME,72,1836.0,1837,0.0
22,WFAgent12,MALE_LOW_INCOME,143,3631.0,0,0.0
22,WFAgent11,MALE_YOUNG,92,2353.0,0,0.0
22,WFAgent0,MALE_OLD_LOW_INCOME,70,1795.0,70,1786.3725490196068
22,WFAgent10,FEMALE_OLD,110,2808.0,2442,0.0
22,WFAgent1,OLD_HIGH_INCOME,47,1215.0,46,1189.1489361702131
22,WFAgent2,OLD_HIGH_INCOME,47,1215.0,46,1189.1489361702131
22,WFAgent3,YOUNG_LOW_INCOME,150,3816.0,2037,0.0
22,WFAgent4,FEMALE_HIGH_INCOME,26,663.0,0,0.0
22,WFAgent5,MALE_OLD,102,2603.0,505,0.0
23,WFAgent6,FEMALE_YOUNG_LOW_INCOME,78,1980.0,1566,1929.2307692307716
23,WFAgent7,OLD_LOW_INCOME,165,4196.0,0,0.0
23,WFAgent8,MALE_YOUNG_LOW_INCOME,72,1836.0,72,1828.1958041958023
23,WFAgent9,MALE_YOUNG,92,2353.0,433,1528.8461538461559
23,SIAgent3,FEMALE_YOUNG_HIGH_INCOME,10,256.0,10,255.99999999999997
23,SIAgent1,MALE_YOUNG_HIGH_INCOME,20,517.0,20,509.6153846153846
23,SIAgent2,FEMALE_YOUNG,88,2236.0,87,2210.5909090909126
23,SIAgent0,MALE_HIGH_INCOME,52,1325.0,237,1299.5192307692323
23,WFAgent14,FEMALE_HIGH_INCOME,26,663.0,438,0.0
23,WFAgent13,FEMALE_YOUNG_HIGH_INCOME,10,256.0,10,255.99999999999997
23,WFAgent12,FEMALE_YOUNG_LOW_INCOME,78,1980.0,0,0.0
23,WFAgent11,MALE_OLD,102,2603.0,1789,0.0
23,WFAgent0,MALE_YOUNG_LOW_INCOME,72,1836.0,1813,0.0
23,WFAgent10,FEMALE_YOUNG_LOW_INCOME,78,1980.0,77,1954.615384615387
23,WFAgent1,FEMALE_YOUNG_HIGH_INCOME,10,256.0,232,255.99999999999997
23,WFAgent2,MALE_OLD_HIGH_INCOME,31,808.0,31,789.9038461538466
23,WFAgent3,FEMALE_OLD_LOW_INCOME,94,2401.0,2411,0.0
23,WFAgent4,FEMALE_LOW_INCOME,172,4381.0,172,4367.965034965026
23,WFAgent5,MALE_LOW_INCOME,143,3631.0,0,0.0
24,WFAgent6,MALE_HIGH_INCOME,52,1325.0,397,1299.5192307692323
24,WFAgent7,OLD_HIGH_INCOME,47,1215.0,47,1197.5961538461552
24,WFAgent8,FEMALE_OLD_LOW_INCOME,94,2401.0,94,2399.5636363636345
24,WFAgent9,YOUNG_LOW_INCOME,150,3816.0,1800,0.0
24,SIAgent3,MALE_HIGH_INCOME,52,1325.0,238,1299.5192307692323
24,SIAgent1,FEMALE_OLD_HIGH_INCOME,16,407.0,350,0.0
24,SIAgent2,FEMALE_OLD,110,2808.0,110,2806.9363636363623
24,SIAgent0,FEMALE_HIGH_INCOME,26,663.0,26,662.375
24,WFAgent14,MALE_YOUNG_HIGH_INCOME,20,517.0,20,509.6153846153846
24,WFAgent13,FEMALE_HIGH_INCOME,26,663.0,251,331.5
24,WFAgent12,MALE_OLD_HIGH_INCOME,31,808.0,31,791.1078431372546
24,WFAgent11,OLD_LOW_INCOME,165,4196.0,2176,0.0
24,WFAgent0,OLD_LOW_INCOME,165,4196.0,0,0.0
24,WFAgent10,MALE_HIGH_INCOME,52,1325.0,51,1299.5192307692323
24,WFAgent1,MALE_OLD,102,2603.0,102,2602.9999999999986
24,WFAgent2,FEMALE_YOUNG_LOW_INCOME,78,1980.0,1974,0.0
24,WFAgent3,MALE_YOUNG_HIGH_INCOME,20,517.0,20,509.6153846153846
24,WFAgent4,MALE_OLD,102,2603.0,1688,2551.960784313724
24,WFAgent5,FEMALE_OLD_LOW_INCOME,94,2401.0,94,2398.5939393939384
25,WFAgent6,FEMALE_OLD_LOW_INCOME,94,2401.0,94,2394.2674418604674
25,WFAgent7,MALE_HIGH_INCOME,52,1325.0,0,0.0
25,WFAgent8,MALE_HIGH_INCOME,52,1325.0,0,0.0
25,WFAgent9,MALE_LOW_INCOME,143,3631.0,0,0.0
25,SIAgent3,MALE_OLD_LOW_INCOME,70,1795.0,70,1794.9999999999986
25,SIAgent1,MALE_YOUNG_HIGH_INCOME,20,517.0,19,491.1500000000002
25,SIAgent2,MALE_OLD_HIGH_INCOME,31,808.0,31,805.0812655086855
25,SIAgent0,YOUNG_HIGH_INCOME,30,773.0,730,0.0
25,WFAgent14,MALE_OLD_LOW_INCOME,70,1795.0,1757,1435.999999999999
25,WFAgent13,FEMALE_OLD,110,2808.0,110,2797.3333333333367
25,WFAgent12,MALE_OLD_HIGH_INCOME,31,808.0,30,781.9354838709684
25,WFAgent11,OLD_LOW_INCOME,165,4196.0,0,0.0
25,WFAgent0,MALE_YOUNG_HIGH_INCOME,20,517.0,19,491.1500000000002
25,WFAgent10,MALE_YOUNG,92,2353.0,1818,0.0
25,WFAgent1,FEMALE_HIGH_INCOME,26,663.0,0,0.0
25,WFAgent2,MALE_OLD_HIGH_INCOME,31,808.0,727,0.0
25,WFAgent3,MALE_YOUNG_HIGH_INCOME,20,517.0,20,516.7500000000001
25,WFAgent4,FEMALE_LOW_INCOME,172,4381.0,2000,0.0
25,WFAgent5,OLD_LOW_INCOME,165,4196.0,2175,0.0
26,WFAgent6,FEMALE_OLD_HIGH_INCOME,16,407.0,16,407.0
26,WFAgent7,FEMALE_OLD_HIGH_INCOME,16,407.0,16,407.0
26,WFAgent8,FEMALE_OLD_HIGH_INCOME,16,407.0,16,407.0
26,WFAgent9,YOUNG_LOW_INCOME,150,3816.0,1853,2487.692307692308
26,SIAgent3,FEMALE_OLD_HIGH_INCOME,16,407.0,316,407.0
26,SIAgent1,MALE_LOW_INCOME,143,3631.0,3423,0.0
26,SIAgent2,MALE_YOUNG,92,2353.0,123,2340.4800000000037
26,SIAgent0,MALE_OLD_HIGH_INCOME,31,808.0,31,791.1078431372546
26,WFAgent14,FEMALE_HIGH_INCOME,26,663.0,278,0.0
26,WFAgent13,FEMALE_LOW_INCOME,172,4381.0,2314,0.0
26,WFAgent12,OLD_LOW_INCOME,165,4196.0,0,0.0
26,WFAgent11,MALE_YOUNG_LOW_INCOME,72,1836.0,72,1828.1958041958023
26,WFAgent0,FEMALE_OLD_LOW_INCOME,94,2401.0,94,2390.448484848487
26,WFAgent10,FEMALE_YOUNG_LOW_INCOME,78,1980.0,77,1954.615384615387
26,WFAgent1,MALE_OLD_HIGH_INCOME,31,808.0,716,0.0
26,WFAgent2,MALE_OLD,102,2603.0,0,0.0
26,WFAgent3,FEMALE_OLD_HIGH_INCOME,16,407.0,16,407.0
26,WFAgent4,MALE_OLD_LOW_INCOME,70,1795.0,70,1777.4125874125857
26,WFAgent5,FEMALE_YOUNG_LOW_INCOME,78,1980.0,77,1954.615384615387
27,WFAgent6,MALE_OLD_HIGH_INCOME,31,808.0,30,781.9354838709684
27,WFAgent7,FEMALE_YOUNG_LOW_INCOME,78,1980.0,0,0.0
27,WFAgent8,MALE_OLD_HIGH_INCOME,31,808.0,30,781.9354838709684
27,WFAgent9,MALE_HIGH_INCOME,52,1325.0,51,1299.5192307692323
27,SIAgent3,FEMALE_LOW_INCOME,172,4381.0,4316,0.0
27,SIAgent1,OLD_HIGH_INCOME,47,1215.0,1125,0.0
27,SIAgent2,MALE_OLD_HIGH_INCOME,31,808.0,31,806.0789293067949
27,SIAgent0,MALE_YOUNG,92,2353.0,92,2336.5814077227087
27,WFAgent14,FEMALE_YOUNG,88,2236.0,250,0.0
27,WFAgent13,MALE_HIGH_INCOME,52,1325.0,343,1223.0769230769245
27,WFAgent12,FEMALE_LOW_INCOME,172,4381.0,0,0.0
27,WFAgent11,MALE_OLD,102,2603.0,102,2602.9999999999986
27,WFAgent0,MALE_YOUNG_LOW_INCOME,72,1836.0,1819,0.0
27,WFAgent10,MALE_YOUNG,92,2353.0,92,2345.660535117058
27,WFAgent1,MALE_OLD_HIGH_INCOME,31,808.0,30,781.9354838709684
27,WFAgent2,MALE_YOUNG_HIGH_INCOME,20,517.0,20,511.5217391304349
27,WFAgent3,MALE_LOW_INCOME,143,3631.0,0,0.0
27,WFAgent4,MALE_OLD,102,2603.0,1669,2118.127450980391
27,WFAgent5,OLD_HIGH_INCOME,47,1215.0,0,0.0
28,WFAgent6,MALE_HIGH_INCOME,52,1325.0,0,0.0
28,WFAgent7,MALE_YOUNG,92,2353.0,92,2345.7558528428103
28,WFAgent8,FEMALE_OLD,110,2808.0,110,2807.9999999999977
28,WFAgent9,MALE_YOUNG_HIGH_INCOME,20,517.0,20,511.5217391304349
28,SIAgent3,OLD_HIGH_INCOME,47,1215.0,86,1199.7818181818175
28,SIAgent1,FEMALE_YOUNG,88,2236.0,2135,736.8636363636364
28,SIAgent2,MALE_OLD_HIGH_INCOME,31,808.0,31,801.382978723404
28,SIAgent0,MALE_YOUNG_LOW_INCOME,72,1836.0,1906,0.0
28,WFAgent14,MALE_YOUNG,92,2353.0,460,0.0
28,WFAgent13,MALE_LOW_INCOME,143,3631.0,0,0.0
28,WFAgent12,FEMALE_OLD_LOW_INCOME,94,2401.0,2415,0.0
28,WFAgent11,FEMALE_YOUNG_LOW_INCOME,78,1980.0,0,0.0
28,WFAgent0,MALE_OLD,102,2603.0,1737,0.0
28,WFAgent10,FEMALE_HIGH_INCOME,26,663.0,26,660.6363636363637
28,WFAgent1,FEMALE_YOUNG_HIGH_INCOME,10,256.0,10,255.0
28,WFAgent2,FEMALE_HIGH_INCOME,26,663.0,26,662.0
28,WFAgent3,FEMALE_OLD,110,2808.0,260,2476.1454545454526
28,WFAgent4,FEMALE_YOUNG_HIGH_INCOME,10,256.0,10,255.0
28,WFAgent5,FEMALE_OLD_HIGH_INCOME,16,407.0,0,0.0
29,WFAgent6,MALE_OLD,102,2603.0,1694,2466.7393939393965
29,WFAgent7,MALE_OLD_HIGH_INCOME,31,808.0,31,801.382978723404
29,WFAgent8,FEMALE_YOUNG_LOW_INCOME,78,1980.0,0,0.0
29,WFAgent9,FEMALE_OLD,110,2808.0,110,2797.3333333333367
29,SIAgent3,YOUNG_LOW_INCOME,150,3816.0,3700,2162.4000000000033
29,SIAgent1,MALE_HIGH_INCOME,52,1325.0,1110,917.3076923076931
29,SIAgent2,FEMALE_YOUNG_HIGH_INCOME,10,256.0,10,255.99999999999997
29,SIAgent0,FEMALE_HIGH_INCOME,26,663.0,644,0.0
29,WFAgent14,FEMALE_YOUNG_HIGH_INCOME,10,256.0,10,255.3
29,WFAgent13,MALE_YOUNG_LOW_INCOME,72,1836.0,72,1831.6800000000028
29,WFAgent12,MALE_YOUNG_HIGH_INCOME,20,517.0,20,509.6153846153846
29,WFAgent11,MALE_HIGH_INCOME,52,1325.0,51,1299.5192307692323
29,WFAgent0,FEMALE_LOW_INCOME,172,4381.0,2338,0.0
29,WFAgent10,MALE_OLD_HIGH_INCOME,31,808.0,31,791.1078431372546
29,WFAgent1,FEMALE_YOUNG,88,2236.0,0,0.0
29,WFAgent2,OLD_HIGH_INCOME,47,1215.0,47,1197.5961538461552
29,WFAgent3,OLD_LOW_INCOME,165,4196.0,0,0.0
29,WFAgent4,MALE_OLD,102,2603.0,102,2593.890909090912
29,WFAgent5,YOUNG_HIGH_INCOME,30,773.0,30,764.4230769230774
30,WFAgent6,MALE_OLD,102,2603.0,1605,2551.960784313724
30,WFAgent7,MALE_YOUNG_LOW_INCOME,72,1836.0,72,1836.0
30,WFAgent8,YOUNG_HIGH_INCOME,30,773.0,234,747.233333333333
30,WFAgent9,MALE_HIGH_INCOME,52,1325.0,397,0.0
30,SIAgent3,MALE_OLD,102,2603.0,208,2602.9999999999986
30,SIAgent1,FEMALE_OLD,110,2808.0,2692,2144.2909090909075
30,SIAgent2,FEMALE_YOUNG,88,2236.0,88,2233.8461538461556
30,SIAgent0,YOUNG_HIGH_INCOME,30,773.0,165,772.9999999999997
30,WFAgent14,FEMALE_OLD_HIGH_INCOME,16,407.0,0,0.0
30,WFAgent13,FEMALE_YOUNG,88,2236.0,88,2233.8461538461556
30,WFAgent12,MALE_YOUNG_LOW_INCOME,72,1836.0,72,1836.0
30,WFAgent11,YOUNG_LOW_INCOME,150,3816.0,0,0.0
30,WFAgent0,YOUNG_LOW_INCOME,150,3816.0,150,3811.363636363645
30,WFAgent10,FEMALE_OLD_LOW_INCOME,94,2401.0,94,2399.5636363636345
30,WFAgent1,MALE_YOUNG_LOW_INCOME,72,1836.0,1719,1606.5
30,WFAgent2,FEMALE_YOUNG_LOW_INCOME,78,1980.0,77,1954.615384615387
30,WFAgent3,FEMALE_YOUNG,88,2236.0,1484,2233.8461538461556
30,WFAgent4,FEMALE_YOUNG_LOW_INCOME,78,1980.0,77,1954.615384615387
30,WFAgent5,MALE_OLD_LOW_INCOME,70,1795.0,70,1786.3725490196068
31,WFAgent6,MALE_OLD_LOW_INCOME,70,1795.0,70,1786.3725490196068
31,WFAgent7,MALE_OLD,102,2603.0,102,2589.944055944052
31,WFAgent8,FEMALE_LOW_INCOME,172,4381.0,0,0.0
31,WFAgent9,FEMALE_YOUNG_LOW_INCOME,78,1980.0,2027,0.0
31,SIAgent3,MALE_OLD,102,2603.0,162,2602.9999999999986
31,SIAgent1,MALE_YOUNG_HIGH_INCOME,20,517.0,20,515.1538461538463
31,SIAgent2,MALE_YOUNG_HIGH_INCOME,20,517.0,19,491.1500000000002
31,SIAgent0,MALE_LOW_INCOME,143,3631.0,531,3630.9999999999927
31,WFAgent14,FEMALE_OLD_LOW_INCOME,94,2401.0,94,2394.2674418604674
31,WFAgent13,MALE_OLD,102,2603.0,102,2599.9280131633045
31,WFAgent12,FEMALE_YOUNG,88,2236.0,253,0.0
31,WFAgent11,MALE_HIGH_INCOME,52,1325.0,0,0.0
31,WFAgent0,MALE_OLD_HIGH_INCOME,31,808.0,31,791.1078431372546
31,WFAgent10,MALE_LOW_INCOME,143,3631.0,1311,2336.0279720279686
31,WFAgent1,FEMALE_LOW_INCOME,172,4381.0,2247,2623.5058139534913
31,WFAgent2,MALE_HIGH_INCOME,52,1325.0,504,0.0
31,WFAgent3,FEMALE_YOUNG,88,2236.0,0,0.0
31,WFAgent4,MALE_YOUNG_LOW_INCOME,72,1836.0,72,1828.1958041958023
31,WFAgent5,MALE_YOUNG_HIGH_INCOME,20,517.0,19,491.1500000000002
32,WFAgent6,MALE_OLD_HIGH_INCOME,31,808.0,836,0.0
32,WFAgent7,MALE_HIGH_INCOME,52,1325.0,0,0.0
32,WFAgent8,FEMALE_OLD_LOW_INCOME,94,2401.0,94,2394.2674418604674
32,WFAgent9,FEMALE_LOW_INCOME,172,4381.0,171,4355.529069767449
32,SIAgent3,FEMALE_OLD_LOW_INCOME,94,2401.0,94,2394.2674418604674
32,SIAgent1,OLD_LOW_INCOME,165,4196.0,165,4194.142657342658
32,SIAgent2,FEMALE_YOUNG_HIGH_INCOME,10,256.0,269,0.0
32,SIAgent0,MALE_LOW_INCOME,143,3631.0,3194,2615.33566433566
32,WFAgent14,MALE_HIGH_INCOME,52,1325.0,0,0.0
32,WFAgent13,FEMALE_YOUNG_LOW_INCOME,78,1980.0,1971,0.0
32,WFAgent12,FEMALE_YOUNG,88,2236.0,0,0.0
32,WFAgent11,MALE_YOUNG_HIGH_INCOME,20,517.0,20,511.5217391304349
32,WFAgent0,YOUNG_HIGH_INCOME,30,773.0,489,0.0
32,WFAgent10,OLD_HIGH_INCOME,47,1215.0,421,0.0
32,WFAgent1,FEMALE_LOW_INCOME,172,4381.0,2012,3744.226744186052
32,WFAgent2,MALE_YOUNG,92,2353.0,92,2336.0279720279686
32,WFAgent3,MALE_LOW_INCOME,143,3631.0,0,0.0
32,WFAgent4,MALE_OLD_LOW_INCOME,70,1795.0,70,1780.1212121212131
32,WFAgent5,MALE_OLD,102,2603.0,102,2593.890909090912
33,WFAgent6,MALE_LOW_INCOME,143,3631.0,1355,3351.6923076923013
33,WFAgent7,YOUNG_LOW_INCOME,150,3816.0,1844,0.0
33,WFAgent8,MALE_LOW_INCOME,143,3631.0,143,3630.9999999999927
33,WFAgent9,MALE_OLD,102,2603.0,102,2593.503962703964
33,SIAgent3,FEMALE_YOUNG_HIGH_INCOME,10,256.0,10,254.0909090909091
33,SIAgent1,FEMALE_OLD_HIGH_INCOME,16,407.0,361,407.0
33,SIAgent2,FEMALE_YOUNG_LOW_INCOME,78,1980.0,77,1954.615384615387
33,SIAgent0,FEMALE_YOUNG_LOW_INCOME,78,1980.0,1858,1751.5384615384633
33,WFAgent14,FEMALE_OLD_HIGH_INCOME,16,407.0,16,407.0
33,WFAgent13,FEMALE_HIGH_INCOME,26,663.0,26,660.6363636363637
33,WFAgent12,OLD_HIGH_INCOME,47,1215.0,47,1195.5625
33,WFAgent11,FEMALE_OLD_LOW_INCOME,94,2401.0,2435,0.0
33,WFAgent0,MALE_OLD,102,2603.0,102,2593.890909090912
33,WFAgent10,FEMALE_YOUNG,88,2236.0,62,1575.3636363636379
33,WFAgent1,MALE_HIGH_INCOME,52,1325.0,570,0.0
33,WFAgent2,FEMALE_YOUNG,88,2236.0,72,1829.4545454545478
33,WFAgent3,MALE_OLD_LOW_INCOME,70,1795.0,70,1780.1212121212131
33,WFAgent4,OLD_LOW_INCOME,165,4196.0,0,0.0
33,WFAgent5,FEMALE_YOUNG,88,2236.0,72,1829.4545454545478
34,WFAgent6,MALE_OLD_LOW_INCOME,70,1795.0,70,1780.1212121212131
34,WFAgent7,MALE_OLD,102,2603.0,0,0.0
34,WFAgent8,YOUNG_HIGH_INCOME,30,773.0,30,772.9999999999997
34,WFAgent9,MALE_OLD_HIGH_INCOME,31,808.0,31,801.382978723404
34,SIAgent3,YOUNG_HIGH_INCOME,30,773.0,693,566.8666666666664
34,SIAgent1,FEMALE_OLD_LOW_INCOME,94,2401.0,94,2400.9999999999977
34,SIAgent2,OLD_HIGH_INCOME,47,1215.0,1168,568.723404255319
34,SIAgent0,OLD_LOW_INCOME,165,4196.0,3789,0.0
34,WFAgent14,MALE_YOUNG_LOW_INCOME,72,1836.0,1834,0.0
34,WFAgent13,FEMALE_OLD_LOW_INCOME,94,2401.0,94,2390.448484848487
34,WFAgent12,FEMALE_LOW_INCOME,172,4381.0,2002,0.0
34,WFAgent11,MALE_YOUNG,92,2353.0,0,0.0
34,WFAgent0,FEMALE_OLD_HIGH_INCOME,16,407.0,0,0.0
34,WFAgent10,OLD_LOW_INCOME,165,4196.0,0,0.0
34,WFAgent1,MALE_OLD_HIGH_INCOME,31,808.0,31,801.382978723404
34,WFAgent2,MALE_LOW_INCOME,143,3631.0,0,0.0
34,WFAgent3,MALE_OLD_LOW_INCOME,70,1795.0,70,1786.3725490196068
34,WFAgent4,FEMALE_OLD_LOW_INCOME,94,2401.0,94,2400.3553933696176
34,WFAgent5,MALE_YOUNG,92,2353.0,0,0.0
35,WFAgent6,FEMALE_YOUNG_LOW_INCOME,78,1980.0,0,0.0
35,WFAgent7,FEMALE_YOUNG_HIGH_INCOME,10,256.0,250,153.6
35,WFAgent8,FEMALE_YOUNG_LOW_INCOME,78,1980.0,1872,1726.1538461538478
35,WFAgent9,FEMALE_OLD,110,2808.0,110,2807.9999999999977
35,SIAgent3,FEMALE_OLD_HIGH_INCOME,16,407.0,156,0.0
35,SIAgent1,OLD_HIGH_INCOME,47,1215.0,47,1206.9052224371371
35,SIAgent2,OLD_LOW_INCOME,165,4196.0,3821,3026.2060606060645
35,SIAgent0,MALE_OLD_HIGH_INCOME,31,808.0,31,801.382978723404
35,WFAgent14,FEMALE_OLD_LOW_INCOME,94,2401.0,94,2400.9999999999977
35,WFAgent13,MALE_OLD_HIGH_INCOME,31,808.0,31,794.7538589904043
35,WFAgent12,FEMALE_YOUNG_HIGH_INCOME,10,256.0,10,255.99999999999997
35,WFAgent11,MALE_OLD,102,2603.0,102,2593.890909090912
35,WFAgent0,OLD_HIGH_INCOME,47,1215.0,723,0.0
35,WFAgent10,YOUNG_HIGH_INCOME,30,773.0,558,0.0
35,WFAgent1,FEMALE_OLD_LOW_INCOME,94,2401.0,94,2400.9999999999977
35,WFAgent2,FEMALE_OLD_LOW_INCOME,94,2401.0,94,2399.9897485493216
35,WFAgent3,FEMALE_YOUNG_LOW_INCOME,78,1980.0,77,1954.615384615387
35,WFAgent4,MALE_HIGH_INCOME,52,1325.0,0,0.0
35,WFAgent5,FEMALE_OLD,110,2808.0,110,2807.4613636363615
36,WFAgent6,FEMALE_OLD_LOW_INCOME,94,2401.0,2377,0.0
36,WFAgent7,MALE_YOUNG_HIGH_INCOME,20,517.0,20,511.5217391304349
36,WFAgent8,OLD_HIGH_INCOME,47,1215.0,0,0.0
36,WFAgent9,OLD_HIGH_INCOME,47,1215.0,404,51.702127659574465
36,SIAgent3,MALE_LOW_INCOME,143,3631.0,221,3630.9999999999927
36,SIAgent1,OLD_HIGH_INCOME,47,1215.0,47,1201.0788485607004
36,SIAgent2,MALE_YOUNG,92,2353.0,92,2340.6838461538496
36,SIAgent0,MALE_OLD,102,2603.0,204,2600.824009324007
36,WFAgent14,MALE_OLD_LOW_INCOME,70,1795.0,70,1786.3725490196068
36,WFAgent13,YOUNG_LOW_INCOME,150,3816.0,1554,2970.8181818181765
36,WFAgent12,MALE_HIGH_INCOME,52,1325.0,493,0.0
36,WFAgent11,FEMALE_YOUNG_LOW_INCOME,78,1980.0,1923,0.0
36,WFAgent0,MALE_HIGH_INCOME,52,1325.0,0,0.0
36,WFAgent10,FEMALE_OLD_LOW_INCOME,94,2401.0,94,2390.448484848487
36,WFAgent1,MALE_YOUNG_LOW_INCOME,72,1836.0,72,1828.1958041958023
36,WFAgent2,MALE_OLD,102,2603.0,102,2602.9999999999986
36,WFAgent3,OLD_LOW_INCOME,165,4196.0,0,0.0
36,WFAgent4,YOUNG_HIGH_INCOME,30,773.0,276,0.0
36,WFAgent5,FEMALE_YOUNG,88,2236.0,0,0.0
37,WFAgent6,YOUNG_HIGH_INCOME,30,773.0,229,0.0
37,WFAgent7,YOUNG_LOW_INCOME,150,3816.0,149,3790.5600000000068
37,WFAgent8,MALE_YOUNG_LOW_INCOME,72,1836.0,72,1835.4000000000005
37,WFAgent9,MALE_YOUNG_LOW_INCOME,72,1836.0,72,1836.0
37,SIAgent3,FEMALE_OLD_HIGH_INCOME,16,407.0,16,407.0
37,SIAgent1,YOUNG_LOW_INCOME,150,3816.0,490,3790.5600000000068
37,SIAgent2,FEMALE_LOW_INCOME,172,4381.0,172,4375.078787878791
37,SIAgent0,OLD_LOW_INCOME,165,4196.0,3915,2415.8787878787903
37,WFAgent14,MALE_YOUNG_HIGH_INCOME,20,517.0,528,0.0
37,WFAgent13,OLD_LOW_INCOME,165,4196.0,0,0.0
37,WFAgent12,YOUNG_LOW_INCOME,150,3816.0,1590,3485.280000000006
37,WFAgent11,MALE_HIGH_INCOME,52,1325.0,0,0.0
37,WFAgent0,OLD_LOW_INCOME,165,4196.0,0,0.0
37,WFAgent10,MALE_OLD,102,2603.0,102,2593.890909090912
37,WFAgent1,FEMALE_OLD,110,2808.0,383,534.1875
37,WFAgent2,FEMALE_OLD_LOW_INCOME,94,2401.0,94,2394.2674418604674
37,WFAgent3,MALE_OLD_HIGH_INCOME,31,808.0,843,0.0
37,WFAgent4,FEMALE_OLD_HIGH_INCOME,16,407.0,16,407.0
37,WFAgent5,MALE_LOW_INCOME,143,3631.0,0,0.0
38,WFAgent6,MALE_YOUNG_LOW_INCOME,72,1836.0,1866,0.0
38,WFAgent7,MALE_HIGH_INCOME,52,1325.0,0,0.0
38,WFAgent8,FEMALE_YOUNG,88,2236.0,0,0.0
38,WFAgent9,FEMALE_YOUNG_HIGH_INCOME,10,256.0,10,255.0
38,SIAgent3,MALE_OLD,102,2603.0,102,2595.587700534761
38,SIAgent1,FEMALE_HIGH_INCOME,26,663.0,66,663.0
38,SIAgent2,OLD_LOW_INCOME,165,4196.0,3792,2924.484848484852
38,SIAgent0,FEMALE_HIGH_INCOME,26,663.0,26,663.0
38,WFAgent14,FEMALE_OLD_HIGH_INCOME,16,407.0,333,0.0
38,WFAgent13,FEMALE_OLD,110,2808.0,110,2797.3333333333367
38,WFAgent12,MALE_YOUNG_HIGH_INCOME,20,517.0,541,0.0
38,WFAgent11,FEMALE_HIGH_INCOME,26,663.0,26,663.0
38,WFAgent0,OLD_HIGH_INCOME,47,1215.0,769,586.9509803921567
38,WFAgent10,FEMALE_HIGH_INCOME,26,663.0,198,0.0
38,WFAgent1,FEMALE_OLD_LOW_INCOME,94,2401.0,94,2390.448484848487
38,WFAgent2,FEMALE_OLD,110,2808.0,110,2797.3333333333367
38,WFAgent3,FEMALE_HIGH_INCOME,26,663.0,26,662.7272727272726
38,WFAgent4,FEMALE_YOUNG_LOW_INCOME,78,1980.0,1931,0.0
38,WFAgent5,OLD_LOW_INCOME,165,4196.0,0,0.0
39,WFAgent6,MALE_YOUNG_HIGH_INCOME,20,517.0,20,515.3333333333331
39,WFAgent7,FEMALE_OLD_HIGH_INCOME,16,407.0,16,407.0
39,WFAgent8,MALE_OLD_LOW_INCOME,70,1795.0,70,1780.1212121212131
39,WFAgent9,MALE_OLD_LOW_INCOME,70,1795.0,70,1779.966433566434
39,SIAgent3,YOUNG_HIGH_INCOME,30,773.0,757,721.4666666666664
39,SIAgent1,MALE_LOW_INCOME,143,3631.0,673,3630.9999999999927
39,SIAgent2,OLD_LOW_INCOME,165,4196.0,178,4170.569696969703
39,SIAgent0,MALE_OLD_LOW_INCOME,70,1795.0,70,1780.1212121212131
39,WFAgent14,MALE_LOW_INCOME,143,3631.0,1371,3173.951048951043
39,WFAgent13,YOUNG_LOW_INCOME,150,3816.0,1940,1878.4615384615406
39,WFAgent12,FEMALE_OLD,110,2808.0,110,2797.3333333333367
39,WFAgent11,FEMALE_OLD_HIGH_INCOME,16,407.0,16,407.0
39,WFAgent0,FEMALE_OLD_HIGH_INCOME,16,407.0,16,407.0
39,WFAgent10,FEMALE_YOUNG_LOW_INCOME,78,1980.0,0,0.0
39,WFAgent1,FEMALE_OLD_HIGH_INCOME,16,407.0,16,407.0
39,WFAgent2,OLD_HIGH_INCOME,47,1215.0,819,0.0
39,WFAgent3,FEMALE_OLD_HIGH_INCOME,16,407.0,365,407.0
39,WFAgent4,FEMALE_OLD_LOW_INCOME,94,2401.0,94,2390.448484848487
39,WFAgent5,FEMALE_YOUNG_LOW_INCOME,78,1980.0,77,1954.615384615387
40,WFAgent6,MALE_LOW_INCOME,143,3631.0,0,0.0
40,WFAgent7,YOUNG_HIGH_INCOME,30,773.0,450,0.0
40,WFAgent8,MALE_YOUNG_LOW_INCOME,72,1836.0,72,1828.1958041958023
40,WFAgent9,MALE_OLD_LOW_INCOME,70,1795.0,70,1780.1212121212131
40,SIAgent3,FEMALE_OLD_LOW_INCOME,94,2401.0,94,2399.5636363636345
40,SIAgent1,MALE_YOUNG_HIGH_INCOME,20,517.0,19,491.1500000000002
40,SIAgent2,OLD_LOW_INCOME,165,4196.0,434,4194.181351981352
40,SIAgent0,FEMALE_OLD,110,2808.0,110,2797.599621212124
40,WFAgent14,MALE_OLD,102,2603.0,102,2593.890909090912
40,WFAgent13,OLD_HIGH_INCOME,47,1215.0,825,0.0
40,WFAgent12,MALE_YOUNG_LOW_INCOME,72,1836.0,1806,0.0
40,WFAgent11,FEMALE_YOUNG_LOW_INCOME,78,1980.0,0,0.0
40,WFAgent0,FEMALE_YOUNG_LOW_INCOME,78,1980.0,1988,0.0
40,WFAgent10,MALE_YOUNG_HIGH_INCOME,20,517.0,20,515.8923076923079
40,WFAgent1,FEMALE_OLD_HIGH_INCOME,16,407.0,402,0.0
40,WFAgent2,FEMALE_YOUNG_HIGH_INCOME,10,256.0,272,0.0
40,WFAgent3,FEMALE_OLD_HIGH_INCOME,16,407.0,0,0.0
40,WFAgent4,MALE_LOW_INCOME,143,3631.0,1416,0.0
40,WFAgent5,MALE_HIGH_INCOME,52,1325.0,0,0.0
41,WFAgent6,MALE_OLD,102,2603.0,102,2593.890909090912
41,WFAgent7,MALE_YOUNG_HIGH_INCOME,20,517.0,20,509.6153846153846
41,WFAgent8,FEMALE_OLD_HIGH_INCOME,16,407.0,16,407.0
41,WFAgent9,FEMALE_YOUNG_HIGH_INCOME,10,256.0,258,0.0
41,SIAgent3,OLD_LOW_INCOME,165,4196.0,164,4170.569696969703
41,SIAgent1,MALE_OLD_LOW_INCOME,70,1795.0,70,1794.9999999999986
41,SIAgent2,MALE_OLD_LOW_INCOME,70,1795.0,70,1793.7675070028
41,SIAgent0,FEMALE_OLD_LOW_INCOME,94,2401.0,94,2400.9999999999977
41,WFAgent14,FEMALE_OLD,110,2808.0,2004,2441.3090909090934
41,WFAgent13,FEMALE_OLD,110,2808.0,110,2798.125
41,WFAgent12,YOUNG_LOW_INCOME,150,3816.0,1976,0.0
41,WFAgent11,FEMALE_OLD_LOW_INCOME,94,2401.0,94,2400.101998710508
41,WFAgent0,FEMALE_OLD_HIGH_INCOME,16,407.0,326,381.5625
41,WFAgent10,MALE_YOUNG_HIGH_INCOME,20,517.0,518,0.0
41,WFAgent1,MALE_OLD,102,2603.0,1490,1169.793939393939
41,WFAgent2,MALE_HIGH_INCOME,52,1325.0,0,0.0
41,WFAgent3,FEMALE_OLD_LOW_INCOME,94,2401.0,94,2400.9999999999977
41,WFAgent4,FEMALE_OLD_HIGH_INCOME,16,407.0,16,407.0
41,WFAgent5,MALE_HIGH_INCOME,52,1325.0,0,0.0
42,WFAgent6,FEMALE_LOW_INCOME,172,4381.0,2158,0.0
42,WFAgent7,FEMALE_OLD,110,2808.0,110,2797.3333333333367
42,WFAgent8,OLD_HIGH_INCOME,47,1215.0,46,1189.1489361702131
42,WFAgent9,FEMALE_YOUNG_HIGH_INCOME,10,256.0,10,255.0
42,SIAgent3,FEMALE_YOUNG_LOW_INCOME,78,1980.0,1907,0.0
42,SIAgent1,FEMALE_HIGH_INCOME,26,663.0,477,331.5
42,SIAgent2,YOUNG_HIGH_INCOME,30,773.0,30,768.7333333333332
42,SIAgent0,FEMALE_OLD,110,2808.0,110,2801.8023255813987
42,WFAgent14,MALE_OLD_LOW_INCOME,70,1795.0,70,1794.9999999999986
42,WFAgent13,MALE_OLD_LOW_INCOME,70,1795.0,70,1792.2885154061614
42,WFAgent12,FEMALE_HIGH_INCOME,26,663.0,0,0.0
42,WFAgent11,MALE_YOUNG_HIGH_INCOME,20,517.0,507,360.7333333333332
42,WFAgent0,OLD_HIGH_INCOME,47,1215.0,47,1214.6489361702131
42,WFAgent10,MALE_OLD,102,2603.0,0,0.0
42,WFAgent1,MALE_OLD,102,2603.0,1712,0.0
42,WFAgent2,YOUNG_LOW_INCOME,150,3816.0,1881,0.0
42,WFAgent3,OLD_HIGH_INCOME,47,1215.0,819,0.0
42,WFAgent4,OLD_HIGH_INCOME,47,1215.0,46,1189.1489361702131
42,WFAgent5,OLD_LOW_INCOME,165,4196.0,0,0.0
43,WFAgent6,YOUNG_HIGH_INCOME,30,773.0,30,764.4230769230774
43,WFAgent7,FEMALE_YOUNG_LOW_INCOME,78,1980.0,0,0.0
43,WFAgent8,OLD_HIGH_INCOME,47,1215.0,437,0.0
43,WFAgent9,FEMALE_YOUNG,88,2236.0,269,0.0
43,SIAgent3,FEMALE_LOW_INCOME,172,4381.0,172,4372.541144901607
43,SIAgent1,MALE_HIGH_INCOME,52,1325.0,1246,891.8269230769238
43,SIAgent2,MALE_LOW_INCOME,143,3631.0,265,3630.9999999999927
43,SIAgent0,MALE_YOUNG_HIGH_INCOME,20,517.0,20,509.6153846153846
43,WFAgent14,FEMALE_HIGH_INCOME,26,663.0,0,0.0
43,WFAgent13,MALE_YOUNG_LOW_INCOME,72,1836.0,72,1828.1958041958023
43,WFAgent12,FEMALE_YOUNG_LOW_INCOME,78,1980.0,77,1954.615384615387
43,WFAgent11,FEMALE_YOUNG_LOW_INCOME,78,1980.0,1842,1954.615384615387
43,WFAgent0,OLD_LOW_INCOME,165,4196.0,0,0.0
43,WFAgent10,FEMALE_OLD_LOW_INCOME,94,2401.0,2266,1808.436046511629
43,WFAgent1,MALE_LOW_INCOME,143,3631.0,0,0.0
43,WFAgent2,MALE_LOW_INCOME,143,3631.0,1674,1777.4125874125857
43,WFAgent3,MALE_LOW_INCOME,143,3631.0,0,0.0
43,WFAgent4,MALE_OLD_HIGH_INCOME,31,808.0,31,789.9038461538466
43,WFAgent5,MALE_OLD,102,2603.0,102,2589.944055944052
44,WFAgent6,MALE_YOUNG,92,2353.0,0,0.0
44,WFAgent7,MALE_YOUNG,92,2353.0,0,0.0
44,WFAgent8,MALE_OLD_HIGH_INCOME,31,808.0,842,0.0
44,WFAgent9,FEMALE_HIGH_INCOME,26,663.0,0,0.0
44,SIAgent3,FEMALE_OLD_HIGH_INCOME,16,407.0,386,0.0
44,SIAgent1,MALE_YOUNG_HIGH_INCOME,20,517.0,20,511.5217391304349
44,SIAgent2,MALE_YOUNG,92,2353.0,798,2352.999999999998
44,SIAgent0,FEMALE_YOUNG_LOW_INCOME,78,1980.0,77,1954.615384615387
44,WFAgent14,FEMALE_LOW_INCOME,172,4381.0,172,4366.153846153837
44,WFAgent13,YOUNG_HIGH_INCOME,30,773.0,30,765.0
44,WFAgent12,FEMALE_YOUNG_LOW_INCOME,78,1980.0,0,0.0
44,WFAgent11,FEMALE_LOW_INCOME,172,4381.0,1612,3883.8461538461465
44,WFAgent0,OLD_LOW_INCOME,165,4196.0,0,0.0
44,WFAgent10,MALE_YOUNG,92,2353.0,398,2327.4239130434767
44,WFAgent1,YOUNG_HIGH_INCOME,30,773.0,232,0.0
44,WFAgent2,MALE_YOUNG_LOW_INCOME,72,1836.0,1112,0.0
44,WFAgent3,FEMALE_OLD,110,2808.0,2478,0.0
44,WFAgent4,FEMALE_YOUNG_LOW_INCOME,78,1980.0,77,1954.615384615387
44,WFAgent5,OLD_HIGH_INCOME,47,1215.0,0,0.0
45,WFAgent6,MALE_HIGH_INCOME,52,1325.0,0,0.0
45,WFAgent7,MALE_YOUNG_LOW_INCOME,72,1836.0,72,1836.0
45,WFAgent8,MALE_YOUNG,92,2353.0,441,1274.038461538463
45,WFAgent9,FEMALE_LOW_INCOME,172,4381.0,1894,0.0
45,SIAgent3,MALE_YOUNG,92,2353.0,92,2346.836956521739
45,SIAgent1,MALE_OLD,102,2603.0,165,2602.553475935828
45,SIAgent2,FEMALE_LOW_INCOME,172,4381.0,337,4366.153846153837
45,SIAgent0,FEMALE_YOUNG_HIGH_INCOME,10,256.0,253,0.0
45,WFAgent14,MALE_YOUNG_HIGH_INCOME,20,517.0,20,511.0451505016723
45,WFAgent13,FEMALE_YOUNG_HIGH_INCOME,10,256.0,0,0.0
45,WFAgent12,MALE_OLD_LOW_INCOME,70,1795.0,70,1786.3725490196068
45,WFAgent11,FEMALE_YOUNG_LOW_INCOME,78,1980.0,0,0.0
45,WFAgent0,OLD_LOW_INCOME,165,4196.0,2129,0.0
45,WFAgent10,MALE_LOW_INCOME,143,3631.0,0,0.0
45,WFAgent1,MALE_YOUNG_LOW_INCOME,72,1836.0,1685,1632.0
45,WFAgent2,OLD_HIGH_INCOME,47,1215.0,414,0.0
45,WFAgent3,MALE_OLD,102,2603.0,1590,0.0
45,WFAgent4,OLD_HIGH_INCOME,47,1215.0,0,0.0
45,WFAgent5,MALE_HIGH_INCOME,52,1325.0,51,1299.5192307692323
46,WFAgent6,FEMALE_YOUNG,88,2236.0,0,0.0
46,WFAgent7,FEMALE_OLD,110,2808.0,158,0.0
46,WFAgent8,MALE_YOUNG_HIGH_INCOME,20,517.0,19,491.1500000000002
46,WFAgent9,FEMALE_OLD_HIGH_INCOME,16,407.0,0,0.0
46,SIAgent3,MALE_YOUNG_HIGH_INCOME,20,517.0,509,491.1500000000002
46,SIAgent1,MALE_OLD,102,2603.0,171,2598.904017551073
46,SIAgent2,MALE_LOW_INCOME,143,3631.0,3418,0.0
46,SIAgent0,FEMALE_YOUNG,88,2236.0,2164,2083.5454545454577
46,WFAgent14,FEMALE_OLD_LOW_INCOME,94,2401.0,2441,0.0
46,WFAgent13,OLD_HIGH_INCOME,47,1215.0,47,1214.3524177949712
46,WFAgent12,FEMALE_OLD,110,2808.0,110,2798.125
46,WFAgent11,FEMALE_YOUNG,88,2236.0,87,2210.5909090909126
46,WFAgent0,MALE_YOUNG_HIGH_INCOME,20,517.0,19,491.1500000000002
46,WFAgent10,FEMALE_LOW_INCOME,172,4381.0,0,0.0
46,WFAgent1,MALE_LOW_INCOME,143,3631.0,0,0.0
46,WFAgent2,MALE_OLD_LOW_INCOME,70,1795.0,70,1786.3725490196068
46,WFAgent3,OLD_HIGH_INCOME,47,1215.0,46,1189.1489361702131
46,WFAgent4,OLD_HIGH_INCOME,47,1215.0,46,1189.1489361702131
46,WFAgent5,MALE_HIGH_INCOME,52,1325.0,0,0.0
47,WFAgent6,MALE_HIGH_INCOME,52,1325.0,51,1299.5192307692323
47,WFAgent7,FEMALE_HIGH_INCOME,26,663.0,241,0.0
47,WFAgent8,MALE_HIGH_INCOME,52,1325.0,51,1299.5192307692323
47,WFAgent9,MALE_HIGH_INCOME,52,1325.0,345,1299.5192307692323
47,SIAgent3,FEMALE_OLD_LOW_INCOME,94,2401.0,94,2394.2674418604674
47,SIAgent1,FEMALE_LOW_INCOME,172,4381.0,578,4355.529069767449
47,SIAgent2,MALE_OLD_LOW_INCOME,70,1795.0,70,1792.4117647058813
47,SIAgent0,MALE_HIGH_INCOME,52,1325.0,375,1299.5192307692323
47,WFAgent14,MALE_OLD,102,2603.0,102,2593.890909090912
47,WFAgent13,FEMALE_YOUNG_HIGH_INCOME,10,256.0,10,254.0909090909091
47,WFAgent12,FEMALE_YOUNG,88,2236.0,0,0.0
47,WFAgent11,MALE_YOUNG_HIGH_INCOME,20,517.0,20,509.6153846153846
47,WFAgent0,MALE_OLD,102,2603.0,102,2593.890909090912
47,WFAgent10,FEMALE_LOW_INCOME,172,4381.0,2102,4177.232558139542
47,WFAgent1,FEMALE_OLD_HIGH_INCOME,16,407.0,414,0.0
47,WFAgent2,FEMALE_OLD,110,2808.0,110,2801.8023255813987
47,WFAgent3,MALE_OLD,102,2603.0,1345,2517.6000000000026
47,WFAgent4,MALE_OLD_LOW_INCOME,70,1795.0,70,1794.9999999999986
47,WFAgent5,OLD_LOW_INCOME,165,4196.0,0,0.0
48,WFAgent6,FEMALE_YOUNG_LOW_INCOME,78,1980.0,1002,0.0
48,WFAgent7,MALE_OLD,102,2603.0,102,2602.9999999999986
48,WFAgent8,MALE_OLD,102,2603.0,102,2602.9999999999986
48,WFAgent9,MALE_OLD_HIGH_INCOME,31,808.0,30,781.9354838709684
48,SIAgent3,FEMALE_OLD,110,2808.0,110,2807.9999999999977
48,SIAgent1,FEMALE_OLD_HIGH_INCOME,16,407.0,16,407.0
48,SIAgent2,MALE_OLD_HIGH_INCOME,31,808.0,789,495.2258064516129
48,SIAgent0,FEMALE_OLD_HIGH_INCOME,16,407.0,205,279.8125
48,WFAgent14,FEMALE_OLD_LOW_INCOME,94,2401.0,2268,1863.4909090909077
48,WFAgent13,YOUNG_HIGH_INCOME,30,773.0,528,0.0
48,WFAgent12,FEMALE_HIGH_INCOME,26,663.0,0,0.0
48,WFAgent11,FEMALE_OLD_LOW_INCOME,94,2401.0,94,2399.5636363636345
48,WFAgent0,MALE_OLD,102,2603.0,1628,2526.441176470587
48,WFAgent10,FEMALE_YOUNG_LOW_INCOME,78,1980.0,987,0.0
48,WFAgent1,FEMALE_YOUNG_HIGH_INCOME,10,256.0,260,0.0
48,WFAgent2,FEMALE_LOW_INCOME,172,4381.0,0,0.0
48,WFAgent3,YOUNG_LOW_INCOME,150,3816.0,1769,0.0
48,WFAgent4,MALE_HIGH_INCOME,52,1325.0,0,0.0
48,WFAgent5,FEMALE_OLD,110,2808.0,110,2799.2022727272724
49,WFAgent6,FEMALE_YOUNG,88,2236.0,0,0.0
49,WFAgent7,FEMALE_HIGH_INCOME,26,663.0,229,561.0
49,WFAgent8,FEMALE_OLD,110,2808.0,110,2797.3333333333367
49,WFAgent9,FEMALE_OLD_LOW_INCOME,94,2401.0,94,2394.2674418604674
49,SIAgent3,MALE_HIGH_INCOME,52,1325.0,1232,0.0
49,SIAgent1,FEMALE_YOUNG_LOW_INCOME,78,1980.0,1996,0.0
49,SIAgent2,MALE_OLD,102,2603.0,129,2602.9999999999986
49,SIAgent0,FEMALE_HIGH_INCOME,26,663.0,130,663.0
49,WFAgent14,MALE_HIGH_INCOME,52,1325.0,0,0.0
49,WFAgent13,YOUNG_HIGH_INCOME,30,773.0,30,765.0
49,WFAgent12,YOUNG_LOW_INCOME,150,3816.0,1819,0.0
49,WFAgent11,MALE_YOUNG,92,2353.0,92,2336.0279720279686
49,WFAgent0,OLD_LOW_INCOME,165,4196.0,164,4170.569696969703
49,WFAgent10,FEMALE_LOW_INCOME,172,4381.0,2027,4348.581818181821
49,WFAgent1,MALE_OLD_LOW_INCOME,70,1795.0,70,1786.3725490196068
49,WFAgent2,FEMALE_YOUNG,88,2236.0,0,0.0
49,WFAgent3,MALE_LOW_INCOME,143,3631.0,1560,0.0
49,WFAgent4,OLD_HIGH_INCOME,47,1215.0,47,1199.3827300150824
49,WFAgent5,OLD_LOW_INCOME,165,4196.0,0,0.0
50,WFAgent6,MALE_HIGH_INCOME,52,1325.0,51,1299.5192307692323
50,WFAgent7,MALE_OLD_LOW_INCOME,70,1795.0,70,1794.9999999999986
50,WFAgent8,FEMALE_LOW_INCOME,172,4381.0,2227,4304.587209302333
50,WFAgent9,MALE_YOUNG_LOW_INCOME,72,1836.0,1822,0.0
50,SIAgent3,OLD_HIGH_INCOME,47,1215.0,46,1189.1489361702131
50,SIAgent1,FEMALE_YOUNG_HIGH_INCOME,10,256.0,246,0.0
50,SIAgent2,YOUNG_HIGH_INCOME,30,773.0,30,765.4961538461542
50,SIAgent0,OLD_HIGH_INCOME,47,1215.0,46,1189.1489361702131
50,WFAgent14,MALE_OLD,102,2603.0,102,2589.944055944052
50,WFAgent13,MALE_OLD_LOW_INCOME,70,1795.0,70,1794.9999999999986
50,WFAgent12,FEMALE_OLD_HIGH_INCOME,16,407.0,0,0.0
50,WFAgent11,MALE_OLD,102,2603.0,1487,2462.98601398601
50,WFAgent0,OLD_HIGH_INCOME,47,1215.0,332,0.0
50,WFAgent10,MALE_LOW_INCOME,143,3631.0,0,0.0
50,WFAgent1,MALE_OLD_HIGH_INCOME,31,808.0,731,801.382978723404
50,WFAgent2,MALE_OLD_LOW_INCOME,70,1795.0,70,1793.241258741257
50,WFAgent3,MALE_HIGH_INCOME,52,1325.0,471,1146.6346153846166
50,WFAgent4,OLD_HIGH_INCOME,47,1215.0,47,1202.1795212765956
50,WFAgent5,FEMALE_LOW_INCOME,172,4381.0,171,4355.529069767449
51,WFAgent6,FEMALE_YOUNG_HIGH_INCOME,10,256.0,267,0.0
51,WFAgent7,FEMALE_OLD_HIGH_INCOME,16,407.0,0,0.0
51,WFAgent8,MALE_OLD_HIGH_INCOME,31,808.0,31,789.9038461538466
51,WFAgent9,FEMALE_OLD_HIGH_INCOME,16,407.0,393,0.0
51,SIAgent3,MALE_OLD_HIGH_INCOME,31,808.0,31,801.382978723404
51,SIAgent1,FEMALE_OLD,110,2808.0,110,2804.947727272726
51,SIAgent2,MALE_YOUNG_LOW_INCOME,72,1836.0,72,1836.0
51,SIAgent0,MALE_YOUNG_HIGH_INCOME,20,517.0,20,509.6153846153846
51,WFAgent14,OLD_LOW_INCOME,165,4196.0,0,0.0
51,WFAgent13,YOUNG_HIGH_INCOME,30,773.0,480,0.0
51,WFAgent12,OLD_LOW_INCOME,165,4196.0,0,0.0
51,WFAgent11,MALE_LOW_INCOME,143,3631.0,901,0.0
51,WFAgent0,OLD_HIGH_INCOME,47,1215.0,720,0.0
51,WFAgent10,MALE_YOUNG_LOW_INCOME,72,1836.0,1746,1785.0
51,WFAgent1,FEMALE_YOUNG,88,2236.0,0,0.0
51,WFAgent2,FEMALE_OLD_LOW_INCOME,94,2401.0,2375,2322.9818181818164
51,WFAgent3,MALE_LOW_INCOME,143,3631.0,881,0.0
51,WFAgent4,MALE_HIGH_INCOME,52,1325.0,0,0.0
51,WFAgent5,FEMALE_OLD_HIGH_INCOME,16,407.0,0,0.0
52,WFAgent6,MALE_HIGH_INCOME,52,1325.0,0,0.0
52,WFAgent7,MALE_YOUNG_HIGH_INCOME,20,517.0,20,509.6153846153846
52,WFAgent8,FEMALE_OLD_HIGH_INCOME,16,407.0,405,381.5625
52,WFAgent9,MALE_OLD_LOW_INCOME,70,1795.0,70,1777.4125874125857
52,SIAgent3,MALE_HIGH_INCOME,52,1325.0,1315,840.8653846153852
52,SIAgent1,MALE_LOW_INCOME,143,3631.0,3340,0.0
52,SIAgent2,FEMALE_OLD_HIGH_INCOME,16,407.0,16,407.0
52,SIAgent0,FEMALE_OLD_LOW_INCOME,94,2401.0,94,2390.448484848487
52,WFAgent14,FEMALE_HIGH_INCOME,26,663.0,26,663.0
52,WFAgent13,YOUNG_LOW_INCOME,150,3816.0,2031,0.0
52,WFAgent12,OLD_LOW_INCOME,165,4196.0,0,0.0
52,WFAgent11,FEMALE_HIGH_INCOME,26,663.0,26,663.0
52,WFAgent0,YOUNG_LOW_INCOME,150,3816.0,0,0.0
52,WFAgent10,MALE_OLD_LOW_INCOME,70,1795.0,70,1780.1212121212131
52,WFAgent1,YOUNG_HIGH_INCOME,30,773.0,166,714.0
52,WFAgent2,MALE_YOUNG,92,2353.0,92,2336.0279720279686
52,WFAgent3,MALE_OLD_HIGH_INCOME,31,808.0,31,789.9038461538466
52,WFAgent4,FEMALE_OLD,110,2808.0,2272,0.0
52,WFAgent5,FEMALE_HIGH_INCOME,26,663.0,26,663.0
53,WFAgent6,FEMALE_YOUNG_HIGH_INCOME,10,256.0,10,254.0909090909091
53,WFAgent7,YOUNG_LOW_INCOME,150,3816.0,0,0.0
53,WFAgent8,MALE_YOUNG,92,2353.0,1853,0.0
53,WFAgent9,FEMALE_LOW_INCOME,172,4381.0,172,4379.009267089502
53,SIAgent3,OLD_LOW_INCOME,165,4196.0,308,4170.569696969703
53,SIAgent1,MALE_OLD_LOW_INCOME,70,1795.0,70,1780.1212121212131
53,SIAgent2,FEMALE_YOUNG,88,2236.0,2266,431.9545454545456
53,SIAgent0,FEMALE_OLD_LOW_INCOME,94,2401.0,94,2400.9999999999977
53,WFAgent14,OLD_LOW_INCOME,165,4196.0,1792,813.7696969696965
53,WFAgent13,FEMALE_YOUNG_HIGH_INCOME,10,256.0,10,254.0909090909091
53,WFAgent12,YOUNG_LOW_INCOME,150,3816.0,0,0.0
53,WFAgent11,FEMALE_LOW_INCOME,172,4381.0,171,4355.529069767449
53,WFAgent0,MALE_HIGH_INCOME,52,1325.0,0,0.0
53,WFAgent10,MALE_YOUNG_HIGH_INCOME,20,517.0,20,511.5217391304349
53,WFAgent1,OLD_LOW_INCOME,165,4196.0,0,0.0
53,WFAgent2,FEMALE_OLD_LOW_INCOME,94,2401.0,94,2400.2837704106864
53,WFAgent3,MALE_YOUNG,92,2353.0,486,306.91304347826093
53,WFAgent4,MALE_OLD,102,2603.0,102,2593.890909090912
53,WFAgent5,OLD_HIGH_INCOME,47,1215.0,420,0.0
54,WFAgent6,FEMALE_YOUNG_LOW_INCOME,78,1980.0,0,0.0
54,WFAgent7,FEMALE_HIGH_INCOME,26,663.0,240,0.0
54,WFAgent8,MALE_OLD,102,2603.0,0,0.0
54,WFAgent9,FEMALE_YOUNG,88,2236.0,0,0.0
54,SIAgent3,YOUNG_LOW_INCOME,150,3816.0,149,3790.5600000000068
54,SIAgent1,MALE_YOUNG_LOW_INCOME,72,1836.0,72,1831.6800000000028
54,SIAgent2,MALE_OLD_LOW_INCOME,70,1795.0,70,1786.3725490196068
54,SIAgent0,OLD_LOW_INCOME,165,4196.0,3940,2161.5757575757593
54,WFAgent14,FEMALE_YOUNG_HIGH_INCOME,10,256.0,10,255.0
54,WFAgent13,MALE_YOUNG_LOW_INCOME,72,1836.0,1670,1297.4400000000016
54,WFAgent12,MALE_OLD,102,2603.0,102,2593.890909090912
54,WFAgent11,YOUNG_LOW_INCOME,150,3816.0,1909,2289.6000000000035
54,WFAgent0,MALE_OLD_HIGH_INCOME,31,808.0,745,625.5483870967745
54,WFAgent10,FEMALE_HIGH_INCOME,26,663.0,26,661.0909090909091
54,WFAgent1,OLD_LOW_INCOME,165,4196.0,0,0.0
54,WFAgent2,MALE_OLD_HIGH_INCOME,31,808.0,30,781.9354838709684
54,WFAgent3,YOUNG_LOW_INCOME,150,3816.0,0,0.0
54,WFAgent4,FEMALE_OLD,110,2808.0,110,2797.3333333333367
54,WFAgent5,FEMALE_OLD_HIGH_INCOME,16,407.0,421,0.0
55,WFAgent6,MALE_HIGH_INCOME,52,1325.0,355,0.0
55,WFAgent7,FEMALE_OLD_LOW_INCOME,94,2401.0,94,2390.448484848487
55,WFAgent8,MALE_YOUNG_LOW_INCOME,72,1836.0,1575,1602.7200000000023
55,WFAgent9,FEMALE_HIGH_INCOME,26,663.0,0,0.0
55,SIAgent3,MALE_YOUNG,92,2353.0,92,2341.568695652177
55,SIAgent1,FEMALE_YOUNG_HIGH_INCOME,10,256.0,224,0.0
55,SIAgent2,YOUNG_LOW_INCOME,150,3816.0,149,3790.5600000000068
55,SIAgent0,YOUNG_LOW_INCOME,150,3816.0,149,3790.5600000000068
55,WFAgent14,FEMALE_OLD_HIGH_INCOME,16,407.0,393,0.0
55,WFAgent13,MALE_LOW_INCOME,143,3631.0,1791,0.0
55,WFAgent12,YOUNG_LOW_INCOME,150,3816.0,1708,0.0
55,WFAgent11,MALE_YOUNG,92,2353.0,92,2346.5183946488305
55,WFAgent0,MALE_YOUNG_HIGH_INCOME,20,517.0,20,511.5217391304349
55,WFAgent10,FEMALE_OLD_HIGH_INCOME,16,407.0,0,0.0
55,WFAgent1,OLD_LOW_INCOME,165,4196.0,0,0.0
55,WFAgent2,FEMALE_OLD,110,2808.0,2374,0.0
55,WFAgent3,FEMALE_YOUNG_LOW_INCOME,78,1980.0,0,0.0
55,WFAgent4,YOUNG_LOW_INCOME,150,3816.0,150,3813.286153846151
55,WFAgent5,MALE_HIGH_INCOME,52,1325.0,0,0.0
56,WFAgent6,MALE_HIGH_INCOME,52,1325.0,400,1070.1923076923088
56,WFAgent7,FEMALE_HIGH_INCOME,26,663.0,311,0.0
56,WFAgent8,FEMALE_LOW_INCOME,172,4381.0,172,4378.481113460185
56,WFAgent9,MALE_OLD,102,2603.0,102,2593.890909090912
56,SIAgent3,FEMALE_YOUNG,88,2236.0,2054,0.0
56,SIAgent1,OLD_LOW_INCOME,165,4196.0,291,4170.569696969703
56,SIAgent2,YOUNG_LOW_INCOME,150,3816.0,150,3812.9400000000082
56,SIAgent0,FEMALE_HIGH_INCOME,26,663.0,105,662.8181818181818
56,WFAgent14,FEMALE_OLD_LOW_INCOME,94,2401.0,94,2394.2674418604674
56,WFAgent13,FEMALE_LOW_INCOME,172,4381.0,1962,1576.6787878787884
56,WFAgent12,YOUNG_HIGH_INCOME,30,773.0,30,765.0
56,WFAgent11,MALE_LOW_INCOME,143,3631.0,1454,0.0
56,WFAgent0,MALE_YOUNG,92,2353.0,1841,1068.4800000000012
56,WFAgent10,MALE_YOUNG_HIGH_INCOME,20,517.0,20,509.6153846153846
56,WFAgent1,MALE_HIGH_INCOME,52,1325.0,0,0.0
56,WFAgent2,MALE_HIGH_INCOME,52,1325.0,51,1299.5192307692323
56,WFAgent3,MALE_OLD_HIGH_INCOME,31,808.0,802,0.0
56,WFAgent4,MALE_HIGH_INCOME,52,1325.0,51,1299.5192307692323
56,WFAgent5,FEMALE_OLD,110,2808.0,110,2801.8023255813987
57,WFAgent6,MALE_OLD_HIGH_INCOME,31,808.0,31,791.1078431372546
57,WFAgent7,YOUNG_LOW_INCOME,150,3816.0,0,0.0
57,WFAgent8,FEMALE_OLD_HIGH_INCOME,16,407.0,0,0.0
57,WFAgent9,OLD_HIGH_INCOME,47,1215.0,742,0.0
57,SIAgent3,MALE_YOUNG_LOW_INCOME,72,1836.0,72,1831.6800000000028
57,SIAgent1,FEMALE_OLD,110,2808.0,110,2801.915010570828
57,SIAgent2,FEMALE_LOW_INCOME,172,4381.0,4292,0.0
57,SIAgent0,MALE_YOUNG,92,2353.0,92,2346.6086956521735
57,WFAgent14,FEMALE_YOUNG_HIGH_INCOME,10,256.0,274,0.0
57,WFAgent13,FEMALE_YOUNG_LOW_INCOME,78,1980.0,0,0.0
57,WFAgent12,MALE_OLD,102,2603.0,1673,2067.0882352941167
57,WFAgent11,FEMALE_OLD_HIGH_INCOME,16,407.0,0,0.0
57,WFAgent0,FEMALE_OLD,110,2808.0,110,2807.9999999999977
57,WFAgent10,YOUNG_HIGH_INCOME,30,773.0,505,332.4891304347827
57,WFAgent1,FEMALE_OLD,110,2808.0,200,2476.1454545454526
57,WFAgent2,MALE_YOUNG_LOW_INCOME,72,1836.0,1687,0.0
57,WFAgent3,OLD_LOW_INCOME,165,4196.0,0,0.0
57,WFAgent4,FEMALE_OLD,110,2808.0,110,2807.9999999999977
57,WFAgent5,MALE_OLD,102,2603.0,102,2602.9999999999986
58,WFAgent6,FEMALE_YOUNG,88,2236.0,0,0.0
58,WFAgent7,MALE_YOUNG,92,2353.0,1833,0.0
58,WFAgent8,MALE_YOUNG_HIGH_INCOME,20,517.0,20,509.6153846153846
58,WFAgent9,OLD_LOW_INCOME,165,4196.0,2430,0.0
58,SIAgent3,FEMALE_HIGH_INCOME,26,663.0,593,484.5
58,SIAgent1,MALE_HIGH_INCOME,52,1325.0,1165,0.0
58,SIAgent2,MALE_OLD,102,2603.0,102,2602.9999999999986
58,SIAgent0,MALE_OLD,102,2603.0,102,2602.9999999999986
58,WFAgent14,FEMALE_YOUNG_HIGH_INCOME,10,256.0,10,255.6
58,WFAgent13,MALE_OLD,102,2603.0,1570,0.0
58,WFAgent12,YOUNG_HIGH_INCOME,30,773.0,30,772.6666666666664
58,WFAgent11,FEMALE_YOUNG_HIGH_INCOME,10,256.0,10,255.99999999999997
58,WFAgent0,FEMALE_OLD_HIGH_INCOME,16,407.0,0,0.0
58,WFAgent10,YOUNG_HIGH_INCOME,30,773.0,30,772.9999999999997
58,WFAgent1,MALE_OLD_HIGH_INCOME,31,808.0,31,790.9913273001507
58,WFAgent2,FEMALE_HIGH_INCOME,26,663.0,26,663.0
58,WFAgent3,YOUNG_LOW_INCOME,150,3816.0,0,0.0
58,WFAgent4,MALE_OLD_LOW_INCOME,70,1795.0,70,1785.926024955436
58,WFAgent5,FEMALE_YOUNG_HIGH_INCOME,10,256.0,10,255.99999999999997
59,WFAgent6,FEMALE_YOUNG,88,2236.0,0,0.0
59,WFAgent7,FEMALE_HIGH_INCOME,26,663.0,237,0.0
59,WFAgent8,MALE_OLD_HIGH_INCOME,31,808.0,31,791.1078431372546
59,WFAgent9,OLD_HIGH_INCOME,47,1215.0,788,0.0
59,SIAgent3,MALE_YOUNG_LOW_INCOME,72,1836.0,72,1836.0
59,SIAgent1,FEMALE_OLD_HIGH_INCOME,16,407.0,393,0.0
59,SIAgent2,FEMALE_OLD_LOW_INCOME,94,2401.0,2338,2375.4574468085084
59,SIAgent0,MALE_YOUNG_HIGH_INCOME,20,517.0,20,509.6153846153846
59,WFAgent14,YOUNG_HIGH_INCOME,30,773.0,30,762.2727272727273
59,WFAgent13,MALE_LOW_INCOME,143,3631.0,0,0.0
59,WFAgent12,FEMALE_OLD,110,2808.0,0,0.0
59,WFAgent11,FEMALE_OLD_LOW_INCOME,94,2401.0,94,2400.9999999999977
59,WFAgent0,MALE_YOUNG,92,2353.0,522,0.0
59,WFAgent10,MALE_LOW_INCOME,143,3631.0,1649,2716.9020979020934
59,WFAgent1,MALE_HIGH_INCOME,52,1325.0,0,0.0
59,WFAgent2,MALE_OLD,102,2603.0,102,2589.944055944052
59,WFAgent3,MALE_YOUNG_LOW_INCOME,72,1836.0,72,1833.8321678321663
59,WFAgent4,FEMALE_YOUNG_LOW_INCOME,78,1980.0,1968,0.0
59,WFAgent5,MALE_YOUNG_LOW_INCOME,72,1836.0,1684,0.0
60,WFAgent6,YOUNG_LOW_INCOME,150,3816.0,1681,0.0
60,WFAgent7,MALE_OLD,102,2603.0,0,0.0
60,WFAgent8,YOUNG_LOW_INCOME,150,3816.0,1774,0.0
60,WFAgent9,MALE_YOUNG_LOW_INCOME,72,1836.0,72,1831.5832167832193
60,SIAgent3,FEMALE_OLD,110,2808.0,110,2802.1967230444
60,SIAgent1,FEMALE_LOW_INCOME,172,4381.0,281,4375.680000000003
60,SIAgent2,FEMALE_HIGH_INCOME,26,663.0,501,433.5
60,SIAgent0,FEMALE_YOUNG_HIGH_INCOME,10,256.0,10,255.0
60,WFAgent14,FEMALE_YOUNG,88,2236.0,0,0.0
60,WFAgent13,MALE_OLD_HIGH_INCOME,31,808.0,31,791.1078431372546
60,WFAgent12,MALE_OLD_LOW_INCOME,70,1795.0,1793,0.0
60,WFAgent11,FEMALE_YOUNG_HIGH_INCOME,10,256.0,10,255.0
60,WFAgent0,MALE_OLD_LOW_INCOME,70,1795.0,70,1786.3725490196068
60,WFAgent10,FEMALE_OLD,110,2808.0,110,2805.3
60,WFAgent1,OLD_HIGH_INCOME,47,1215.0,740,0.0
60,WFAgent2,MALE_LOW_INCOME,143,3631.0,0,0.0
60,WFAgent3,YOUNG_HIGH_INCOME,30,773.0,532,0.0
60,WFAgent4,MALE_YOUNG_LOW_INCOME,72,1836.0,72,1831.6800000000028
60,WFAgent5,FEMALE_OLD_HIGH_INCOME,16,407.0,0,0.0
61,WFAgent6,MALE_YOUNG_HIGH_INCOME,20,517.0,470,0.0
61,WFAgent7,FEMALE_OLD_HIGH_INCOME,16,407.0,0,0.0
61,WFAgent8,FEMALE_OLD_HIGH_INCOME,16,407.0,0,0.0
61,WFAgent9,YOUNG_LOW_INCOME,150,3816.0,1959,0.0
61,SIAgent3,FEMALE_YOUNG_HIGH_INCOME,10,256.0,242,230.39999999999998
61,SIAgent1,FEMALE_HIGH_INCOME,26,663.0,26,661.375
61,SIAgent2,OLD_LOW_INCOME,165,4196.0,164,4170.569696969703
61,SIAgent0,MALE_OLD,102,2603.0,107,2602.9999999999986
61,WFAgent14,FEMALE_LOW_INCOME,172,4381.0,2222,4068.8484848484914
61,WFAgent13,YOUNG_LOW_INCOME,150,3816.0,0,0.0
61,WFAgent12,FEMALE_HIGH_INCOME,26,663.0,0,0.0
61,WFAgent11,MALE_OLD,102,2603.0,102,2600.499465240642
61,WFAgent0,MALE_OLD_HIGH_INCOME,31,808.0,31,791.1078431372546
61,WFAgent10,MALE_OLD_LOW_INCOME,70,1795.0,70,1786.3725490196068
61,WFAgent1,FEMALE_YOUNG_HIGH_INCOME,10,256.0,10,255.99999999999997
61,WFAgent2,FEMALE_OLD_HIGH_INCOME,16,407.0,377,0.0
61,WFAgent3,MALE_YOUNG_HIGH_INCOME,20,517.0,20,509.6153846153846
61,WFAgent4,MALE_OLD,102,2603.0,1580,178.01212121212123
61,WFAgent5,MALE_HIGH_INCOME,52,1325.0,0,0.0
62,WFAgent6,MALE_YOUNG_HIGH_INCOME,20,517.0,500,0.0
62,WFAgent7,YOUNG_HIGH_INCOME,30,773.0,30,772.9999999999997
62,WFAgent8,YOUNG_LOW_INCOME,150,3816.0,1729,2056.153846153849
62,WFAgent9,MALE_HIGH_INCOME,52,1325.0,0,0.0
62,SIAgent3,OLD_LOW_INCOME,165,4196.0,4256,0.0
62,SIAgent1,YOUNG_LOW_INCOME,150,3816.0,150,3807.692307692301
62,SIAgent2,MALE_YOUNG_LOW_INCOME,72,1836.0,72,1836.0
62,SIAgent0,FEMALE_YOUNG_LOW_INCOME,78,1980.0,77,1954.615384615387
62,WFAgent14,OLD_LOW_INCOME,165,4196.0,0,0.0
62,WFAgent13,MALE_YOUNG_HIGH_INCOME,20,517.0,20,515.3333333333331
62,WFAgent12,YOUNG_HIGH_INCOME,30,773.0,30,772.9999999999997
62,WFAgent11,MALE_LOW_INCOME,143,3631.0,0,0.0
62,WFAgent0,MALE_YOUNG_LOW_INCOME,72,1836.0,1685,1453.5
62,WFAgent10,FEMALE_OLD,110,2808.0,110,2807.9999999999977
62,WFAgent1,MALE_OLD_HIGH_INCOME,31,808.0,743,0.0
62,WFAgent2,MALE_YOUNG_LOW_INCOME,72,1836.0,72,1836.0
62,WFAgent3,FEMALE_OLD,110,2808.0,320,2782.472727272725
62,WFAgent4,YOUNG_HIGH_INCOME,30,773.0,206,566.8666666666664
62,WFAgent5,FEMALE_HIGH_INCOME,26,663.0,0,0.0
63,WFAgent6,MALE_YOUNG_HIGH_INCOME,20,517.0,19,491.1500000000002
63,WFAgent7,MALE_OLD,102,2603.0,1728,0.0
63,WFAgent8,MALE_YOUNG_HIGH_INCOME,20,517.0,19,491.1500000000002
63,WFAgent9,FEMALE_LOW_INCOME,172,4381.0,0,0.0
63,SIAgent3,YOUNG_LOW_INCOME,150,3816.0,286,3807.692307692301
63,SIAgent1,MALE_OLD_HIGH_INCOME,31,808.0,812,0.0
63,SIAgent2,FEMALE_HIGH_INCOME,26,663.0,488,637.5
63,SIAgent0,FEMALE_YOUNG_LOW_INCOME,78,1980.0,77,1954.615384615387
63,WFAgent14,FEMALE_OLD,110,2808.0,2480,0.0
63,WFAgent13,MALE_YOUNG,92,2353.0,0,0.0
63,WFAgent12,FEMALE_YOUNG_HIGH_INCOME,10,256.0,10,255.0
63,WFAgent11,MALE_YOUNG_HIGH_INCOME,20,517.0,20,516.8333333333335
63,WFAgent0,FEMALE_YOUNG_HIGH_INCOME,10,256.0,10,255.0
63,WFAgent10,FEMALE_OLD,110,2808.0,110,2805.0
63,WFAgent1,MALE_YOUNG_HIGH_INCOME,20,517.0,20,511.5217391304349
63,WFAgent2,FEMALE_YOUNG_LOW_INCOME,78,1980.0,1630,1624.615384615386
63,WFAgent3,YOUNG_HIGH_INCOME,30,773.0,448,0.0
63,WFAgent4,FEMALE_YOUNG_LOW_INCOME,78,1980.0,77,1954.615384615387
63,WFAgent5,FEMALE_HIGH_INCOME,26,663.0,26,663.0
64,WFAgent6,MALE_OLD_LOW_INCOME,70,1795.0,70,1780.1212121212131
64,WFAgent7,FEMALE_YOUNG,88,2236.0,0,0.0
64,WFAgent8,OLD_HIGH_INCOME,47,1215.0,46,1189.1489361702131
64,WFAgent9,OLD_LOW_INCOME,165,4196.0,164,4170.569696969703
64,SIAgent3,MALE_YOUNG,92,2353.0,2303,767.2826086956524
64,SIAgent1,OLD_LOW_INCOME,165,4196.0,430,4170.569696969703
64,SIAgent2,FEMALE_YOUNG_HIGH_INCOME,10,256.0,10,255.0
64,SIAgent0,FEMALE_YOUNG,88,2236.0,2146,0.0
64,WFAgent14,FEMALE_HIGH_INCOME,26,663.0,0,0.0
64,WFAgent13,MALE_YOUNG_HIGH_INCOME,20,517.0,20,511.5217391304349
64,WFAgent12,FEMALE_YOUNG_HIGH_INCOME,10,256.0,10,254.0909090909091
64,WFAgent11,MALE_OLD,102,2603.0,0,0.0
64,WFAgent0,YOUNG_HIGH_INCOME,30,773.0,30,767.2826086956524
64,WFAgent10,MALE_YOUNG,92,2353.0,0,0.0
64,WFAgent1,OLD_HIGH_INCOME,47,1215.0,46,1189.1489361702131
64,WFAgent2,MALE_LOW_INCOME,143,3631.0,1461,0.0
64,WFAgent3,OLD_LOW_INCOME,165,4196.0,2130,4094.2787878787944
64,WFAgent4,MALE_OLD_HIGH_INCOME,31,808.0,803,0.0
64,WFAgent5,OLD_HIGH_INCOME,47,1215.0,331,1137.4468085106384
65,WFAgent6,FEMALE_OLD,110,2808.0,0,0.0
65,WFAgent7,MALE_LOW_INCOME,143,3631.0,1732,2412.2027972027936
65,WFAgent8,FEMALE_YOUNG_LOW_INCOME,78,1980.0,0,0.0
65,WFAgent9,YOUNG_LOW_INCOME,150,3816.0,1979,0.0
65,SIAgent3,YOUNG_HIGH_INCOME,30,773.0,785,412.2666666666665
65,SIAgent1,MALE_YOUNG,92,2353.0,92,2340.4800000000037
65,SIAgent2,YOUNG_HIGH_INCOME,30,773.0,30,772.9999999999997
65,SIAgent0,FEMALE_OLD_LOW_INCOME,94,2401.0,2269,1864.6063829787217
65,WFAgent14,FEMALE_OLD,110,2808.0,0,0.0
65,WFAgent13,MALE_OLD,102,2603.0,102,2589.944055944052
65,WFAgent12,FEMALE_OLD,110,2808.0,110,2807.9999999999977
65,WFAgent11,MALE_LOW_INCOME,143,3631.0,0,0.0
65,WFAgent0,FEMALE_OLD_LOW_INCOME,94,2401.0,94,2400.9999999999977
65,WFAgent10,FEMALE_OLD,110,2808.0,293,2680.363636363634
65,WFAgent1,FEMALE_OLD_HIGH_INCOME,16,407.0,0,0.0
65,WFAgent2,FEMALE_YOUNG_HIGH_INCOME,10,256.0,0,0.0
65,WFAgent3,MALE_YOUNG_LOW_INCOME,72,1836.0,1725,0.0
65,WFAgent4,OLD_HIGH_INCOME,47,1215.0,789,0.0
65,WFAgent5,MALE_HIGH_INCOME,52,1325.0,0,0.0
66,WFAgent6,MALE_YOUNG,92,2353.0,505,0.0
66,WFAgent7,FEMALE_YOUNG_HIGH_INCOME,10,256.0,10,254.0909090909091
66,WFAgent8,MALE_YOUNG_LOW_INCOME,72,1836.0,1814,0.0
66,WFAgent9,MALE_OLD_LOW_INCOME,70,1795.0,70,1794.9999999999986
66,SIAgent3,FEMALE_YOUNG,88,2236.0,87,2210.5909090909126
66,SIAgent1,FEMALE_YOUNG_LOW_INCOME,78,1980.0,1734,0.0
66,SIAgent2,FEMALE_YOUNG_HIGH_INCOME,10,256.0,10,255.0
66,SIAgent0,FEMALE_OLD_HIGH_INCOME,16,407.0,220,0.0
66,WFAgent14,OLD_HIGH_INCOME,47,1215.0,47,1211.43829787234
66,WFAgent13,MALE_OLD_LOW_INCOME,70,1795.0,70,1791.7337662337643
66,WFAgent12,FEMALE_YOUNG,88,2236.0,0,0.0
66,WFAgent11,FEMALE_OLD,110,2808.0,2407,0.0
66,WFAgent0,FEMALE_LOW_INCOME,172,4381.0,172,4367.524475524466
66,WFAgent10,FEMALE_OLD,110,2808.0,110,2798.125
66,WFAgent1,FEMALE_HIGH_INCOME,26,663.0,237,76.22727272727273
66,WFAgent2,MALE_LOW_INCOME,143,3631.0,0,0.0
66,WFAgent3,MALE_LOW_INCOME,143,3631.0,1654,0.0
66,WFAgent4,OLD_LOW_INCOME,165,4196.0,0,0.0
66,WFAgent5,OLD_HIGH_INCOME,47,1215.0,46,1189.1489361702131
67,WFAgent6,MALE_LOW_INCOME,143,3631.0,0,0.0
67,WFAgent7,YOUNG_LOW_INCOME,150,3816.0,1856,1679.0400000000025
67,WFAgent8,MALE_HIGH_INCOME,52,1325.0,0,0.0
67,WFAgent9,FEMALE_OLD,110,2808.0,110,2801.8023255813987
67,SIAgent3,FEMALE_OLD,110,2808.0,110,2801.033430232561
67,SIAgent1,FEMALE_OLD_HIGH_INCOME,16,407.0,362,407.0
67,SIAgent2,FEMALE_OLD_HIGH_INCOME,16,407.0,16,407.0
67,SIAgent0,YOUNG_LOW_INCOME,150,3816.0,149,3790.5600000000068
67,WFAgent14,FEMALE_YOUNG_LOW_INCOME,78,1980.0,0,0.0
67,WFAgent13,YOUNG_HIGH_INCOME,30,773.0,30,762.2727272727273
67,WFAgent12,MALE_LOW_INCOME,143,3631.0,0,0.0
67,WFAgent11,MALE_OLD_LOW_INCOME,70,1795.0,70,1794.9999999999986
67,WFAgent0,MALE_YOUNG_HIGH_INCOME,20,517.0,526,0.0
67,WFAgent10,MALE_OLD_LOW_INCOME,70,1795.0,1705,1666.785714285713
67,WFAgent1,FEMALE_HIGH_INCOME,26,663.0,213,0.0
67,WFAgent2,FEMALE_LOW_INCOME,172,4381.0,0,0.0
67,WFAgent3,MALE_YOUNG,92,2353.0,1813,2060.640000000003
67,WFAgent4,FEMALE_YOUNG,88,2236.0,0,0.0
67,WFAgent5,FEMALE_LOW_INCOME,172,4381.0,2234,2547.0930232558167
68,WFAgent6,MALE_YOUNG,92,2353.0,1804,0.0
68,WFAgent7,YOUNG_HIGH_INCOME,30,773.0,0,0.0
68,WFAgent8,FEMALE_OLD_HIGH_INCOME,16,407.0,16,407.0
68,WFAgent9,MALE_YOUNG_HIGH_INCOME,20,517.0,20,515.3333333333331
68,SIAgent3,MALE_OLD_HIGH_INCOME,31,808.0,31,789.9038461538466
68,SIAgent1,FEMALE_OLD_LOW_INCOME,94,2401.0,94,2398.4182462927142
68,SIAgent2,OLD_LOW_INCOME,165,4196.0,212,4189.615384615376
68,SIAgent0,YOUNG_HIGH_INCOME,30,773.0,784,618.3999999999997
68,WFAgent14,OLD_LOW_INCOME,165,4196.0,1058,0.0
68,WFAgent13,MALE_LOW_INCOME,143,3631.0,1665,0.0
68,WFAgent12,FEMALE_OLD_LOW_INCOME,94,2401.0,94,2400.9999999999977
68,WFAgent11,MALE_OLD_HIGH_INCOME,31,808.0,31,789.9038461538466
68,WFAgent0,MALE_OLD_HIGH_INCOME,31,808.0,715,789.9038461538466
68,WFAgent10,MALE_LOW_INCOME,143,3631.0,0,0.0
68,WFAgent1,FEMALE_OLD_HIGH_INCOME,16,407.0,16,407.0
68,WFAgent2,FEMALE_OLD_HIGH_INCOME,16,407.0,16,407.0
68,WFAgent3,OLD_LOW_INCOME,165,4196.0,1090,0.0
68,WFAgent4,FEMALE_OLD_HIGH_INCOME,16,407.0,379,381.5625
68,WFAgent5,MALE_HIGH_INCOME,52,1325.0,0,0.0
69,WFAgent6,FEMALE_OLD_LOW_INCOME,94,2401.0,2474,0.0
69,WFAgent7,MALE_YOUNG_HIGH_INCOME,20,517.0,20,511.5217391304349
69,WFAgent8,YOUNG_HIGH_INCOME,30,773.0,30,764.4230769230774
69,WFAgent9,FEMALE_YOUNG_LOW_INCOME,78,1980.0,1637,0.0
69,SIAgent3,MALE_YOUNG_LOW_INCOME,72,1836.0,72,1831.6800000000028
69,SIAgent1,MALE_LOW_INCOME,143,3631.0,208,3630.9999999999927
69,SIAgent2,MALE_HIGH_INCOME,52,1325.0,398,1299.5192307692323
69,SIAgent0,YOUNG_LOW_INCOME,150,3816.0,487,3812.7577622377603
69,WFAgent14,MALE_OLD_LOW_INCOME,70,1795.0,70,1777.4125874125857
69,WFAgent13,FEMALE_YOUNG_HIGH_INCOME,10,256.0,10,254.0909090909091
69,WFAgent12,MALE_YOUNG_HIGH_INCOME,20,517.0,20,515.3333333333331
69,WFAgent11,MALE_YOUNG_LOW_INCOME,72,1836.0,72,1831.6800000000028
69,WFAgent0,OLD_LOW_INCOME,165,4196.0,0,0.0
69,WFAgent10,FEMALE_YOUNG,88,2236.0,0,0.0
69,WFAgent1,FEMALE_YOUNG_HIGH_INCOME,10,256.0,225,0.0
69,WFAgent2,MALE_HIGH_INCOME,52,1325.0,0,0.0
69,WFAgent3,MALE_YOUNG,92,2353.0,92,2344.2307692307704
69,WFAgent4,MALE_YOUNG,92,2353.0,313,2293.2692307692323
69,WFAgent5,MALE_LOW_INCOME,143,3631.0,1536,3300.9090909090846
70,WFAgent6,FEMALE_LOW_INCOME,172,4381.0,2150,3616.872093023261
70,WFAgent7,MALE_OLD_HIGH_INCOME,31,808.0,774,0.0
70,WFAgent8,YOUNG_LOW_INCOME,150,3816.0,0,0.0
70,WFAgent9,OLD_HIGH_INCOME,47,1215.0,0,0.0
70,SIAgent3,FEMALE_HIGH_INCOME,26,663.0,478,663.0
70,SIAgent1,MALE_YOUNG_HIGH_INCOME,20,517.0,509,0.0
70,SIAgent2,FEMALE_OLD,110,2808.0,110,2802.084038054971
70,SIAgent0,FEMALE_LOW_INCOME,172,4381.0,172,4376.515116279074
70,WFAgent14,FEMALE_HIGH_INCOME,26,663.0,26,663.0
70,WFAgent13,FEMALE_YOUNG_HIGH_INCOME,10,256.0,10,255.0
70,WFAgent12,MALE_YOUNG_LOW_INCOME,72,1836.0,1814,0.0
70,WFAgent11,MALE_OLD_LOW_INCOME,70,1795.0,1847,0.0
70,WFAgent0,FEMALE_HIGH_INCOME,26,663.0,0,0.0
70,WFAgent10,YOUNG_LOW_INCOME,150,3816.0,149,3790.5600000000068
70,WFAgent1,OLD_HIGH_INCOME,47,1215.0,0,0.0
70,WFAgent2,YOUNG_LOW_INCOME,150,3816.0,1680,3307.2000000000057
70,WFAgent3,FEMALE_OLD,110,2808.0,110,2805.409090909091
70,WFAgent4,FEMALE_YOUNG_LOW_INCOME,78,1980.0,0,0.0
70,WFAgent5,FEMALE_LOW_INCOME,172,4381.0,171,4355.529069767449
71,WFAgent6,YOUNG_HIGH_INCOME,30,773.0,30,765.0
71,WFAgent7,FEMALE_OLD_HIGH_INCOME,16,407.0,0,0.0
71,WFAgent8,MALE_OLD_HIGH_INCOME,31,808.0,30,781.9354838709684
71,WFAgent9,FEMALE_HIGH_INCOME,26,663.0,26,663.0
71,SIAgent3,FEMALE_HIGH_INCOME,26,663.0,535,561.0
71,SIAgent1,OLD_HIGH_INCOME,47,1215.0,47,1199.9042553191493
71,SIAgent2,FEMALE_OLD_LOW_INCOME,94,2401.0,94,2399.5636363636345
71,SIAgent0,MALE_YOUNG,92,2353.0,131,2346.0
71,WFAgent14,MALE_YOUNG_LOW_INCOME,72,1836.0,72,1828.1958041958023
71,WFAgent13,MALE_OLD_HIGH_INCOME,31,808.0,30,781.9354838709684
71,WFAgent12,OLD_LOW_INCOME,165,4196.0,0,0.0
71,WFAgent11,OLD_HIGH_INCOME,47,1215.0,0,0.0
71,WFAgent0,MALE_OLD_HIGH_INCOME,31,808.0,31,806.9327385037752
71,WFAgent10,MALE_OLD_HIGH_INCOME,31,808.0,726,77.5531914893617
71,WFAgent1,MALE_YOUNG_LOW_INCOME,72,1836.0,1624,0.0
71,WFAgent2,MALE_LOW_INCOME,143,3631.0,1798,0.0
71,WFAgent3,FEMALE_OLD_LOW_INCOME,94,2401.0,94,2390.448484848487
71,WFAgent4,FEMALE_YOUNG,88,2236.0,0,0.0
71,WFAgent5,FEMALE_OLD,110,2808.0,2196,0.0
72,WFAgent6,OLD_HIGH_INCOME,47,1215.0,47,1214.6762088974858
72,WFAgent7,MALE_HIGH_INCOME,52,1325.0,0,0.0
72,WFAgent8,MALE_LOW_INCOME,143,3631.0,1329,3300.9090909090846
72,WFAgent9,MALE_LOW_INCOME,143,3631.0,143,3630.9999999999927
72,SIAgent3,MALE_OLD_LOW_INCOME,70,1795.0,70,1794.9999999999986
72,SIAgent1,MALE_YOUNG_HIGH_INCOME,20,517.0,20,515.3333333333331
72,SIAgent2,MALE_LOW_INCOME,143,3631.0,764,3630.9999999999927
72,SIAgent0,FEMALE_OLD_HIGH_INCOME,16,407.0,16,407.0
72,WFAgent14,FEMALE_LOW_INCOME,172,4381.0,2035,0.0
72,WFAgent13,OLD_HIGH_INCOME,47,1215.0,46,1189.1489361702131
72,WFAgent12,OLD_LOW_INCOME,165,4196.0,2391,0.0
72,WFAgent11,FEMALE_OLD,110,2808.0,207,534.1875
72,WFAgent0,YOUNG_HIGH_INCOME,30,773.0,30,764.4230769230774
72,WFAgent10,FEMALE_YOUNG_LOW_INCOME,78,1980.0,0,0.0
72,WFAgent1,MALE_YOUNG_HIGH_INCOME,20,517.0,20,509.6153846153846
72,WFAgent2,FEMALE_OLD,110,2808.0,110,2798.125
72,WFAgent3,MALE_OLD_LOW_INCOME,70,1795.0,70,1792.4875124875107
72,WFAgent4,YOUNG_HIGH_INCOME,30,773.0,463,662.5000000000002
72,WFAgent5,FEMALE_YOUNG_HIGH_INCOME,10,256.0,271,0.0
73,WFAgent6,FEMALE_YOUNG_LOW_INCOME,78,1980.0,0,0.0
73,WFAgent7,FEMALE_OLD_LOW_INCOME,94,2401.0,2324,1684.7999999999988
73,WFAgent8,MALE_OLD,102,2603.0,102,2602.9999999999986
73,WFAgent9,OLD_HIGH_INCOME,47,1215.0,47,1199.4215686274504
73,SIAgent3,FEMALE_OLD,110,2808.0,110,2807.9999999999977
73,SIAgent1,MALE_YOUNG_LOW_INCOME,72,1836.0,1817,0.0
73,SIAgent2,MALE_OLD,102,2603.0,144,2602.9999999999986
73,SIAgent0,MALE_OLD,102,2603.0,102,2602.9999999999986
73,WFAgent14,YOUNG_HIGH_INCOME,30,773.0,241,0.0
73,WFAgent13,OLD_LOW_INCOME,165,4196.0,0,0.0
73,WFAgent12,MALE_OLD,102,2603.0,1551,1760.8529411764696
73,WFAgent11,MALE_YOUNG_HIGH_INCOME,20,517.0,488,0.0
73,WFAgent0,YOUNG_LOW_INCOME,150,3816.0,1622,0.0
73,WFAgent10,MALE_YOUNG,92,2353.0,0,0.0
73,WFAgent1,MALE_OLD_LOW_INCOME,70,1795.0,70,1786.3725490196068
73,WFAgent2,MALE_LOW_INCOME,143,3631.0,0,0.0
73,WFAgent3,YOUNG_LOW_INCOME,150,3816.0,149,3790.5600000000068
73,WFAgent4,YOUNG_LOW_INCOME,150,3816.0,150,3814.1169230769233
73,WFAgent5,FEMALE_OLD,110,2808.0,371,229.74545454545455
74,WFAgent6,MALE_YOUNG,92,2353.0,475,460.3695652173914
74,WFAgent7,FEMALE_YOUNG_HIGH_INCOME,10,256.0,10,255.99999999999997
74,WFAgent8,OLD_HIGH_INCOME,47,1215.0,47,1195.5625
74,WFAgent9,FEMALE_OLD_HIGH_INCOME,16,407.0,16,407.0
74,SIAgent3,FEMALE_YOUNG_HIGH_INCOME,10,256.0,10,255.4272727272727
74,SIAgent1,FEMALE_OLD_HIGH_INCOME,16,407.0,389,254.375
74,SIAgent2,MALE_YOUNG,92,2353.0,92,2337.6882791121893
74,SIAgent0,OLD_LOW_INCOME,165,4196.0,4185,0.0
74,WFAgent14,MALE_OLD,102,2603.0,0,0.0
74,WFAgent13,MALE_LOW_INCOME,143,3631.0,0,0.0
74,WFAgent12,FEMALE_YOUNG,88,2236.0,0,0.0
74,WFAgent11,FEMALE_YOUNG_HIGH_INCOME,10,256.0,10,255.99999999999997
74,WFAgent0,MALE_OLD_HIGH_INCOME,31,808.0,31,806.0789293067949
74,WFAgent10,MALE_YOUNG_LOW_INCOME,72,1836.0,1716,0.0
74,WFAgent1,MALE_OLD_HIGH_INCOME,31,808.0,714,0.0
74,WFAgent2,FEMALE_HIGH_INCOME,26,663.0,203,0.0
74,WFAgent3,FEMALE_OLD_HIGH_INCOME,16,407.0,0,0.0
74,WFAgent4,MALE_OLD_HIGH_INCOME,31,808.0,30,781.9354838709684
74,WFAgent5,MALE_OLD_LOW_INCOME,70,1795.0,70,1780.1212121212131
75,WFAgent6,FEMALE_LOW_INCOME,172,4381.0,0,0.0
75,WFAgent7,FEMALE_OLD,110,2808.0,2413,0.0
75,WFAgent8,MALE_OLD,102,2603.0,0,0.0
75,WFAgent9,YOUNG_LOW_INCOME,150,3816.0,150,3815.9690909090978
75,SIAgent3,MALE_OLD,102,2603.0,2506,1250.4607843137248
75,SIAgent1,FEMALE_YOUNG,88,2236.0,1750,0.0
75,SIAgent2,FEMALE_HIGH_INCOME,26,663.0,113,661.9090909090909
75,SIAgent0,MALE_OLD_HIGH_INCOME,31,808.0,31,801.382978723404
75,WFAgent14,FEMALE_YOUNG_LOW_INCOME,78,1980.0,0,0.0
75,WFAgent13,YOUNG_LOW_INCOME,150,3816.0,149,3790.5600000000068
75,WFAgent12,MALE_HIGH_INCOME,52,1325.0,0,0.0
75,WFAgent11,FEMALE_YOUNG,88,2236.0,0,0.0
75,WFAgent0,MALE_YOUNG,92,2353.0,1818,0.0
75,WFAgent10,OLD_HIGH_INCOME,47,1215.0,47,1199.4215686274504
75,WFAgent1,MALE_OLD_HIGH_INCOME,31,808.0,31,791.1078431372546
75,WFAgent2,YOUNG_LOW_INCOME,150,3816.0,149,3790.5600000000068
75,WFAgent3,FEMALE_YOUNG_HIGH_INCOME,10,256.0,10,255.0
75,WFAgent4,MALE_HIGH_INCOME,52,1325.0,525,0.0
75,WFAgent5,FEMALE_YOUNG_HIGH_INCOME,10,256.0,10,255.0
76,WFAgent6,FEMALE_YOUNG_LOW_INCOME,78,1980.0,1837,0.0
76,WFAgent7,FEMALE_OLD_HIGH_INCOME,16,407.0,397,0.0
76,WFAgent8,MALE_OLD_HIGH_INCOME,31,808.0,31,806.7192862045301
76,WFAgent9,MALE_OLD_LOW_INCOME,70,1795.0,70,1794.9999999999986
76,SIAgent3,YOUNG_LOW_INCOME,150,3816.0,348,3808.741258741251
76,SIAgent1,YOUNG_HIGH_INCOME,30,773.0,30,765.2807692307696
76,SIAgent2,MALE_LOW_INCOME,143,3631.0,3140,3427.867132867126
76,SIAgent0,MALE_OLD_HIGH_INCOME,31,808.0,30,781.9354838709684
76,WFAgent14,YOUNG_HIGH_INCOME,30,773.0,30,764.4230769230774
76,WFAgent13,MALE_OLD_HIGH_INCOME,31,808.0,31,789.9038461538466
76,WFAgent12,FEMALE_LOW_INCOME,172,4381.0,2407,0.0
76,WFAgent11,OLD_HIGH_INCOME,47,1215.0,732,0.0
76,WFAgent0,MALE_HIGH_INCOME,52,1325.0,464,713.4615384615388
76,WFAgent10,MALE_HIGH_INCOME,52,1325.0,0,0.0
76,WFAgent1,YOUNG_HIGH_INCOME,30,773.0,30,765.0
76,WFAgent2,MALE_OLD_LOW_INCOME,70,1795.0,70,1794.497502497501
76,WFAgent3,MALE_LOW_INCOME,143,3631.0,143,3630.9999999999927
76,WFAgent4,FEMALE_HIGH_INCOME,26,663.0,0,0.0
76,WFAgent5,FEMALE_YOUNG_HIGH_INCOME,10,256.0,210,0.0
77,WFAgent6,FEMALE_OLD,110,2808.0,110,2807.9999999999977
77,WFAgent7,MALE_OLD_LOW_INCOME,70,1795.0,1671,1538.5714285714275
77,WFAgent8,FEMALE_HIGH_INCOME,26,663.0,0,0.0
77,WFAgent9,MALE_HIGH_INCOME,52,1325.0,0,0.0
77,SIAgent3,MALE_HIGH_INCOME,52,1325.0,1163,611.5384615384617
77,SIAgent1,MALE_YOUNG_HIGH_INCOME,20,517.0,20,511.5217391304349
77,SIAgent2,FEMALE_YOUNG,88,2236.0,88,2233.8461538461556
77,SIAgent0,MALE_YOUNG,92,2353.0,462,2344.2307692307704
77,WFAgent14,FEMALE_YOUNG_HIGH_INCOME,10,256.0,254,228.6818181818182
77,WFAgent13,FEMALE_YOUNG_LOW_INCOME,78,1980.0,77,1954.615384615387
77,WFAgent12,FEMALE_YOUNG_LOW_INCOME,78,1980.0,1755,1878.4615384615406
77,WFAgent11,FEMALE_OLD,110,2808.0,110,2807.9999999999977
77,WFAgent0,MALE_OLD_LOW_INCOME,70,1795.0,70,1794.9999999999986
77,WFAgent10,FEMALE_LOW_INCOME,172,4381.0,0,0.0
77,WFAgent1,FEMALE_OLD_LOW_INCOME,94,2401.0,2436,0.0
77,WFAgent2,FEMALE_OLD,110,2808.0,196,2807.9999999999977
77,WFAgent3,FEMALE_YOUNG_LOW_INCOME,78,1980.0,77,1954.615384615387
77,WFAgent4,YOUNG_LOW_INCOME,150,3816.0,1480,0.0
77,WFAgent5,MALE_OLD_HIGH_INCOME,31,808.0,31,789.9038461538466
78,WFAgent6,MALE_HIGH_INCOME,52,1325.0,0,0.0
78,WFAgent7,MALE_YOUNG_HIGH_INCOME,20,517.0,494,0.0
78,WFAgent8,FEMALE_HIGH_INCOME,26,663.0,0,0.0
78,WFAgent9,FEMALE_YOUNG,88,2236.0,87,2210.5909090909126
78,SIAgent3,FEMALE_YOUNG,88,2236.0,1992,2210.5909090909126
78,SIAgent1,FEMALE_OLD,110,2808.0,2208,2807.9999999999977
78,SIAgent2,FEMALE_OLD_LOW_INCOME,94,2401.0,94,2399.5636363636345
78,SIAgent0,MALE_YOUNG_HIGH_INCOME,20,517.0,20,511.5217391304349
78,WFAgent14,MALE_OLD_LOW_INCOME,70,1795.0,70,1780.1212121212131
78,WFAgent13,FEMALE_YOUNG,88,2236.0,77,1931.0909090909117
78,WFAgent12,OLD_HIGH_INCOME,47,1215.0,828,0.0
78,WFAgent11,OLD_HIGH_INCOME,47,1215.0,47,1214.0286266924566
78,WFAgent0,MALE_OLD,102,2603.0,1712,0.0
78,WFAgent10,OLD_HIGH_INCOME,47,1215.0,46,1189.1489361702131
78,WFAgent1,MALE_HIGH_INCOME,52,1325.0,0,0.0
78,WFAgent2,OLD_HIGH_INCOME,47,1215.0,46,1189.1489361702131
78,WFAgent3,MALE_YOUNG,92,2353.0,1847,0.0
78,WFAgent4,OLD_LOW_INCOME,165,4196.0,271,0.0
78,WFAgent5,FEMALE_OLD,110,2808.0,161,2756.9454545454523
79,WFAgent6,MALE_OLD,102,2603.0,102,2593.890909090912
79,WFAgent7,FEMALE_YOUNG_HIGH_INCOME,10,256.0,10,254.0909090909091
79,WFAgent8,FEMALE_LOW_INCOME,172,4381.0,1932,3540.4593023255866
79,WFAgent9,OLD_LOW_INCOME,165,4196.0,0,0.0
79,SIAgent3,OLD_HIGH_INCOME,47,1215.0,108,1214.0056320400502
79,SIAgent1,FEMALE_YOUNG,88,2236.0,2220,254.0909090909091
79,SIAgent2,FEMALE_OLD_LOW_INCOME,94,2401.0,94,2400.786073500965
79,SIAgent0,FEMALE_OLD_LOW_INCOME,94,2401.0,94,2400.9999999999977
79,WFAgent14,FEMALE_LOW_INCOME,172,4381.0,171,4355.529069767449
79,WFAgent13,MALE_LOW_INCOME,143,3631.0,0,0.0
79,WFAgent12,FEMALE_OLD_LOW_INCOME,94,2401.0,94,2394.2674418604674
79,WFAgent11,FEMALE_YOUNG_LOW_INCOME,78,1980.0,0,0.0
79,WFAgent0,FEMALE_YOUNG_HIGH_INCOME,10,256.0,10,254.0909090909091
79,WFAgent10,OLD_HIGH_INCOME,47,1215.0,706,0.0
79,WFAgent1,MALE_OLD,102,2603.0,1657,0.0
79,WFAgent2,FEMALE_OLD,110,2808.0,345,0.0
79,WFAgent3,MALE_OLD_HIGH_INCOME,31,808.0,31,801.382978723404
79,WFAgent4,MALE_HIGH_INCOME,52,1325.0,539,0.0
79,WFAgent5,MALE_OLD_HIGH_INCOME,31,808.0,31,801.382978723404
80,WFAgent6,MALE_OLD,102,2603.0,0,0.0
80,WFAgent7,FEMALE_OLD_HIGH_INCOME,16,407.0,299,279.8125
80,WFAgent8,MALE_HIGH_INCOME,52,1325.0,0,0.0
80,WFAgent9,FEMALE_HIGH_INCOME,26,663.0,252,229.5
80,SIAgent3,FEMALE_HIGH_INCOME,26,663.0,26,662.25
80,SIAgent1,FEMALE_HIGH_INCOME,26,663.0,26,663.0
80,SIAgent2,FEMALE_YOUNG_HIGH_INCOME,10,256.0,10,255.0
80,SIAgent0,FEMALE_LOW_INCOME,172,4381.0,497,4355.529069767449
80,WFAgent14,FEMALE_YOUNG_LOW_INCOME,78,1980.0,1626,0.0
80,WFAgent13,FEMALE_HIGH_INCOME,26,663.0,0,0.0
80,WFAgent12,MALE_OLD_LOW_INCOME,70,1795.0,70,1786.3725490196068
80,WFAgent11,FEMALE_OLD_HIGH_INCOME,16,407.0,16,407.0
80,WFAgent0,MALE_OLD,102,2603.0,1684,1888.4509803921558
80,WFAgent10,YOUNG_LOW_INCOME,150,3816.0,1816,0.0
80,WFAgent1,MALE_YOUNG_HIGH_INCOME,20,517.0,532,0.0
80,WFAgent2,FEMALE_OLD_LOW_INCOME,94,2401.0,94,2394.2674418604674
80,WFAgent3,MALE_OLD_LOW_INCOME,70,1795.0,70,1786.3725490196068
80,WFAgent4,FEMALE_LOW_INCOME,172,4381.0,2199,3362.162790697679
80,WFAgent5,FEMALE_OLD_HIGH_INCOME,16,407.0,16,407.0
81,WFAgent6,FEMALE_YOUNG,88,2236.0,92,1981.9090909090937
81,WFAgent7,MALE_OLD,102,2603.0,1683,2577.4803921568614
81,WFAgent8,FEMALE_YOUNG_HIGH_INCOME,10,256.0,10,255.0
81,WFAgent9,OLD_LOW_INCOME,165,4196.0,0,0.0
81,SIAgent3,FEMALE_YOUNG,88,2236.0,87,2210.5909090909126
81,SIAgent1,MALE_OLD,102,2603.0,164,2602.9999999999986
81,SIAgent2,FEMALE_LOW_INCOME,172,4381.0,172,4372.463636363643
81,SIAgent0,YOUNG_HIGH_INCOME,30,773.0,177,772.9999999999997
81,WFAgent14,FEMALE_YOUNG,88,2236.0,0,0.0
81,WFAgent13,FEMALE_HIGH_INCOME,26,663.0,0,0.0
81,WFAgent12,OLD_LOW_INCOME,165,4196.0,2341,0.0
81,WFAgent11,MALE_YOUNG,92,2353.0,1765,0.0
81,WFAgent0,FEMALE_LOW_INCOME,172,4381.0,1829,2388.4545454545496
81,WFAgent10,MALE_OLD_HIGH_INCOME,31,808.0,31,791.1078431372546
81,WFAgent1,YOUNG_HIGH_INCOME,30,773.0,30,771.933333333333
81,WFAgent2,OLD_HIGH_INCOME,47,1215.0,397,0.0
81,WFAgent3,MALE_HIGH_INCOME,52,1325.0,418,0.0
81,WFAgent4,FEMALE_YOUNG,88,2236.0,87,2210.5909090909126
81,WFAgent5,FEMALE_YOUNG_HIGH_INCOME,10,256.0,10,254.27272727272725
82,WFAgent6,MALE_YOUNG_LOW_INCOME,72,1836.0,72,1828.1958041958023
82,WFAgent7,MALE_OLD,102,2603.0,102,2589.944055944052
82,WFAgent8,FEMALE_LOW_INCOME,172,4381.0,2216,0.0
82,WFAgent9,FEMALE_OLD_LOW_INCOME,94,2401.0,94,2394.2674418604674
82,SIAgent3,YOUNG_HIGH_INCOME,30,773.0,30,772.9999999999997
82,SIAgent1,MALE_OLD_LOW_INCOME,70,1795.0,70,1780.1212121212131
82,SIAgent2,YOUNG_HIGH_INCOME,30,773.0,30,771.8564102564102
82,SIAgent0,MALE_LOW_INCOME,143,3631.0,3335,0.0
82,WFAgent14,OLD_LOW_INCOME,165,4196.0,0,0.0
82,WFAgent13,OLD_HIGH_INCOME,47,1215.0,376,0.0
82,WFAgent12,YOUNG_LOW_INCOME,150,3816.0,149,3790.5600000000068
82,WFAgent11,MALE_HIGH_INCOME,52,1325.0,0,0.0
82,WFAgent0,FEMALE_YOUNG_HIGH_INCOME,10,256.0,0,0.0
82,WFAgent10,YOUNG_LOW_INCOME,150,3816.0,1928,3510.720000000006
82,WFAgent1,FEMALE_OLD_LOW_INCOME,94,2401.0,94,2390.448484848487
82,WFAgent2,YOUNG_HIGH_INCOME,30,773.0,238,180.36666666666662
82,WFAgent3,YOUNG_LOW_INCOME,150,3816.0,0,0.0
82,WFAgent4,FEMALE_OLD_HIGH_INCOME,16,407.0,0,0.0
82,WFAgent5,MALE_YOUNG,92,2353.0,456,0.0
83,WFAgent6,FEMALE_HIGH_INCOME,26,663.0,26,663.0
83,WFAgent7,MALE_OLD_HIGH_INCOME,31,808.0,31,791.1078431372546
83,WFAgent8,MALE_YOUNG_HIGH_INCOME,20,517.0,169,0.0
83,WFAgent9,MALE_YOUNG_HIGH_INCOME,20,517.0,174,0.0
83,SIAgent3,FEMALE_HIGH_INCOME,26,663.0,614,637.5
83,SIAgent1,OLD_LOW_INCOME,165,4196.0,3860,2949.9151515151552
83,SIAgent2,YOUNG_LOW_INCOME,150,3816.0,484,3790.5600000000068
83,SIAgent0,FEMALE_YOUNG_HIGH_INCOME,10,256.0,10,255.0
83,WFAgent14,MALE_OLD,102,2603.0,102,2593.890909090912
83,WFAgent13,OLD_HIGH_INCOME,47,1215.0,775,0.0
83,WFAgent12,MALE_OLD,102,2603.0,0,0.0
83,WFAgent11,YOUNG_LOW_INCOME,150,3816.0,149,3790.5600000000068
83,WFAgent0,FEMALE_YOUNG_LOW_INCOME,78,1980.0,0,0.0
83,WFAgent10,YOUNG_LOW_INCOME,150,3816.0,1707,2951.040000000005
83,WFAgent1,FEMALE_OLD_LOW_INCOME,94,2401.0,94,2399.5636363636345
83,WFAgent2,FEMALE_OLD_HIGH_INCOME,16,407.0,0,0.0
83,WFAgent3,FEMALE_OLD,110,2808.0,110,2797.3333333333367
83,WFAgent4,FEMALE_OLD_LOW_INCOME,94,2401.0,94,2398.496969696969
83,WFAgent5,MALE_YOUNG_HIGH_INCOME,20,517.0,175,0.0
84,WFAgent6,FEMALE_OLD_LOW_INCOME,94,2401.0,2303,1991.1272727272712
84,WFAgent7,FEMALE_OLD_HIGH_INCOME,16,407.0,0,0.0
84,WFAgent8,MALE_HIGH_INCOME,52,1325.0,51,1299.5192307692323
84,WFAgent9,YOUNG_LOW_INCOME,150,3816.0,1974,0.0
84,SIAgent3,FEMALE_OLD_HIGH_INCOME,16,407.0,371,0.0
84,SIAgent1,YOUNG_HIGH_INCOME,30,773.0,58,764.4230769230774
84,SIAgent2,MALE_YOUNG,92,2353.0,92,2340.4800000000037
84,SIAgent0,FEMALE_OLD,110,2808.0,110,2804.947727272726
84,WFAgent14,MALE_YOUNG_HIGH_INCOME,20,517.0,20,516.4166666666666
84,WFAgent13,FEMALE_YOUNG_LOW_INCOME,78,1980.0,0,0.0
84,WFAgent12,OLD_HIGH_INCOME,47,1215.0,756,0.0
84,WFAgent11,MALE_HIGH_INCOME,52,1325.0,0,0.0
84,WFAgent0,MALE_YOUNG_LOW_INCOME,72,1836.0,1775,0.0
84,WFAgent10,MALE_LOW_INCOME,143,3631.0,0,0.0
84,WFAgent1,MALE_YOUNG,92,2353.0,372,1477.8846153846173
84,WFAgent2,MALE_LOW_INCOME,143,3631.0,0,0.0
84,WFAgent3,MALE_OLD,102,2603.0,1849,0.0
84,WFAgent4,MALE_HIGH_INCOME,52,1325.0,51,1299.5192307692323
84,WFAgent5,MALE_YOUNG_HIGH_INCOME,20,517.0,19,491.1500000000002
85,WFAgent6,FEMALE_OLD_LOW_INCOME,94,2401.0,94,2394.2674418604674
85,WFAgent7,YOUNG_HIGH_INCOME,30,773.0,520,0.0
85,WFAgent8,OLD_HIGH_INCOME,47,1215.0,796,0.0
85,WFAgent9,MALE_OLD,102,2603.0,102,2598.2668449197886
85,SIAgent3,FEMALE_HIGH_INCOME,26,663.0,594,561.0
85,SIAgent1,FEMALE_YOUNG_HIGH_INCOME,10,256.0,10,255.99999999999997
85,SIAgent2,OLD_LOW_INCOME,165,4196.0,475,4170.569696969703
85,SIAgent0,FEMALE_OLD_LOW_INCOME,94,2401.0,94,2399.5636363636345
85,WFAgent14,FEMALE_YOUNG,88,2236.0,0,0.0
85,WFAgent13,FEMALE_YOUNG_HIGH_INCOME,10,256.0,10,255.99999999999997
85,WFAgent12,FEMALE_OLD,110,2808.0,110,2797.3333333333367
85,WFAgent11,FEMALE_YOUNG_HIGH_INCOME,10,256.0,10,255.99999999999997
85,WFAgent0,FEMALE_YOUNG_HIGH_INCOME,10,256.0,10,255.0
85,WFAgent10,FEMALE_OLD_HIGH_INCOME,16,407.0,0,0.0
85,WFAgent1,MALE_OLD,102,2603.0,0,0.0
85,WFAgent2,OLD_LOW_INCOME,165,4196.0,0,0.0
85,WFAgent3,FEMALE_LOW_INCOME,172,4381.0,1966,4221.430303030308
85,WFAgent4,YOUNG_LOW_INCOME,150,3816.0,1806,0.0
85,WFAgent5,MALE_OLD_LOW_INCOME,70,1795.0,70,1786.3725490196068
86,WFAgent6,FEMALE_OLD_HIGH_INCOME,16,407.0,385,0.0
86,WFAgent7,MALE_LOW_INCOME,143,3631.0,0,0.0
86,WFAgent8,FEMALE_LOW_INCOME,172,4381.0,2190,2750.8604651162823
86,WFAgent9,MALE_OLD_LOW_INCOME,70,1795.0,70,1786.3725490196068
86,SIAgent3,FEMALE_LOW_INCOME,172,4381.0,172,4374.07399577168
86,SIAgent1,FEMALE_YOUNG,88,2236.0,88,2233.8461538461556
86,SIAgent2,FEMALE_YOUNG_LOW_INCOME,78,1980.0,1857,0.0
86,SIAgent0,MALE_OLD,102,2603.0,118,2601.5920060331805
86,WFAgent14,FEMALE_HIGH_INCOME,26,663.0,232,535.5
86,WFAgent13,MALE_LOW_INCOME,143,3631.0,1588,0.0
86,WFAgent12,YOUNG_HIGH_INCOME,30,773.0,0,0.0
86,WFAgent11,OLD_HIGH_INCOME,47,1215.0,47,1199.4215686274504
86,WFAgent0,MALE_OLD_LOW_INCOME,70,1795.0,70,1786.3725490196068
86,WFAgent10,MALE_YOUNG_HIGH_INCOME,20,517.0,20,515.3333333333331
86,WFAgent1,MALE_YOUNG_HIGH_INCOME,20,517.0,521,386.49999999999983
86,WFAgent2,FEMALE_OLD,110,2808.0,110,2801.8023255813987
86,WFAgent3,FEMALE_HIGH_INCOME,26,663.0,26,663.0
86,WFAgent4,YOUNG_LOW_INCOME,150,3816.0,1841,0.0
86,WFAgent5,MALE_YOUNG_HIGH_INCOME,20,517.0,20,515.3333333333331
87,WFAgent6,FEMALE_OLD,110,2808.0,110,2807.9999999999977
87,WFAgent7,OLD_HIGH_INCOME,47,1215.0,699,816.6274509803918
87,WFAgent8,FEMALE_YOUNG,88,2236.0,208,0.0
87,WFAgent9,FEMALE_OLD,110,2808.0,110,2801.8023255813987
87,SIAgent3,FEMALE_OLD,110,2808.0,110,2802.478435517973
87,SIAgent1,MALE_LOW_INCOME,143,3631.0,700,3630.9999999999927
87,SIAgent2,MALE_OLD,102,2603.0,102,2601.9760043877673
87,SIAgent0,YOUNG_HIGH_INCOME,30,773.0,97,762.2727272727273
87,WFAgent14,YOUNG_LOW_INCOME,150,3816.0,1816,3485.280000000006
87,WFAgent13,MALE_HIGH_INCOME,52,1325.0,219,0.0
87,WFAgent12,MALE_HIGH_INCOME,52,1325.0,208,0.0
87,WFAgent11,MALE_LOW_INCOME,143,3631.0,143,3630.9999999999927
87,WFAgent0,MALE_LOW_INCOME,143,3631.0,1408,3580.216783216776
87,WFAgent10,MALE_OLD_LOW_INCOME,70,1795.0,70,1786.3725490196068
87,WFAgent1,FEMALE_LOW_INCOME,172,4381.0,2302,2648.9767441860495
87,WFAgent2,FEMALE_LOW_INCOME,172,4381.0,0,0.0
87,WFAgent3,FEMALE_OLD,110,2808.0,263,2680.363636363634
87,WFAgent4,YOUNG_LOW_INCOME,150,3816.0,149,3790.5600000000068
87,WFAgent5,FEMALE_YOUNG,88,2236.0,0,0.0
88,WFAgent6,OLD_LOW_INCOME,165,4196.0,2006,4094.2787878787944
88,WFAgent7,OLD_LOW_INCOME,165,4196.0,0,0.0
88,WFAgent8,FEMALE_OLD,110,2808.0,398,356.125
88,WFAgent9,FEMALE_OLD_HIGH_INCOME,16,407.0,16,407.0
88,SIAgent3,MALE_LOW_INCOME,143,3631.0,143,3630.9999999999927
88,SIAgent1,FEMALE_OLD_LOW_INCOME,94,2401.0,94,2400.9999999999977
88,SIAgent2,MALE_OLD_LOW_INCOME,70,1795.0,70,1792.0242424242424
88,SIAgent0,MALE_LOW_INCOME,143,3631.0,165,3630.9999999999927
88,WFAgent14,MALE_OLD_HIGH_INCOME,31,808.0,799,0.0
88,WFAgent13,FEMALE_OLD_HIGH_INCOME,16,407.0,0,0.0
88,WFAgent12,MALE_LOW_INCOME,143,3631.0,1576,609.3986013986014
88,WFAgent11,MALE_OLD_LOW_INCOME,70,1795.0,70,1794.9999999999986
88,WFAgent0,FEMALE_OLD_LOW_INCOME,94,2401.0,94,2400.9999999999977
88,WFAgent10,MALE_OLD_LOW_INCOME,70,1795.0,70,1777.4125874125857
88,WFAgent1,MALE_YOUNG,92,2353.0,259,0.0
88,WFAgent2,YOUNG_LOW_INCOME,150,3816.0,1977,0.0
88,WFAgent3,OLD_HIGH_INCOME,47,1215.0,0,0.0
88,WFAgent4,FEMALE_LOW_INCOME,172,4381.0,172,4374.012121212124
88,WFAgent5,MALE_YOUNG,92,2353.0,271,0.0
89,WFAgent6,MALE_YOUNG_HIGH_INCOME,20,517.0,20,511.5217391304349
89,WFAgent7,OLD_LOW_INCOME,165,4196.0,164,4170.569696969703
89,WFAgent8,OLD_LOW_INCOME,165,4196.0,164,4170.569696969703
89,WFAgent9,YOUNG_LOW_INCOME,150,3816.0,1957,0.0
89,SIAgent3,FEMALE_OLD_HIGH_INCOME,16,407.0,355,0.0
89,SIAgent1,FEMALE_HIGH_INCOME,26,663.0,30,662.25
89,SIAgent2,MALE_LOW_INCOME,143,3631.0,3335,0.0
89,SIAgent0,OLD_HIGH_INCOME,47,1215.0,47,1206.2234042553198
89,WFAgent14,MALE_OLD_HIGH_INCOME,31,808.0,31,801.382978723404
89,WFAgent13,MALE_YOUNG_LOW_INCOME,72,1836.0,72,1835.7832167832166
89,WFAgent12,MALE_OLD_HIGH_INCOME,31,808.0,784,387.7659574468084
89,WFAgent11,MALE_YOUNG,92,2353.0,500,0.0
89,WFAgent0,MALE_YOUNG_LOW_INCOME,72,1836.0,72,1836.0
89,WFAgent10,OLD_LOW_INCOME,165,4196.0,2023,4068.8484848484914
89,WFAgent1,MALE_OLD_LOW_INCOME,70,1795.0,70,1780.1212121212131
89,WFAgent2,FEMALE_YOUNG_HIGH_INCOME,10,256.0,10,255.0
89,WFAgent3,MALE_OLD,102,2603.0,102,2589.944055944052
89,WFAgent4,MALE_HIGH_INCOME,52,1325.0,0,0.0
89,WFAgent5,YOUNG_HIGH_INCOME,30,773.0,30,764.4230769230774
90,WFAgent6,MALE_HIGH_INCOME,52,1325.0,0,0.0
90,WFAgent7,FEMALE_YOUNG,88,2236.0,0,0.0
90,WFAgent8,MALE_YOUNG_HIGH_INCOME,20,517.0,20,509.6153846153846
90,WFAgent9,FEMALE_OLD_HIGH_INCOME,16,407.0,303,0.0
90,SIAgent3,FEMALE_HIGH_INCOME,26,663.0,130,663.0
90,SIAgent1,MALE_YOUNG_HIGH_INCOME,20,517.0,20,515.3333333333331
90,SIAgent2,MALE_HIGH_INCOME,52,1325.0,338,1299.5192307692323
90,SIAgent0,MALE_LOW_INCOME,143,3631.0,143,3630.9999999999927
90,WFAgent14,MALE_YOUNG_LOW_INCOME,72,1836.0,72,1831.6800000000028
90,WFAgent13,OLD_LOW_INCOME,165,4196.0,0,0.0
90,WFAgent12,MALE_YOUNG_LOW_INCOME,72,1836.0,72,1830.905734265735
90,WFAgent11,YOUNG_LOW_INCOME,150,3816.0,150,3808.741258741251
90,WFAgent0,MALE_OLD_LOW_INCOME,70,1795.0,70,1777.4125874125857
90,WFAgent10,YOUNG_HIGH_INCOME,30,773.0,202,739.5
90,WFAgent1,FEMALE_LOW_INCOME,172,4381.0,2408,0.0
90,WFAgent2,YOUNG_LOW_INCOME,150,3816.0,1483,3199.3426573426514
90,WFAgent3,FEMALE_HIGH_INCOME,26,663.0,26,663.0
90,WFAgent4,MALE_LOW_INCOME,143,3631.0,1621,2640.7272727272684
90,WFAgent5,MALE_YOUNG,92,2353.0,411,1426.9230769230787
91,WFAgent6,YOUNG_LOW_INCOME,150,3816.0,0,0.0
91,WFAgent7,MALE_OLD_HIGH_INCOME,31,808.0,738,0.0
91,WFAgent8,FEMALE_OLD,110,2808.0,380,661.375
91,WFAgent9,MALE_YOUNG,92,2353.0,0,0.0
91,SIAgent3,OLD_LOW_INCOME,165,4196.0,3950,0.0
91,SIAgent1,FEMALE_YOUNG_HIGH_INCOME,10,256.0,10,254.47272727272727
91,SIAgent2,FEMALE_OLD_HIGH_INCOME,16,407.0,16,407.0
91,SIAgent0,FEMALE_LOW_INCOME,172,4381.0,371,4374.012121212124
91,WFAgent14,MALE_YOUNG_LOW_INCOME,72,1836.0,1764,0.0
91,WFAgent13,MALE_YOUNG_LOW_INCOME,72,1836.0,72,1831.6800000000028
91,WFAgent12,MALE_OLD_HIGH_INCOME,31,808.0,31,791.1078431372546
91,WFAgent11,FEMALE_YOUNG_HIGH_INCOME,10,256.0,10,255.99999999999997
91,WFAgent0,FEMALE_YOUNG,88,2236.0,0,0.0
91,WFAgent10,FEMALE_OLD_LOW_INCOME,94,2401.0,94,2394.2674418604674
91,WFAgent1,FEMALE_OLD_HIGH_INCOME,16,407.0,0,0.0
91,WFAgent2,FEMALE_YOUNG_HIGH_INCOME,10,256.0,263,0.0
91,WFAgent3,MALE_OLD,102,2603.0,0,0.0
91,WFAgent4,FEMALE_OLD_HIGH_INCOME,16,407.0,16,407.0
91,WFAgent5,MALE_YOUNG_HIGH_INCOME,20,517.0,517,0.0
92,WFAgent6,MALE_OLD,102,2603.0,1537,0.0
92,WFAgent7,YOUNG_LOW_INCOME,150,3816.0,149,3790.5600000000068
92,WFAgent8,YOUNG_LOW_INCOME,150,3816.0,149,3790.5600000000068
92,WFAgent9,YOUNG_LOW_INCOME,150,3816.0,150,3815.2890909090984
92,SIAgent3,FEMALE_OLD,110,2808.0,162,2803.0545454545477
92,SIAgent1,FEMALE_YOUNG,88,2236.0,1818,686.0454545454546
92,SIAgent2,MALE_HIGH_INCOME,52,1325.0,159,1299.5192307692323
92,SIAgent0,FEMALE_OLD_LOW_INCOME,94,2401.0,94,2399.5636363636345
92,WFAgent14,OLD_LOW_INCOME,165,4196.0,0,0.0
92,WFAgent13,FEMALE_OLD,110,2808.0,2079,0.0
92,WFAgent12,OLD_HIGH_INCOME,47,1215.0,47,1197.5961538461552
92,WFAgent11,FEMALE_OLD_LOW_INCOME,94,2401.0,94,2399.5636363636345
92,WFAgent0,FEMALE_HIGH_INCOME,26,663.0,26,660.6363636363637
92,WFAgent10,MALE_OLD,102,2603.0,102,2600.0529411764714
92,WFAgent1,FEMALE_YOUNG_LOW_INCOME,78,1980.0,0,0.0
92,WFAgent2,MALE_HIGH_INCOME,52,1325.0,459,1197.5961538461552
92,WFAgent3,MALE_OLD_LOW_INCOME,70,1795.0,70,1786.3725490196068
92,WFAgent4,FEMALE_OLD_HIGH_INCOME,16,407.0,382,0.0
92,WFAgent5,MALE_OLD_LOW_INCOME,70,1795.0,70,1786.3725490196068
93,WFAgent6,FEMALE_OLD,110,2808.0,110,2798.125
93,WFAgent7,YOUNG_LOW_INCOME,150,3816.0,149,3790.5600000000068
93,WFAgent8,YOUNG_HIGH_INCOME,30,773.0,242,0.0
93,WFAgent9,MALE_OLD_LOW_INCOME,70,1795.0,70,1786.3725490196068
93,SIAgent3,FEMALE_OLD_HIGH_INCOME,16,407.0,16,407.0
93,SIAgent1,YOUNG_LOW_INCOME,150,3816.0,3453,3561.6000000000063
93,SIAgent2,MALE_OLD,102,2603.0,102,2602.9999999999986
93,SIAgent0,MALE_OLD_HIGH_INCOME,31,808.0,31,791.1078431372546
93,WFAgent14,MALE_LOW_INCOME,143,3631.0,0,0.0
93,WFAgent13,FEMALE_OLD_HIGH_INCOME,16,407.0,16,407.0
93,WFAgent12,FEMALE_OLD,110,2808.0,2396,0.0
93,WFAgent11,OLD_HIGH_INCOME,47,1215.0,724,740.0686274509801
93,WFAgent0,YOUNG_LOW_INCOME,150,3816.0,149,3790.5600000000068
93,WFAgent10,MALE_OLD,102,2603.0,1614,0.0
93,WFAgent1,MALE_HIGH_INCOME,52,1325.0,524,0.0
93,WFAgent2,FEMALE_YOUNG_LOW_INCOME,78,1980.0,0,0.0
93,WFAgent3,FEMALE_YOUNG,88,2236.0,0,0.0
93,WFAgent4,MALE_OLD,102,2603.0,102,2598.6480186480153
93,WFAgent5,FEMALE_OLD_HIGH_INCOME,16,407.0,302,407.0
94,WFAgent6,YOUNG_HIGH_INCOME,30,773.0,30,771.6666666666666
94,WFAgent7,FEMALE_HIGH_INCOME,26,663.0,110,406.5454545454547
94,WFAgent8,OLD_HIGH_INCOME,47,1215.0,0,0.0
94,WFAgent9,FEMALE_YOUNG_HIGH_INCOME,10,256.0,10,255.99999999999997
94,SIAgent3,FEMALE_YOUNG_HIGH_INCOME,10,256.0,10,255.99999999999997
94,SIAgent1,MALE_YOUNG_LOW_INCOME,72,1836.0,1815,0.0
94,SIAgent2,MALE_YOUNG,92,2353.0,92,2347.2173913043475
94,SIAgent0,FEMALE_OLD_HIGH_INCOME,16,407.0,16,407.0
94,WFAgent14,FEMALE_YOUNG,88,2236.0,991,2210.5909090909126
94,WFAgent13,FEMALE_OLD,110,2808.0,2439,0.0
94,WFAgent12,YOUNG_HIGH_INCOME,30,773.0,508,383.6413043478262
94,WFAgent11,YOUNG_HIGH_INCOME,30,773.0,30,772.9999999999997
94,WFAgent0,FEMALE_YOUNG_HIGH_INCOME,10,256.0,10,255.99999999999997
94,WFAgent10,FEMALE_HIGH_INCOME,26,663.0,26,660.6363636363637
94,WFAgent1,FEMALE_YOUNG,88,2236.0,87,2210.5909090909126
94,WFAgent2,FEMALE_OLD_HIGH_INCOME,16,407.0,16,407.0
94,WFAgent3,FEMALE_OLD_HIGH_INCOME,16,407.0,378,381.5625
94,WFAgent4,YOUNG_HIGH_INCOME,30,773.0,30,772.9999999999997
94,WFAgent5,MALE_OLD_HIGH_INCOME,31,808.0,769,0.0
95,WFAgent6,MALE_YOUNG_HIGH_INCOME,20,517.0,19,491.1500000000002
95,WFAgent7,MALE_HIGH_INCOME,52,1325.0,457,0.0
95,WFAgent8,FEMALE_YOUNG_LOW_INCOME,78,1980.0,0,0.0
95,WFAgent9,FEMALE_OLD_HIGH_INCOME,16,407.0,0,0.0
95,SIAgent3,YOUNG_HIGH_INCOME,30,773.0,30,768.1397435897438
95,SIAgent1,MALE_YOUNG_LOW_INCOME,72,1836.0,1768,0.0
95,SIAgent2,OLD_HIGH_INCOME,47,1215.0,135,1198.5
95,SIAgent0,FEMALE_HIGH_INCOME,26,663.0,571,0.0
95,WFAgent14,FEMALE_YOUNG,88,2236.0,0,0.0
95,WFAgent13,MALE_OLD,102,2603.0,1769,0.0
95,WFAgent12,MALE_YOUNG_LOW_INCOME,72,1836.0,0,0.0
95,WFAgent11,MALE_HIGH_INCOME,52,1325.0,0,0.0
95,WFAgent0,YOUNG_HIGH_INCOME,30,773.0,30,769.7999999999997
95,WFAgent10,OLD_LOW_INCOME,165,4196.0,0,0.0
95,WFAgent1,FEMALE_LOW_INCOME,172,4381.0,1969,0.0
95,WFAgent2,FEMALE_OLD,110,2808.0,110,2797.3333333333367
95,WFAgent3,FEMALE_YOUNG_LOW_INCOME,78,1980.0,0,0.0
95,WFAgent4,MALE_YOUNG_HIGH_INCOME,20,517.0,20,516.4166666666666
95,WFAgent5,OLD_LOW_INCOME,165,4196.0,2320,0.0
96,WFAgent6,MALE_YOUNG,92,2353.0,451,0.0
96,WFAgent7,FEMALE_YOUNG_HIGH_INCOME,10,256.0,10,255.99999999999997
96,WFAgent8,YOUNG_HIGH_INCOME,30,773.0,30,767.2826086956524
96,WFAgent9,FEMALE_OLD,110,2808.0,110,2798.55214940099
96,SIAgent3,OLD_HIGH_INCOME,47,1215.0,47,1208.3297872340427
96,SIAgent1,FEMALE_HIGH_INCOME,26,663.0,645,0.0
96,SIAgent2,FEMALE_LOW_INCOME,172,4381.0,172,4368.570661896239
96,SIAgent0,FEMALE_YOUNG_HIGH_INCOME,10,256.0,10,255.3
96,WFAgent14,MALE_YOUNG_LOW_INCOME,72,1836.0,1849,0.0
96,WFAgent13,MALE_HIGH_INCOME,52,1325.0,0,0.0
96,WFAgent12,FEMALE_OLD_LOW_INCOME,94,2401.0,94,2394.2674418604674
96,WFAgent11,MALE_OLD,102,2603.0,1779,0.0
96,WFAgent0,OLD_LOW_INCOME,165,4196.0,0,0.0
96,WFAgent10,FEMALE_YOUNG_HIGH_INCOME,10,256.0,10,255.99999999999997
96,WFAgent1,FEMALE_YOUNG_LOW_INCOME,78,1980.0,77,1954.615384615387
96,WFAgent2,FEMALE_YOUNG_LOW_INCOME,78,1980.0,1835,1954.615384615387
96,WFAgent3,MALE_OLD_HIGH_INCOME,31,808.0,806,439.46808510638283
96,WFAgent4,OLD_LOW_INCOME,165,4196.0,2045,0.0
96,WFAgent5,YOUNG_HIGH_INCOME,30,773.0,30,766.80602006689
97,WFAgent6,MALE_YOUNG_HIGH_INCOME,20,517.0,20,509.6153846153846
97,WFAgent7,FEMALE_YOUNG_LOW_INCOME,78,1980.0,1013,0.0
97,WFAgent8,MALE_OLD,102,2603.0,102,2593.890909090912
97,WFAgent9,MALE_OLD_LOW_INCOME,70,1795.0,70,1780.1212121212131
97,SIAgent3,MALE_HIGH_INCOME,52,1325.0,1185,611.5384615384617
97,SIAgent1,FEMALE_OLD,110,2808.0,110,2798.1696969697
97,SIAgent2,OLD_LOW_INCOME,165,4196.0,3813,2619.321212121215
97,SIAgent0,FEMALE_HIGH_INCOME,26,663.0,632,229.5
97,WFAgent14,OLD_LOW_INCOME,165,4196.0,0,0.0
97,WFAgent13,OLD_HIGH_INCOME,47,1215.0,47,1199.4215686274504
97,WFAgent12,FEMALE_YOUNG_HIGH_INCOME,10,256.0,10,255.0
97,WFAgent11,MALE_YOUNG_LOW_INCOME,72,1836.0,72,1836.0
97,WFAgent0,MALE_YOUNG_LOW_INCOME,72,1836.0,1790,1479.0
97,WFAgent10,MALE_YOUNG_LOW_INCOME,72,1836.0,72,1836.0
97,WFAgent1,FEMALE_HIGH_INCOME,26,663.0,0,0.0
97,WFAgent2,FEMALE_YOUNG_LOW_INCOME,78,1980.0,1017,0.0
97,WFAgent3,FEMALE_YOUNG,88,2236.0,0,0.0
97,WFAgent4,OLD_HIGH_INCOME,47,1215.0,47,1199.1885369532426
97,WFAgent5,MALE_HIGH_INCOME,52,1325.0,0,0.0
98,WFAgent6,MALE_OLD_HIGH_INCOME,31,808.0,792,755.870967741936
98,WFAgent7,FEMALE_OLD_HIGH_INCOME,16,407.0,16,407.0
98,WFAgent8,FEMALE_YOUNG,88,2236.0,0,0.0
98,WFAgent9,FEMALE_LOW_INCOME,172,4381.0,0,0.0
98,SIAgent3,FEMALE_OLD_LOW_INCOME,94,2401.0,2450,0.0
98,SIAgent1,FEMALE_OLD_HIGH_INCOME,16,407.0,16,407.0
98,SIAgent2,FEMALE_YOUNG_LOW_INCOME,78,1980.0,1940,0.0
98,SIAgent0,MALE_YOUNG_LOW_INCOME,72,1836.0,1855,0.0
98,WFAgent14,MALE_YOUNG,92,2353.0,0,0.0
98,WFAgent13,FEMALE_YOUNG,88,2236.0,249,0.0
98,WFAgent12,FEMALE_OLD_HIGH_INCOME,16,407.0,171,305.25
98,WFAgent11,FEMALE_OLD,110,2808.0,110,2807.9999999999977
98,WFAgent0,MALE_YOUNG_LOW_INCOME,72,1836.0,0,0.0
98,WFAgent10,MALE_OLD_LOW_INCOME,70,1795.0,1775,0.0
98,WFAgent1,MALE_YOUNG_HIGH_INCOME,20,517.0,20,511.5217391304349
98,WFAgent2,MALE_YOUNG,92,2353.0,446,767.2826086956524
98,WFAgent3,FEMALE_OLD,110,2808.0,110,2805.75568181818
98,WFAgent4,MALE_OLD_HIGH_INCOME,31,808.0,30,781.9354838709684
98,WFAgent5,MALE_YOUNG_HIGH_INCOME,20,517.0,20,511.5217391304349
99,WFAgent6,MALE_OLD,102,2603.0,0,0.0
99,WFAgent7,FEMALE_LOW_INCOME,172,4381.0,0,0.0
99,WFAgent8,MALE_OLD,102,2603.0,1634,0.0
99,WFAgent9,YOUNG_LOW_INCOME,150,3816.0,150,3807.692307692301
99,SIAgent3,FEMALE_YOUNG_LOW_INCOME,78,1980.0,77,1954.615384615387
99,SIAgent1,FEMALE_OLD_HIGH_INCOME,16,407.0,16,407.0
99,SIAgent2,MALE_YOUNG,92,2353.0,2283,1969.3586956521744
99,SIAgent0,MALE_OLD_LOW_INCOME,70,1795.0,70,1786.3725490196068
99,WFAgent14,MALE_YOUNG,92,2353.0,92,2352.999999999998
99,WFAgent13,FEMALE_YOUNG_LOW_INCOME,78,1980.0,77,1954.615384615387
99,WFAgent12,MALE_OLD_HIGH_INCOME,31,808.0,859,0.0
99,WFAgent11,FEMALE_OLD,110,2808.0,2215,0.0
99,WFAgent0,MALE_LOW_INCOME,143,3631.0,0,0.0
99,WFAgent10,YOUNG_HIGH_INCOME,30,773.0,237,0.0
99,WFAgent1,FEMALE_OLD_HIGH_INCOME,16,407.0,417,381.5625
99,WFAgent2,YOUNG_LOW_INCOME,150,3816.0,1685,3756.9230769230703
99,WFAgent3,FEMALE_HIGH_INCOME,26,663.0,0,0.0
99,WFAgent4,FEMALE_OLD_LOW_INCOME,94,2401.0,94,2394.2674418604674
99,WFAgent5,FEMALE_OLD_LOW_INCOME,94,2401.0,94,2399.5636363636345

